iteration,env_steps,ep_return,ep_length,success_rate,success_rate_rolling,entropy,policy_loss,value_loss,approx_kl,grad_norm,clipfrac,explained_variance,value_mean,value_std,return_mean,return_std,epochs_used,lr,n_episodes,sps,tx_per_agent_step,messages_per_agent_step,timeout_rate_rolling,root_report_close_rolling,root_report_close_n,human_death_rate,false_complete_rate,cover_under_threat,objective_dist_under_threat,comp_time,comp_compliance,comp_report,comp_command,comp_combat,comp_terminal
1,1024,nan,nan,0.0,0.0,2.047681,-0.010058,0.501419,0.007384,1.939197,0.078265,-0.042082,1.172559,0.227914,0.469745,0.796185,4.0,0.0003,0,551,0.12054,0.16992,0.0,nan,0,0.0,0.0,,,-0.01,0.00265,-0.00286,-0.02943,0.0,0.0
2,2048,nan,nan,0.0,0.0,1.815495,-0.005481,0.179551,0.004337,0.624225,0.073591,0.505057,0.346701,0.451837,-0.07747,0.750049,4.0,0.0002999,0,604,0.03208,0.0462,0.0,nan,0,0.0,0.0,,,-0.01,0.00119,-0.00049,-0.01543,-0.00226,0.0
3,3072,nan,nan,0.0,0.0,1.386656,-0.004479,0.120631,0.003445,0.678633,0.056676,0.643555,0.15431,0.534242,-0.136886,0.701259,4.0,0.0002998,0,669,0.0303,0.04794,0.0,nan,0,0.0,0.0,,,-0.01,0.00304,-0.00049,-0.00961,-0.00875,0.0
4,4096,-12.19523,443.5,0.0,0.0,1.429252,-0.004289,0.245546,0.003491,0.749089,0.035575,0.609378,-0.108003,0.67716,-0.520023,1.106169,4.0,0.00029969,8,636,0.08477,0.12821,0.75,nan,0,0.625,1.0,,,-0.01,0.00373,-0.00114,-0.0233,-0.00561,-0.00536
5,5120,nan,nan,0.0,0.0,1.500625,-0.004369,0.184316,0.004952,0.508904,0.059849,0.639514,-0.735191,0.885842,-1.198826,1.187912,4.0,0.00029959,0,631,0.02127,0.03969,0.75,nan,0,0.0,0.0,,,-0.01,0.0017,-0.00027,-0.01667,-0.01211,0.0
6,6144,-8.86423,234.8,0.0,0.0,1.080137,-0.004392,0.158279,0.002462,0.5885,0.028146,0.745768,-0.752469,1.034418,-1.134181,1.366662,4.0,0.00029949,5,706,0.0569,0.09548,0.46154,nan,0,1.0,1.0,,,-0.01,0.00638,-0.00116,-0.02127,-0.01281,-0.01667
7,7168,-8.77064,264.33333,0.0,0.0,1.333337,-0.004328,0.135281,0.005622,0.635608,0.096331,0.75054,-1.349213,1.216662,-1.778963,1.397503,4.0,0.00029939,6,642,0.06057,0.09774,0.31579,nan,0,1.0,1.0,,,-0.01,0.00825,-0.00016,-0.02045,-0.01206,-0.01585
8,8192,-6.90329,167.875,0.0,0.0,1.240298,-0.004471,0.103752,0.004801,0.459649,0.077776,0.769386,-1.775662,1.196923,-2.153833,1.377971,4.0,0.00029928,8,654,0.05134,0.08862,0.22222,nan,0,1.0,1.0,,,-0.01,0.00641,-0.0008,-0.01684,-0.01757,-0.02186
9,9216,-6.877,158.42857,0.0,0.0,1.428785,-0.00467,0.076627,0.004836,0.376366,0.062605,0.813859,-2.327305,1.304085,-2.661684,1.438356,4.0,0.00029918,7,612,0.07592,0.12856,0.17647,nan,0,1.0,1.0,,,-0.01,0.00721,-0.00069,-0.01782,-0.01534,-0.01703
10,10240,-6.24114,140.0,0.0,0.0,1.350213,-0.002494,0.060329,0.002616,0.259883,0.01709,0.830234,-2.700932,1.217522,-2.99917,1.505729,4.0,0.00029908,4,613,0.04788,0.07634,0.15789,nan,0,1.0,1.0,,,-0.01,0.00576,-0.00047,-0.02056,-0.01027,-0.00972
11,11264,29.68382,168.0,0.5,0.025,0.812801,-0.001141,3.640282,0.001916,2.103674,0.016706,0.00035,-2.395082,1.072491,-1.059579,7.122155,4.0,0.00029898,2,771,0.03355,0.0671,0.15,0.0,1,0.5,0.0,,,-0.01,0.00678,-0.00083,-0.01387,-0.00892,0.13366
12,12288,-6.72125,358.5,0.0,0.02381,0.871912,-0.005822,0.042438,0.002713,0.342479,0.036482,0.807479,-1.863639,1.552953,-2.011745,1.734989,4.0,0.00029887,2,783,0.09515,0.14092,0.14286,0.0,1,1.0,1.0,,,-0.01,0.00634,-0.00174,-0.02435,-0.00424,-0.00777
13,13312,6.92073,317.4,0.2,0.04255,1.0114,-0.000314,2.24735,0.001512,1.082464,0.013811,0.093314,-2.082469,1.683611,-0.990527,7.291006,4.0,0.00029877,5,740,0.09038,0.13822,0.17021,0.0,2,0.6,1.0,,,-0.01,0.00744,-0.00041,-0.02271,-0.00161,0.11055
14,14336,-5.66831,257.66667,0.0,0.04,0.975546,-0.004123,0.061485,0.002338,0.308724,0.018799,0.831584,0.032418,2.72496,-0.049498,2.823765,4.0,0.00029867,3,748,0.06336,0.09714,0.18,0.0,2,1.0,0.0,,,-0.01,0.00479,-0.00012,-0.0165,-0.00695,-0.0069
15,15360,-5.2197,450.0,0.0,0.03846,0.874806,-0.00526,0.031401,0.002555,0.354832,0.034145,0.90453,0.309754,2.747231,0.204151,2.787552,4.0,0.00029857,2,808,0.0614,0.09209,0.21154,0.0,2,1.0,0.83333,,,-0.01,0.00511,-0.0009,-0.01463,-0.00349,0.0
16,16384,20.82858,373.8,0.4,0.07018,1.004825,-0.001749,2.147277,0.003114,1.300431,0.046073,0.184816,-0.30714,2.565547,1.88447,9.431796,4.0,0.00029846,5,744,0.0525,0.08525,0.22807,0.0,4,0.6,1.0,,,-0.01,0.00621,-0.00049,-0.01555,-0.00252,0.20645
17,17408,-4.1821,180.0,0.0,0.0678,1.260924,-0.003605,0.099351,0.00292,0.433685,0.031982,0.746486,1.608301,3.912286,1.633489,3.678007,4.0,0.00029836,2,660,0.04435,0.07192,0.22034,0.0,4,1.0,1.0,,,-0.01,0.0056,-0.0,-0.01575,-0.00209,-0.00495
18,18432,20.5098,278.6,0.4,0.09375,1.247966,-0.002312,1.743045,0.004315,0.854619,0.034598,0.173895,1.003845,3.9306,2.940483,9.659698,4.0,0.00029826,5,650,0.04954,0.08239,0.21875,0.0,6,0.8,0.8,,,-0.01,0.00545,-7e-05,-0.01792,-0.00167,0.16303
19,19456,-6.32156,192.0,0.0,0.09091,0.993377,-0.004764,0.086871,0.004126,0.720748,0.07115,0.801006,3.957848,4.235487,3.73496,4.031196,4.0,0.00029816,2,743,0.049,0.07945,0.21212,0.0,6,1.0,1.0,,,-0.01,0.00172,-0.00039,-0.0098,-0.00499,-0.00618
20,20480,-4.06152,450.0,0.0,0.08696,1.029213,-0.005368,0.032105,0.00443,0.538866,0.075718,0.917405,3.603541,4.687135,3.8529,4.465966,4.0,0.00029805,3,707,0.05936,0.09392,0.24638,0.0,6,0.33333,1.0,,,-0.01,0.00322,-0.00013,-0.01033,-0.00022,0.0
21,21504,9.93257,364.0,0.25,0.09589,1.25934,-0.000925,0.494533,0.004376,0.402561,0.072126,0.382032,3.581368,3.931488,4.351852,6.325368,4.0,0.00029795,4,648,0.07508,0.11896,0.26027,0.0,7,0.5,1.0,,,-0.01,0.00791,0.00015,-0.00682,-0.00228,0.07786
22,22528,nan,nan,0.0,0.09589,0.942541,-0.004528,0.020792,0.00489,0.543539,0.072824,0.906067,7.36972,3.94471,7.70003,3.538995,4.0,0.00029785,0,746,0.04235,0.06851,0.26027,0.0,7,0.0,0.0,,,-0.01,0.00479,-0.00023,-0.00281,0.00104,0.0
23,23552,19.02356,387.66667,0.33333,0.10526,0.86066,-0.00078,0.500301,0.000928,0.31062,0.003034,0.242357,8.745398,3.52548,9.727705,6.574043,4.0,0.00029775,3,819,0.09116,0.13361,0.27632,0.0,8,0.33333,1.0,,,-0.01,0.00287,-0.00015,-0.01155,-0.00248,0.12692
24,24576,11.65375,450.0,0.25,0.1125,1.115658,-0.002067,0.348291,0.003208,0.461369,0.041434,0.387834,7.636327,4.173623,8.996976,6.378977,4.0,0.00029764,4,696,0.07839,0.12462,0.3,0.0,9,0.25,0.66667,,,-0.01,0.00686,-0.00031,-0.00998,-0.00221,0.08494
25,25600,25.88048,219.57143,0.42857,0.13793,1.10666,-0.002064,1.042129,0.001919,0.908553,0.014718,0.271803,8.074404,4.294917,10.901979,11.294387,4.0,0.00029754,7,690,0.07193,0.12225,0.28736,0.0,12,0.57143,0.6,,,-0.01,0.00741,-0.00027,-0.01477,-0.00409,0.29121
26,26624,-7.49922,206.0,0.0,0.13333,1.113687,-0.00338,0.145246,0.004641,0.414832,0.037912,0.474346,9.985059,5.079816,9.796046,5.003078,4.0,0.00029744,3,638,0.05648,0.09433,0.27778,0.0,12,1.0,0.0,,,-0.01,0.00649,9e-05,-0.01668,-0.00991,-0.00807
27,27648,25.57713,173.85714,0.42857,0.15464,1.098701,-0.001495,0.627177,0.002273,0.425824,0.016881,0.337352,10.480209,4.729511,12.261682,9.934055,4.0,0.00029734,7,650,0.0612,0.09406,0.25773,0.0,15,0.71429,1.0,,,-0.01,0.00877,-9e-05,-0.01455,0.00151,0.27479
28,28672,54.87222,188.16667,0.83333,0.2,1.144866,-0.002789,0.763293,0.003287,1.191455,0.047084,0.39226,14.222507,6.65045,18.180555,12.72073,4.0,0.00029724,6,588,0.06662,0.10252,0.24,0.0,20,0.33333,1.0,,,-0.01,0.00728,-0.00024,-0.01561,-0.00165,0.44305
29,29696,68.89152,140.0,1.0,0.23,1.04498,-0.001288,0.350844,0.00249,0.330487,0.00994,0.539947,20.350504,9.490164,23.421679,11.593107,4.0,0.00029713,3,676,0.07825,0.11648,0.21,0.0,23,0.0,0.0,,,-0.01,0.00842,-0.00055,-0.01044,-0.00069,0.29881
30,30720,65.35304,222.33333,1.0,0.26,0.982035,-0.003227,0.204831,0.003875,0.551838,0.051304,0.584756,25.944546,7.856067,27.688372,9.794298,4.0,0.00029703,3,738,0.06575,0.09983,0.19,0.0,26,0.33333,1.0,,,-0.01,0.00409,-0.00048,-0.0147,0.00097,0.31188
31,31744,-4.10331,450.0,0.0,0.26,0.912256,-0.007115,0.037783,0.004984,0.896456,0.089321,0.860119,30.047125,7.289702,29.924641,6.611783,4.0,0.00029693,2,777,0.06802,0.11531,0.21,0.0,26,0.5,1.0,,,-0.01,0.00385,-0.00064,-0.01735,-0.0001,0.0
32,32768,-4.8182,450.0,0.0,0.26,1.035408,-0.005809,0.026509,0.004584,0.727539,0.05828,0.866801,31.06069,7.581637,31.265265,6.602667,4.0,0.00029683,3,656,0.06145,0.0979,0.24,0.0,26,0.33333,0.93333,,,-0.01,0.00574,-0.00021,-0.01198,0.00217,0.0
33,33792,19.21308,342.33333,0.33333,0.27,0.943574,-0.003153,0.063979,0.003437,0.422167,0.038609,0.629655,29.827837,6.675719,30.401991,7.221779,4.0,0.00029672,3,569,0.06485,0.09036,0.26,0.0,27,0.33333,1.0,,,-0.01,0.00536,-0.00045,-0.01202,-0.00021,0.10769
34,34816,-4.96277,361.66667,0.0,0.27,1.016334,-0.002441,0.045766,0.003697,0.525269,0.037354,0.573289,29.601803,5.551609,29.019032,5.744754,4.0,0.00029662,3,626,0.06583,0.10582,0.28,0.0,27,1.0,0.85714,,,-0.01,0.00491,0.00018,-0.01241,-0.00193,-0.00283
35,35840,39.2527,341.66667,0.66667,0.29,0.951371,-0.002399,0.069131,0.002547,0.198312,0.030971,0.428849,28.650747,4.484384,29.820602,6.593092,4.0,0.00029652,3,656,0.05855,0.09321,0.29,0.0,29,0.66667,0.66667,,,-0.01,0.0046,-0.00058,-0.01017,0.00218,0.19477
36,36864,28.7781,360.0,0.5,0.3,0.859253,-0.00358,0.032016,0.002926,0.321336,0.026193,0.644498,31.450581,4.468119,31.660099,5.699378,4.0,0.00029642,2,726,0.06437,0.10025,0.3,0.0,30,0.5,1.0,,,-0.01,0.00327,-0.00037,-0.00999,-0.00291,0.1142
37,37888,52.18152,299.0,0.83333,0.35,1.078481,-0.002505,0.11808,0.002845,0.404919,0.028181,0.499244,27.365158,5.704548,30.168474,10.179585,4.0,0.00029631,6,599,0.09346,0.13341,0.31,0.0,35,0.66667,0.85714,,,-0.01,0.00324,-0.0014,-0.0236,-0.00196,0.42035
38,38912,37.82649,213.4,0.6,0.38,0.87885,-0.002314,0.103966,0.001921,0.226834,0.018241,0.612681,31.706173,8.231584,33.167656,10.963049,4.0,0.00029621,5,588,0.13841,0.19377,0.32,0.0,38,0.6,1.0,,,-0.01,0.00383,-0.00167,-0.0197,0.00119,0.31548
39,39936,70.79807,99.2,1.0,0.42,0.96077,-0.004388,0.083237,0.004639,0.456605,0.046875,0.692928,31.737875,8.944581,34.994923,11.932198,4.0,0.00029611,5,618,0.15207,0.2216,0.32,0.0,43,0.2,1.0,,,-0.01,0.00541,-0.00288,-0.02569,0.00289,0.50556
40,40960,35.83913,246.28571,0.57143,0.45,0.852661,-0.003413,0.069164,0.002873,0.319549,0.022356,0.714451,36.917793,10.450908,39.952431,11.330766,4.0,0.00029601,7,677,0.08542,0.13149,0.33,0.0,47,0.28571,0.89474,,,-0.01,0.00538,-0.00143,-0.02096,0.00643,0.4377
41,41984,70.71586,94.42857,1.0,0.5,0.968772,-0.003939,0.056494,0.002932,0.31328,0.038051,0.692999,43.493084,9.354597,47.348503,10.352162,4.0,0.0002959,7,608,0.04571,0.07446,0.3,0.0,54,0.14286,0.75,,,-0.01,0.00597,-0.00012,-0.02031,0.00792,0.65248
42,43008,48.21438,164.4,0.7,0.55,1.00726,-0.001864,0.086833,0.002039,0.199205,0.020647,0.568265,47.676506,9.28905,50.138271,11.436163,4.0,0.0002958,10,549,0.05825,0.09265,0.29,0.0,61,0.4,1.0,,,-0.01,0.00682,-0.00037,-0.01482,0.00481,0.64203
43,44032,56.11982,138.83333,0.83333,0.59,1.094449,-0.002774,0.067006,0.003933,0.357693,0.02131,0.606404,51.622746,9.223529,52.753746,10.837776,4.0,0.0002957,6,609,0.04228,0.06762,0.26,0.0,66,0.5,1.0,,,-0.01,0.00593,6e-05,-0.01748,0.00373,0.4039
44,45056,71.61398,88.33333,1.0,0.62,0.913846,-0.003489,0.033775,0.004332,0.45381,0.052351,0.774688,53.737221,10.453623,53.725933,10.206869,4.0,0.0002956,3,651,0.04557,0.08059,0.23,0.0,69,0.33333,0.0,,,-0.01,0.00594,-0.00021,-0.01436,-0.00146,0.32101
45,46080,41.38327,178.75,0.625,0.65,1.034695,-0.002001,0.049679,0.001978,0.355047,0.013463,0.598154,54.893894,8.484693,55.370266,9.813382,4.0,0.00029549,8,630,0.04942,0.07993,0.19,0.0,74,0.5,0.83333,,,-0.01,0.00732,-0.0002,-0.01864,0.00016,0.45824
46,47104,66.95837,158.6,1.0,0.67,0.882371,-0.00314,0.018854,0.001656,0.218998,0.016602,0.730807,53.783428,7.703628,54.873314,7.992515,4.0,0.00029539,5,677,0.04362,0.07188,0.19,0.0,79,0.4,0.66667,,,-0.01,0.00574,-2e-05,-0.01876,0.00953,0.50255
47,48128,50.89484,151.36364,0.72727,0.71,0.907279,-0.002875,0.053231,0.00219,0.276566,0.015555,0.475017,53.760918,5.754106,54.184566,9.475319,4.0,0.00029529,11,603,0.04097,0.06848,0.21,0.0,87,0.09091,1.0,,,-0.01,0.00669,-4e-05,-0.01856,0.00156,0.74742
48,49152,70.70885,111.25,1.0,0.73,1.020206,-0.002023,0.019761,0.001253,0.263502,0.015032,0.484022,55.896889,5.458123,58.936001,6.433813,4.0,0.00029519,12,525,0.04979,0.08494,0.2,0.0,99,0.41667,0.8,,,-0.01,0.0095,0.00014,-0.01617,0.01066,0.95787
49,50176,71.33449,86.2,1.0,0.82,0.994306,-0.003012,0.01188,0.002568,0.174877,0.016636,0.722209,57.717621,6.49537,59.882149,6.637962,4.0,0.00029508,10,578,0.05288,0.08545,0.12,0.0,100,0.1,1.0,,,-0.01,0.00854,-0.00015,-0.02191,0.00522,0.85225
50,51200,71.01162,111.0,1.0,0.85,0.965831,-0.000892,0.008983,0.00692,0.536927,0.134407,0.728041,60.096069,5.78183,61.770451,5.843671,2.0,0.00029498,8,562,0.04153,0.06911,0.09,0.0,100,0.25,1.0,,,-0.01,0.00923,-0.00014,-0.01731,0.00848,0.6514
51,52224,64.24865,94.81818,0.90909,0.86,0.894735,-0.001592,0.022097,0.001102,0.181341,0.010254,0.554716,61.952122,6.564563,62.984577,7.484972,4.0,0.00029488,11,544,0.05482,0.08717,0.08,0.0,100,0.18182,1.0,,,-0.01,0.00599,-0.00049,-0.02215,0.00542,0.90532
52,53248,51.3181,130.625,0.75,0.86,0.944038,-0.000942,0.054632,0.00486,0.465405,0.064976,0.496299,63.79932,6.360069,62.262348,11.714574,4.0,0.00029478,8,558,0.05252,0.08344,0.06,0.0,100,0.375,1.0,,,-0.01,0.0066,0.00018,-0.02058,0.00633,0.54681
53,54272,58.61187,93.16667,0.83333,0.86,1.15927,-0.002562,0.04154,0.003387,0.410779,0.036272,0.400628,65.683922,6.127846,64.114105,9.048984,4.0,0.00029468,6,575,0.08694,0.13175,0.05,0.0,100,0.16667,0.0,,,-0.01,0.00427,-0.00015,-0.02009,0.00278,0.42059
54,55296,24.74677,367.5,0.5,0.85,1.129748,-0.005077,0.007963,0.003455,0.401713,0.042306,0.735253,62.786472,5.932451,61.49707,5.475699,4.0,0.00029457,2,616,0.11692,0.17576,0.06,0.0,100,0.0,0.92308,,,-0.01,0.00459,-0.00047,-0.01883,-0.00013,0.0893
55,56320,49.56375,219.6,0.8,0.85,1.085833,-0.002944,0.027991,0.003668,0.381324,0.035121,0.625207,59.94384,7.128309,58.222095,9.704916,4.0,0.00029447,5,622,0.09228,0.13888,0.05,0.0,100,0.2,0.90909,,,-0.01,0.00554,-0.00013,-0.0186,0.00104,0.34379
56,57344,62.69641,246.5,1.0,0.87,1.062052,-0.005443,0.015199,0.004332,0.302216,0.062849,0.656042,56.333824,7.73235,55.433964,7.541542,4.0,0.00029437,4,637,0.08038,0.12648,0.04,0.0,100,0.0,0.9,,,-0.01,0.0034,-0.00038,-0.01707,0.00128,0.35818
57,58368,46.84889,268.75,0.75,0.86,0.979992,-0.005253,0.00602,0.005133,0.285716,0.077009,0.832968,53.564491,6.940082,52.857769,6.886122,4.0,0.00029427,4,672,0.10058,0.15107,0.05,0.0,100,0.5,1.0,,,-0.01,0.0041,-0.0011,-0.02234,0.00249,0.29628
58,59392,63.63296,246.0,1.0,0.87,0.950861,-0.004214,0.004561,0.003578,0.242971,0.037981,0.893568,52.258457,6.937265,51.560932,7.39638,4.0,0.00029416,3,661,0.12899,0.18608,0.05,0.0,100,0.0,1.0,,,-0.01,0.00264,-0.00045,-0.01382,0.00034,0.29406
59,60416,18.38641,379.0,0.33333,0.85,0.940055,-0.005103,0.005303,0.003917,0.237451,0.040353,0.829873,50.282524,5.918836,49.417534,6.245961,4.0,0.00029406,3,578,0.11731,0.16393,0.07,0.0,100,0.66667,0.0,,,-0.01,0.00354,-0.00115,-0.01683,0.00196,0.09028
60,61440,26.04835,282.75,0.5,0.85,0.965175,-0.003526,0.020963,0.003112,0.26029,0.033726,0.630375,50.407383,6.018196,49.166523,8.589408,4.0,0.00029396,4,529,0.10605,0.1492,0.08,0.0,100,0.5,0.88235,,,-0.01,0.00447,-0.00012,-0.017,-0.00038,0.18556
61,62464,33.57153,304.4,0.6,0.84,1.184234,-0.002765,0.028369,0.002792,0.256098,0.02839,0.372378,50.719788,5.169509,49.67551,7.717489,4.0,0.00029386,5,588,0.0895,0.13777,0.08,0.0,100,0.4,1.0,,,-0.01,0.0054,0.00018,-0.01418,-0.00078,0.23777
62,63488,65.04664,235.75,1.0,0.84,1.202306,-0.0074,0.012493,0.007309,0.29419,0.116525,0.574554,50.053097,5.232444,49.971783,6.255268,4.0,0.00029375,4,630,0.05941,0.09377,0.08,0.0,100,0.0,0.5,,,-0.01,0.00551,0.00015,-0.01242,0.0008,0.3201
63,64512,48.03107,228.75,0.75,0.84,0.845738,-0.001889,0.029811,0.002757,0.179392,0.026053,0.335732,48.384335,5.519588,47.916992,7.777903,4.0,0.00029365,4,690,0.05389,0.08541,0.07,0.0,100,0.5,1.0,,,-0.01,0.00523,0.00012,-0.01249,-0.00122,0.32482
64,65536,64.49128,236.2,1.0,0.85,0.986078,-0.003016,0.015119,0.004191,0.195095,0.038051,0.497685,49.900398,5.235857,50.544426,6.556569,4.0,0.00029355,5,628,0.05332,0.08434,0.06,0.0,100,0.2,1.0,,,-0.01,0.00755,-0.00032,-0.01313,0.00156,0.45821
65,66560,61.10964,142.88889,0.88889,0.85,1.065495,-0.002373,0.023151,0.001697,0.263441,0.02267,0.624435,47.990486,5.599951,49.819756,9.162666,4.0,0.00029345,9,565,0.06332,0.09849,0.06,0.0,100,0.11111,1.0,,,-0.01,0.0066,-0.0001,-0.01683,0.00632,0.67466
66,67584,48.28508,123.14286,0.71429,0.83,1.00575,-0.001429,0.054055,0.003371,0.212918,0.013288,0.362143,50.507881,6.457982,49.747498,10.500025,4.0,0.00029334,7,557,0.07395,0.12016,0.06,0.0,100,0.42857,1.0,,,-0.01,0.00747,-0.00034,-0.01709,-0.00142,0.47502
67,68608,53.82415,108.22222,0.77778,0.81,0.926141,-0.001874,0.052427,0.002666,0.167602,0.01409,0.529513,49.078194,7.804183,49.265591,12.280293,4.0,0.00029324,9,528,0.06048,0.10108,0.06,0.0,100,0.44444,1.0,,,-0.01,0.00993,-0.00014,-0.01379,-0.00114,0.70663
68,69632,69.8757,127.55556,1.0,0.81,1.020993,-0.003066,0.024766,0.005837,0.400521,0.050746,0.57955,48.6539,6.96434,51.725491,8.602365,4.0,0.00029314,9,499,0.06422,0.10089,0.06,0.0,100,0.33333,1.0,,,-0.01,0.0116,0.00019,-0.01373,0.00462,0.80185
69,70656,52.1615,150.875,0.75,0.8,0.984755,-0.003117,0.03366,0.004688,0.332594,0.04963,0.587614,51.86628,7.342812,53.662281,10.133935,4.0,0.00029304,8,528,0.0525,0.08369,0.07,0.0,100,0.375,1.0,,,-0.01,0.00841,4e-05,-0.0139,0.00573,0.52788
70,71680,64.86564,95.63636,0.90909,0.81,1.12618,-0.003085,0.037364,0.005206,0.264432,0.050781,0.533629,54.375061,7.344252,56.392483,10.164168,4.0,0.00029293,11,505,0.05205,0.08466,0.07,0.0,100,0.18182,1.0,,,-0.01,0.01003,-3e-05,-0.01847,0.00494,0.77062
71,72704,70.72159,96.1,1.0,0.83,1.060097,-0.002701,0.013562,0.002193,0.294722,0.020682,0.710057,56.508602,7.619574,59.049126,7.709095,4.0,0.00029283,10,495,0.04275,0.07782,0.06,0.0,100,0.2,1.0,,,-0.01,0.01057,-5e-05,-0.01779,0.00416,0.80925
72,73728,71.06564,103.375,1.0,0.85,0.944677,-0.002687,0.008262,0.001655,0.218597,0.014404,0.716596,61.520081,7.626298,63.313164,6.56462,4.0,0.00029273,8,524,0.04288,0.07617,0.05,0.0,100,0.25,1.0,,,-0.01,0.00786,7e-05,-0.01783,0.00669,0.75784
73,74752,63.89768,90.4,0.9,0.88,0.979,-0.0013,0.034015,0.002949,0.16041,0.016602,0.455321,63.128223,6.818379,62.922264,9.213206,4.0,0.00029263,10,468,0.04445,0.07762,0.02,0.0,100,0.2,1.0,,,-0.01,0.01111,-0.00048,-0.01742,0.00435,0.80129
74,75776,69.09244,144.66667,1.0,0.9,0.940561,-0.003726,0.006805,0.003992,0.220141,0.042864,0.639926,63.836124,5.547743,64.275978,5.076712,4.0,0.00029252,6,521,0.04288,0.07316,0.01,0.0,100,0.5,1.0,,,-0.01,0.0076,0.00034,-0.01672,0.00595,0.55751
75,76800,58.59816,164.0,0.83333,0.89,0.876596,-0.002472,0.008451,0.002762,0.204947,0.023089,0.71314,63.823627,6.638987,63.602146,6.444342,4.0,0.00029242,6,641,0.05632,0.09015,0.02,0.0,100,0.5,1.0,,,-0.01,0.00762,-6e-05,-0.01844,-0.00094,0.53842
76,77824,39.02698,153.0,0.6,0.88,0.974298,-0.001168,0.050373,0.001808,0.332807,0.012556,0.397954,63.937511,5.472885,61.55859,10.699649,4.0,0.00029232,5,642,0.06855,0.10263,0.02,0.0,100,0.4,1.0,,,-0.01,0.00861,-0.00043,-0.01352,0.00368,0.28304
77,78848,49.63591,194.28571,0.71429,0.87,0.942972,-0.002979,0.007396,0.003012,0.175164,0.035331,0.693604,60.610744,5.621792,60.830051,5.706303,4.0,0.00029222,7,656,0.08949,0.13075,0.04,0.0,100,0.14286,0.64706,,,-0.01,0.00728,-0.00072,-0.01686,0.00589,0.51964
78,79872,45.79098,203.33333,0.66667,0.86,0.919437,-0.004933,0.005702,0.004119,0.22358,0.04405,0.745844,60.036327,5.459191,59.630947,5.642212,4.0,0.00029212,3,666,0.11622,0.16384,0.05,0.0,100,0.66667,1.0,,,-0.01,0.00676,-0.00299,-0.02094,0.00416,0.21555
79,80896,68.38452,145.33333,1.0,0.88,0.937644,-0.004073,0.006827,0.003481,0.182706,0.035505,0.73497,59.569424,5.299569,59.569458,6.020954,4.0,0.00029201,6,631,0.12133,0.16905,0.05,0.0,100,0.0,0.95,,,-0.01,0.00836,-0.00299,-0.01858,0.00537,0.60427
80,81920,49.98108,206.42857,0.71429,0.87,0.939593,-0.002315,0.007501,0.003317,0.175298,0.026786,0.7389,59.339684,5.820529,59.359402,6.374094,4.0,0.00029191,7,590,0.11519,0.17258,0.07,0.0,100,0.42857,0.75,,,-0.01,0.00798,-0.00267,-0.01555,0.00122,0.49543
81,82944,36.46379,168.11111,0.55556,0.84,0.920275,-0.002037,0.053126,0.003372,0.289963,0.027414,0.351352,58.972557,5.221407,57.3908,10.671808,4.0,0.00029181,9,582,0.07508,0.11309,0.09,0.0,100,0.55556,0.98333,,,-0.01,0.0085,-0.00106,-0.017,0.00425,0.46986
82,83968,71.07472,114.5,1.0,0.85,0.899717,-0.002886,0.01298,0.00316,0.204898,0.028111,0.701954,57.021244,6.667247,57.49128,7.811124,4.0,0.00029171,8,623,0.07224,0.11815,0.09,0.0,100,0.125,1.0,,,-0.01,0.00985,-0.00065,-0.01689,0.00345,0.77642
83,84992,55.69471,117.8,0.8,0.85,0.727285,-0.001808,0.027376,0.002196,0.165495,0.027972,0.653779,54.819286,7.834853,54.090458,10.503404,4.0,0.0002916,5,688,0.06178,0.10171,0.08,0.0,100,0.4,0.5,,,-0.01,0.00761,-0.00063,-0.02082,-0.0021,0.50364
84,86016,45.74959,170.44444,0.66667,0.83,0.815099,-0.001454,0.016919,0.00274,0.142083,0.025391,0.70151,56.034451,7.470746,56.360237,8.80031,4.0,0.0002915,9,630,0.06108,0.08937,0.1,0.0,100,0.22222,1.0,,,-0.01,0.00955,-0.00019,-0.01868,0.0023,0.64779
85,87040,57.46331,119.90909,0.81818,0.81,1.020275,-0.001816,0.031501,0.005852,0.164324,0.052804,0.559866,58.052715,6.245733,58.560879,10.038228,4.0,0.0002914,11,579,0.04321,0.07378,0.11,0.0,100,0.36364,1.0,,,-0.01,0.00908,0.00013,-0.02169,0.00885,0.74743
86,88064,71.46358,95.88889,1.0,0.81,1.110634,-0.003471,0.008357,0.004594,0.232852,0.034075,0.601436,61.15163,5.5713,62.447552,5.452667,4.0,0.0002913,9,581,0.05843,0.09044,0.11,0.0,100,0.11111,1.0,,,-0.01,0.00909,-0.00023,-0.02223,0.00889,0.70689
87,89088,62.60542,90.88889,0.88889,0.81,1.037378,-0.001383,0.033636,0.002539,0.1571,0.030064,0.356942,61.646168,5.549197,61.894512,8.505761,4.0,0.00029119,9,585,0.05673,0.09742,0.11,0.0,100,0.22222,1.0,,,-0.01,0.00973,0.00017,-0.01922,0.00578,0.68117
88,90112,65.04824,129.5,0.91667,0.81,1.116747,-0.003188,0.007145,0.004797,0.21165,0.050921,0.588766,61.99234,5.093868,63.228401,4.933996,4.0,0.00029109,12,604,0.06067,0.09421,0.11,0.0,100,0.08333,0.33333,,,-0.01,0.01028,-0.00012,-0.0128,0.00543,0.91223
89,91136,62.21086,93.5,0.875,0.83,1.071012,-0.001988,0.035494,0.004129,0.178068,0.03561,0.285918,61.67292,4.393689,61.37188,8.250282,4.0,0.00029099,8,574,0.05466,0.0885,0.1,0.0,100,0.25,1.0,,,-0.01,0.01209,-4e-05,-0.01374,0.00349,0.56009
90,92160,71.11009,107.6,1.0,0.85,1.006458,-0.002792,0.008039,0.002373,0.191319,0.022984,0.52126,62.263393,4.597483,63.155743,4.889452,4.0,0.00029089,10,604,0.05389,0.08463,0.08,0.0,100,0.3,1.0,,,-0.01,0.00989,-0.00017,-0.01529,0.00458,0.86821
91,93184,71.38841,103.16667,1.0,0.86,0.920269,-0.003231,0.003803,0.001979,0.1882,0.018659,0.679824,64.026085,4.694288,64.44043,4.295541,4.0,0.00029078,6,666,0.06534,0.09674,0.07,0.0,100,0.0,0.0,,,-0.01,0.00923,-0.00046,-0.01979,0.0065,0.5895
92,94208,57.60798,108.5,0.83333,0.87,0.973957,-0.001797,0.029111,0.002902,0.234486,0.030378,0.368491,64.904213,4.115853,63.701653,8.047685,4.0,0.00029068,6,609,0.08,0.11538,0.06,0.0,100,0.33333,1.0,,,-0.01,0.0081,-0.00026,-0.0205,0.00411,0.47946
93,95232,68.62666,143.66667,1.0,0.9,1.04057,-0.004489,0.0059,0.002282,0.204983,0.023856,0.564417,64.084,4.246776,63.954441,4.264186,4.0,0.00029058,9,623,0.09098,0.12949,0.04,0.0,100,0.55556,0.75,,,-0.01,0.00737,-0.00083,-0.02,0.00581,0.82763
94,96256,61.56463,157.88889,0.88889,0.89,1.082511,-0.003825,0.004805,0.003123,0.161217,0.026855,0.535528,63.290325,4.368608,63.691563,4.004135,4.0,0.00029048,9,612,0.07412,0.10535,0.05,0.0,100,0.44444,1.0,,,-0.01,0.00803,-0.00033,-0.01755,0.00686,0.68563
95,97280,62.58026,140.88889,0.88889,0.91,1.04994,-0.003468,0.00378,0.002397,0.179358,0.01859,0.559826,63.083836,2.999386,63.683708,3.602907,4.0,0.00029037,9,591,0.08585,0.11209,0.05,0.0,100,0.11111,1.0,,,-0.01,0.01139,-0.00069,-0.01943,0.00485,0.66947
96,98304,70.51538,103.42857,1.0,0.92,1.071922,-0.003483,0.003768,0.005096,0.236779,0.053816,0.698986,64.182968,3.601909,64.567924,4.157198,4.0,0.00029027,7,600,0.06413,0.09011,0.04,0.0,100,0.28571,0.66667,,,-0.01,0.01036,-0.00019,-0.01876,0.00887,0.57244
97,99328,57.18178,116.27273,0.81818,0.92,0.986113,-0.001417,0.054363,0.004623,0.301516,0.054234,0.226049,64.603615,3.834077,62.696587,10.23999,4.0,0.00029017,11,602,0.06762,0.09893,0.03,0.0,100,0.27273,1.0,,,-0.01,0.00962,-0.00017,-0.01635,0.00232,0.79819
98,100352,70.30668,119.875,1.0,0.93,1.000149,-0.003146,0.01008,0.003146,0.240754,0.033517,0.12472,63.362091,4.742688,63.589886,4.274771,4.0,0.00029007,8,605,0.06165,0.09489,0.03,0.0,100,0.125,0.0,,,-0.01,0.00852,5e-05,-0.01595,0.00378,0.6924
99,101376,69.15926,131.85714,1.0,0.93,1.048013,-0.003277,0.005786,0.001766,0.162636,0.017578,0.574548,62.354065,4.469083,62.318184,4.533134,4.0,0.00028996,7,565,0.0656,0.09588,0.03,0.0,100,0.14286,0.0,,,-0.01,0.00885,-0.00012,-0.01798,0.00513,0.6054
100,102400,70.92574,120.5,1.0,0.93,0.91794,-0.00398,0.003766,0.00237,0.226885,0.026018,0.734256,62.071568,3.884876,61.624531,4.419174,4.0,0.00028986,4,620,0.06999,0.09286,0.03,0.0,100,0.0,0.0,,,-0.01,0.00747,0.0002,-0.0159,0.00122,0.39407
101,103424,59.69805,171.77778,0.88889,0.94,1.015092,-0.000786,0.022837,0.002542,0.104661,0.024519,0.27721,62.023708,3.136004,61.92506,6.606455,4.0,0.00028976,9,587,0.06549,0.0855,0.02,0.0,100,0.33333,1.0,,,-0.01,0.00917,0.00017,-0.01816,0.00524,0.71048
102,104448,69.40607,129.8,1.0,0.94,1.003593,-0.003798,0.003689,0.002256,0.183255,0.027867,0.68202,62.838249,3.82701,62.622196,3.946594,4.0,0.00028966,5,617,0.05189,0.07716,0.02,0.0,100,0.0,0.0,,,-0.01,0.00877,0.00011,-0.01457,0.0007,0.47985
103,105472,68.55003,162.625,1.0,0.94,1.057047,-0.004659,0.003029,0.004419,0.235205,0.067069,0.663862,61.789204,3.122683,62.263885,3.624808,4.0,0.00028956,8,623,0.05444,0.08217,0.02,0.0,100,0.25,1.0,,,-0.01,0.00881,-6e-05,-0.02014,0.00562,0.67508
104,106496,62.27181,116.1,0.9,0.93,1.003433,-0.00105,0.031347,0.001667,0.169699,0.012033,0.267841,61.278225,3.162885,60.677727,7.73039,4.0,0.00028945,10,582,0.05464,0.08781,0.02,0.0,100,0.1,0.0,,,-0.01,0.01049,-0.00017,-0.01669,0.0002,0.78347
105,107520,61.34292,117.0,0.875,0.93,1.054299,-0.00115,0.027022,0.001553,0.130467,0.016009,0.349515,61.93478,3.789726,61.651466,7.553156,4.0,0.00028935,8,576,0.05866,0.08575,0.02,0.0,100,0.25,0.0,,,-0.01,0.00908,0.00044,-0.01522,0.00622,0.60081
106,108544,69.33801,136.57143,1.0,0.94,1.099317,-0.003031,0.005125,0.001957,0.162427,0.013114,0.639632,61.979134,4.486032,62.215569,4.467505,4.0,0.00028925,7,639,0.05447,0.08667,0.01,0.0,100,0.14286,1.0,,,-0.01,0.00697,0.00012,-0.02039,0.00586,0.60417
107,109568,68.29561,151.71429,1.0,0.94,1.152384,-0.003512,0.004613,0.002576,0.1826,0.025391,0.70051,62.315083,4.588438,62.704262,4.716645,4.0,0.00028915,7,605,0.05382,0.08566,0.01,0.0,100,0.14286,1.0,,,-0.01,0.00922,-0.00023,-0.01693,0.00386,0.56561
108,110592,69.59958,136.25,1.0,0.95,0.961053,-0.003297,0.003683,0.003332,0.173027,0.03254,0.699782,62.794384,4.532572,63.445225,4.287499,4.0,0.00028904,8,644,0.04427,0.07304,0.0,0.0,100,0.125,1.0,,,-0.01,0.01049,-0.00013,-0.01302,0.00579,0.74128
109,111616,69.83272,121.66667,1.0,0.95,1.137887,-0.004629,0.002657,0.00277,0.186032,0.028739,0.759858,63.184734,3.784377,63.68375,3.942975,4.0,0.00028894,9,569,0.05279,0.08253,0.0,0.0,100,0.11111,0.75,,,-0.01,0.00787,3e-05,-0.02069,0.00801,0.71469
110,112640,68.59481,156.4,1.0,0.96,1.13767,-0.005926,0.001888,0.003665,0.223299,0.043736,0.748261,64.628693,3.614106,64.573631,3.297259,4.0,0.00028884,5,613,0.04522,0.06751,0.0,0.0,100,0.2,1.0,,,-0.01,0.00965,-3e-05,-0.01479,0.00464,0.40251
111,113664,59.16894,155.875,0.875,0.96,1.024908,-0.00128,0.030099,0.003415,0.234298,0.041364,0.28816,64.659256,3.480345,63.205853,7.698216,4.0,0.00028874,8,607,0.04625,0.07309,0.0,0.0,100,0.375,0.8,,,-0.01,0.00805,-0.00015,-0.01916,0.00217,0.6185
112,114688,60.61444,111.5,0.875,0.95,0.982561,-0.001585,0.029723,0.00178,0.193716,0.011579,0.333122,62.751564,3.469777,61.672268,7.912201,4.0,0.00028863,8,596,0.04173,0.07307,0.0,0.0,100,0.375,0.0,,,-0.01,0.0089,-0.00016,-0.01939,0.00159,0.6255
113,115712,68.542,157.0,1.0,0.95,0.983798,-0.003457,0.006298,0.002461,0.183747,0.025635,0.50379,61.449562,3.919545,61.628124,4.100661,4.0,0.00028853,7,616,0.04076,0.06529,0.0,0.0,100,0.28571,0.0,,,-0.01,0.00909,0.00038,-0.0169,0.00598,0.6067
114,116736,68.42935,151.0,1.0,0.96,0.948023,-0.003644,0.005004,0.004156,0.19203,0.037772,0.659687,60.94355,4.326296,61.533634,4.618697,4.0,0.00028843,8,653,0.03189,0.05498,0.0,0.0,100,0.375,0.66667,,,-0.01,0.006,-0.00023,-0.02035,0.00446,0.72211
115,117760,70.3745,131.66667,1.0,0.96,0.847127,-0.003005,0.005544,0.003116,0.161513,0.033447,0.568339,61.881023,4.57233,62.32309,4.394769,4.0,0.00028833,6,676,0.03468,0.06385,0.0,0.0,100,0.33333,0.0,,,-0.01,0.00768,0.00014,-0.01242,0.00018,0.60842
116,118784,68.8197,141.71429,1.0,0.96,0.97751,-0.00318,0.003525,0.001918,0.184392,0.01552,0.693637,62.266163,3.770559,62.648785,3.986182,4.0,0.00028822,7,657,0.03706,0.06039,0.0,0.0,100,0.28571,0.0,,,-0.01,0.00844,0.00027,-0.01735,0.00525,0.62613
117,119808,69.34212,139.42857,1.0,0.96,0.883232,-0.003558,0.003969,0.002362,0.180548,0.028669,0.667547,62.12162,3.617423,62.494141,4.018168,4.0,0.00028812,7,638,0.03462,0.05738,0.0,0.0,100,0.57143,0.0,,,-0.01,0.00952,0.00054,-0.01124,-0.00038,0.67436
118,120832,68.95412,153.33333,1.0,0.97,0.7753,-0.003116,0.002356,0.002323,0.155721,0.019113,0.787674,63.221001,3.807842,63.277302,3.871244,4.0,0.00028802,6,715,0.02593,0.04374,0.0,0.0,100,0.33333,1.0,,,-0.01,0.00736,6e-05,-0.0204,0.00552,0.64882
119,121856,47.78193,123.71429,0.71429,0.96,0.80225,-0.00207,0.057859,0.002179,0.367695,0.022252,0.258072,63.326347,3.797278,60.651875,10.191056,4.0,0.00028792,7,710,0.03832,0.06911,0.0,0.0,100,0.42857,1.0,,,-0.01,0.00664,0.00014,-0.0207,-0.00081,0.51192
120,122880,67.50161,161.71429,1.0,0.96,0.814681,-0.003431,0.004837,0.002229,0.237133,0.026158,0.687708,61.179539,4.122763,61.670341,4.2046,4.0,0.00028781,7,621,0.03023,0.05232,0.0,0.0,100,0.0,0.66667,,,-0.01,0.00722,1e-05,-0.01961,0.00728,0.71513
121,123904,60.11666,146.75,0.875,0.95,0.891634,-0.001508,0.031299,0.002629,0.183549,0.024658,0.375671,60.535072,4.41641,59.896309,8.187358,4.0,0.00028771,8,645,0.03056,0.05297,0.0,0.0,100,0.125,0.0,,,-0.01,0.01166,0.00013,-0.01497,0.00562,0.63552
122,124928,46.27227,140.88889,0.66667,0.92,1.02035,-0.001676,0.056118,0.004016,0.241236,0.031773,0.356008,60.40551,5.274206,58.905735,10.948359,4.0,0.00028761,9,623,0.03155,0.05894,0.01,0.0,100,0.44444,0.0,,,-0.01,0.00935,0.00063,-0.01717,0.0025,0.49615
123,125952,57.32561,119.83333,0.83333,0.91,0.981537,-0.002435,0.026322,0.002324,0.178525,0.023751,0.610373,59.09272,6.883918,58.611042,9.502213,4.0,0.00028751,6,649,0.03586,0.06469,0.01,0.0,100,0.33333,0.0,,,-0.01,0.00959,0.00011,-0.01987,0.00468,0.42571
124,126976,70.194,129.25,1.0,0.91,0.971032,-0.002229,0.01967,0.003792,0.225285,0.055734,0.364139,58.550079,7.071553,58.886971,6.879901,4.0,0.0002874,8,663,0.04306,0.07758,0.01,0.0,100,0.375,1.0,,,-0.01,0.00902,-0.0001,-0.01633,0.00149,0.73889
125,128000,68.56104,153.0,1.0,0.92,1.128555,-0.003575,0.007548,0.004561,0.23832,0.053467,0.56689,59.07016,4.836011,59.917583,5.137472,4.0,0.0002873,9,621,0.03645,0.06108,0.01,0.0,100,0.22222,1.0,,,-0.01,0.00785,-2e-05,-0.01473,0.00736,0.71758
126,129024,69.75357,129.33333,1.0,0.93,0.988217,-0.003951,0.003669,0.003504,0.2557,0.04269,0.821448,59.358696,4.814647,60.183826,5.277977,4.0,0.0002872,6,633,0.02858,0.05151,0.01,0.0,100,0.0,1.0,,,-0.01,0.00836,8e-05,-0.01664,0.00428,0.51099
127,130048,69.36001,130.0,1.0,0.93,0.992983,-0.003675,0.004813,0.003346,0.21618,0.029297,0.764709,59.946178,4.530347,61.083355,5.096113,4.0,0.0002871,9,630,0.03934,0.06779,0.01,0.0,100,0.33333,1.0,,,-0.01,0.00938,0.00043,-0.02136,0.00491,0.74945
128,131072,70.78955,102.6,1.0,0.93,0.856315,-0.003379,0.004067,0.002269,0.187563,0.015102,0.81808,62.393677,5.717963,62.818581,5.504466,4.0,0.000287,5,695,0.03935,0.06974,0.01,0.0,100,0.2,0.0,,,-0.01,0.00524,0.00035,-0.02045,0.00498,0.4908
129,132096,44.3215,108.33333,0.66667,0.92,0.752984,-0.001184,0.027237,0.000797,0.274044,0.003836,0.583146,64.286385,5.885218,62.339672,9.150781,4.0,0.00028689,3,796,0.07077,0.12378,0.01,0.0,100,0.66667,0.0,,,-0.01,0.00534,0.00022,-0.01903,-0.00282,0.25405
130,133120,38.04356,297.6,0.6,0.9,0.817754,-0.00411,0.002875,0.002279,0.201382,0.022496,0.882034,63.078907,6.365311,62.917389,5.741164,4.0,0.00028679,5,758,0.04674,0.07871,0.03,0.0,100,0.6,0.71429,,,-0.01,0.00729,-4e-05,-0.01463,0.00603,0.32339
131,134144,37.09955,242.28571,0.57143,0.87,0.862295,-0.001519,0.029078,0.002215,0.174101,0.015311,0.442579,62.570992,5.064519,62.093243,8.235427,4.0,0.00028669,7,682,0.04383,0.07292,0.05,0.0,100,0.28571,0.83333,,,-0.01,0.00977,0.0002,-0.01047,0.00055,0.36931
132,135168,71.28708,104.0,1.0,0.87,0.915603,-0.003569,0.006981,0.002669,0.174285,0.022845,0.637621,62.595631,5.068631,63.244434,4.943985,4.0,0.00028659,8,638,0.05032,0.08205,0.05,0.0,100,0.0,0.5,,,-0.01,0.00875,0.00049,-0.01698,0.00636,0.70622
133,136192,69.92876,122.16667,1.0,0.87,0.904234,-0.002988,0.005208,0.002869,0.173683,0.028216,0.628927,63.406315,4.766191,63.389656,4.443857,4.0,0.00028648,6,667,0.03959,0.07047,0.05,0.0,100,0.33333,0.0,,,-0.01,0.00764,7e-05,-0.01575,0.0054,0.54409
134,137216,67.60066,182.0,1.0,0.89,0.851003,-0.003819,0.002821,0.002467,0.200161,0.022252,0.766293,63.634651,4.070905,63.400627,3.986284,4.0,0.00028638,5,724,0.03916,0.07133,0.05,0.0,100,0.6,1.0,,,-0.01,0.00746,0.00015,-0.01469,0.00434,0.48485
135,138240,67.37268,184.75,1.0,0.89,0.833941,-0.004815,0.002544,0.003432,0.216916,0.044224,0.72411,63.666531,3.537668,63.107456,3.482796,4.0,0.00028628,4,757,0.06693,0.10868,0.05,0.0,100,0.5,1.0,,,-0.01,0.0067,0.00032,-0.01096,0.00202,0.42827
136,139264,45.2908,263.85714,0.71429,0.88,0.813889,-0.00126,0.025628,0.002026,0.180085,0.017857,0.49348,62.789238,4.221575,61.627838,8.174798,4.0,0.00028618,7,663,0.04738,0.08101,0.06,0.0,100,0.57143,1.0,,,-0.01,0.01005,0.00025,-0.01509,0.00411,0.42084
137,140288,70.6237,122.75,1.0,0.91,0.872102,-0.002993,0.005035,0.002171,0.181697,0.025879,0.672508,63.291138,4.027662,63.265591,4.296551,4.0,0.00028607,8,654,0.05252,0.08599,0.05,0.0,100,0.25,1.0,,,-0.01,0.00832,7e-05,-0.01113,0.00561,0.68542
138,141312,63.63972,120.0,0.9,0.91,0.875004,-0.001008,0.033531,0.002267,0.156475,0.022217,0.306956,62.353249,3.7964,61.74472,8.077064,4.0,0.00028597,10,616,0.04923,0.08024,0.05,0.0,100,0.5,1.0,,,-0.01,0.00936,0.00025,-0.0132,0.00559,0.7353
139,142336,67.00205,176.16667,1.0,0.91,0.942272,-0.003414,0.00665,0.002598,0.169299,0.027902,0.497029,62.269146,4.370405,62.165752,4.156813,4.0,0.00028587,6,654,0.06069,0.09352,0.05,0.0,100,0.66667,1.0,,,-0.01,0.00624,-0.00064,-0.01671,0.00505,0.49926
140,143360,67.73481,157.83333,1.0,0.91,0.968036,-0.003895,0.005212,0.003609,0.190988,0.050711,0.399092,62.874329,3.743913,62.949978,3.540737,4.0,0.00028577,6,650,0.07087,0.10505,0.05,0.0,100,0.5,1.0,,,-0.01,0.00774,-0.00015,-0.0152,0.00336,0.49122
141,144384,69.58276,146.66667,1.0,0.91,1.028528,-0.005449,0.004716,0.00494,0.19542,0.066092,0.434505,62.529758,3.273586,62.442982,3.382581,4.0,0.00028566,6,649,0.07352,0.10979,0.05,0.0,100,0.16667,1.0,,,-0.01,0.00968,0.00082,-0.00962,0.00337,0.49039
142,145408,70.09703,140.0,1.0,0.91,0.950768,-0.00367,0.003909,0.004294,0.205817,0.05528,0.600852,62.026752,3.088559,62.365349,3.634434,4.0,0.00028556,8,588,0.05305,0.08748,0.05,0.0,100,0.5,1.0,,,-0.01,0.00986,0.00041,-0.01079,0.00464,0.65875
143,146432,69.56625,150.25,1.0,0.91,1.034032,-0.005114,0.002361,0.003512,0.223812,0.041399,0.773288,63.12809,3.585621,62.879143,3.599312,4.0,0.00028546,4,615,0.07157,0.10253,0.05,0.0,100,1.0,0.5,,,-0.01,0.00821,0.00105,-0.01173,0.00561,0.32806
144,147456,68.08658,177.83333,1.0,0.91,0.942452,-0.006338,0.001815,0.002901,0.212085,0.032889,0.790379,63.144142,3.207846,62.89262,3.27506,4.0,0.00028536,6,567,0.05891,0.09147,0.05,0.0,100,0.16667,0.88889,,,-0.01,0.01077,1e-05,-0.01191,0.00201,0.53382
145,148480,55.4385,194.5,0.83333,0.92,0.908367,-0.001437,0.034686,0.003096,0.221779,0.036761,0.17182,62.618774,2.85618,61.359035,7.171256,4.0,0.00028525,6,603,0.05346,0.08588,0.04,0.0,100,0.66667,1.0,,,-0.01,0.01036,0.00102,-0.01295,0.0034,0.40315
146,149504,69.50406,150.33333,1.0,0.94,0.956656,-0.004372,0.002671,0.004994,0.25774,0.074777,0.64147,62.333107,2.462952,62.183926,2.86415,4.0,0.00028515,6,663,0.05354,0.07741,0.03,0.0,100,0.16667,0.66667,,,-0.01,0.00837,0.00032,-0.00769,0.00317,0.5347
147,150528,60.89198,163.33333,0.88889,0.95,0.892135,-0.002247,0.033997,0.004044,0.225218,0.057547,0.274751,60.755493,2.954148,59.750835,7.677322,4.0,0.00028505,9,574,0.0466,0.07392,0.01,0.0,100,0.22222,1.0,,,-0.01,0.01118,0.00031,-0.01085,0.0024,0.65096
148,151552,61.6166,111.625,0.875,0.94,0.8444,-0.002831,0.009663,0.002509,0.196094,0.016776,0.514913,59.938721,3.676488,60.912163,4.852961,4.0,0.00028495,8,558,0.04729,0.07334,0.01,0.0,100,0.375,0.0,,,-0.01,0.01085,-0.00022,-0.01232,0.00855,0.57909
149,152576,70.94975,114.4,1.0,0.94,0.921124,-0.003895,0.005138,0.003042,0.228082,0.039307,0.64981,61.092064,4.284565,62.133038,4.448404,4.0,0.00028484,10,559,0.04477,0.06935,0.01,0.0,100,0.4,0.66667,,,-0.01,0.0075,0.00024,-0.0102,0.00552,0.81574
150,153600,71.49907,103.16667,1.0,0.96,0.986374,-0.00539,0.004057,0.004303,0.229752,0.05835,0.690949,62.807838,4.298609,63.591839,4.126296,4.0,0.00028474,6,571,0.05046,0.07651,0.0,0.0,100,0.16667,0.0,,,-0.01,0.00685,0.00022,-0.01142,0.00646,0.50164
151,154624,69.19546,168.25,1.0,0.96,0.913443,-0.004618,0.002679,0.002492,0.256197,0.021938,0.7669,63.079536,3.827752,63.493134,3.777197,4.0,0.00028464,8,595,0.04618,0.07197,0.0,0.0,100,0.125,0.6,,,-0.01,0.00914,0.00065,-0.00851,0.00297,0.65874
152,155648,70.51905,129.14286,1.0,0.97,0.809294,-0.005094,0.002459,0.004273,0.241658,0.059187,0.818174,62.987572,3.75823,63.160591,4.040573,4.0,0.00028454,7,592,0.06209,0.0838,0.0,0.0,100,0.14286,0.5,,,-0.01,0.00885,-0.0002,-0.01424,0.00429,0.6251
153,156672,68.00078,167.85714,1.0,0.97,0.846351,-0.004372,0.001862,0.002688,0.212369,0.030343,0.777736,64.173698,3.453331,64.270332,3.238933,4.0,0.00028444,7,571,0.043,0.06224,0.0,0.0,100,0.0,1.0,,,-0.01,0.00886,0.00012,-0.0145,0.00818,0.62066
154,157696,69.71564,143.8,1.0,0.97,0.919432,-0.004242,0.00186,0.002216,0.21426,0.021275,0.695115,65.039543,2.91329,64.860855,2.772788,4.0,0.00028433,5,576,0.05165,0.0804,0.0,0.0,100,0.0,1.0,,,-0.01,0.0065,-0.00019,-0.01249,0.00721,0.43863
155,158720,68.46581,172.85714,1.0,0.97,0.879123,-0.005744,0.001963,0.003812,0.235932,0.048689,0.729505,64.535309,2.665778,64.366234,2.946547,4.0,0.00028423,7,602,0.0376,0.0564,0.0,0.0,100,0.0,1.0,,,-0.01,0.00801,0.00033,-0.01208,0.00547,0.59395
156,159744,69.88928,146.28571,1.0,0.97,0.837132,-0.003664,0.002295,0.003609,0.234758,0.044155,0.703466,63.829617,2.545963,64.223808,2.991638,4.0,0.00028413,7,598,0.04399,0.0626,0.0,0.0,100,0.14286,1.0,,,-0.01,0.01048,0.00081,-0.01496,0.00883,0.54489
157,160768,71.20202,117.0,1.0,0.97,0.853924,-0.00455,0.002149,0.002171,0.194637,0.024867,0.744525,64.422424,2.606217,64.852875,3.088985,4.0,0.00028403,11,564,0.04946,0.07722,0.0,0.0,100,0.09091,0.66667,,,-0.01,0.0105,0.00045,-0.01086,0.00757,0.87835
158,161792,60.31701,108.71429,0.85714,0.96,0.742541,-0.00236,0.040598,0.002244,0.258677,0.024763,0.170315,64.445656,2.812384,63.172276,7.506108,4.0,0.00028392,7,635,0.05835,0.08662,0.0,0.0,100,0.57143,0.66667,,,-0.01,0.01035,-5e-05,-0.01826,0.00308,0.54559
159,162816,69.50444,128.83333,1.0,0.97,0.7495,-0.003234,0.002509,0.00251,0.247449,0.031948,0.732481,64.009628,2.636954,63.976658,3.12485,4.0,0.00028382,6,656,0.04647,0.0642,0.0,0.0,100,0.5,0.66667,,,-0.01,0.00665,0.00068,-0.01657,0.00853,0.58811
160,163840,60.65476,177.75,0.875,0.96,0.807862,-0.004343,0.002385,0.003164,0.245764,0.038121,0.702183,63.512329,2.556878,63.81625,3.096161,4.0,0.00028372,8,613,0.04289,0.06409,0.01,0.0,100,0.25,0.75,,,-0.01,0.00963,0.00102,-0.0139,0.00785,0.57874
161,164864,63.8102,106.7,0.9,0.97,0.901939,-0.002257,0.039694,0.00332,0.254093,0.044364,0.236672,63.843349,3.019619,62.931232,7.721602,4.0,0.00028362,10,560,0.04919,0.07052,0.01,0.0,100,0.2,1.0,,,-0.01,0.01062,0.00014,-0.01142,0.0023,0.70138
162,165888,71.05916,117.0,1.0,0.97,0.868951,-0.003948,0.004507,0.003708,0.23514,0.046352,0.551511,62.82188,2.684438,63.566231,3.441276,4.0,0.00028351,9,563,0.0423,0.05455,0.01,0.0,100,0.33333,1.0,,,-0.01,0.01111,0.00027,-0.01127,0.00793,0.71636
163,166912,71.35677,112.57143,1.0,0.97,0.906667,-0.005084,0.002466,0.003778,0.261283,0.045654,0.76514,63.664715,3.415672,64.211632,3.611894,4.0,0.00028341,7,570,0.03889,0.06166,0.01,0.0,100,0.28571,1.0,,,-0.01,0.009,0.00088,-0.01454,0.00774,0.55506
164,167936,60.2058,137.625,0.875,0.96,0.843313,-0.001911,0.037732,0.003134,0.229991,0.03697,0.296931,64.634575,3.930161,63.735279,7.78003,4.0,0.00028331,8,613,0.04702,0.06973,0.01,0.0,100,0.125,0.75,,,-0.01,0.00736,0.00012,-0.01334,0.00554,0.61053
165,168960,71.00986,120.9,1.0,0.96,0.886575,-0.004153,0.003723,0.003401,0.225521,0.033587,0.726447,63.392918,3.359686,64.204781,3.735267,4.0,0.00028321,10,587,0.0467,0.07289,0.01,0.0,100,0.1,1.0,,,-0.01,0.01208,0.00036,-0.01108,0.00926,0.81287
166,169984,72.10338,102.7,1.0,0.96,0.87919,-0.005836,0.003066,0.004065,0.26653,0.057513,0.756478,63.711636,3.497678,64.87381,3.771665,4.0,0.0002831,10,565,0.04705,0.07394,0.01,0.0,100,0.0,0.90909,,,-0.01,0.01214,0.00147,-0.013,0.00976,0.78761
167,171008,71.64496,102.25,1.0,0.96,0.855233,-0.004519,0.001957,0.004126,0.244986,0.046387,0.86347,64.874794,3.827271,65.350502,4.07868,4.0,0.000283,8,591,0.04507,0.07141,0.01,0.0,100,0.125,0.75,,,-0.01,0.00488,0.00034,-0.01458,0.00865,0.63972
168,172032,70.95343,108.09091,1.0,0.96,0.822793,-0.004371,0.003121,0.003726,0.217157,0.041713,0.817503,64.170792,4.21557,64.671417,4.560231,4.0,0.0002829,11,488,0.07981,0.11685,0.01,0.0,100,0.18182,1.0,,,-0.01,0.01057,0.00015,-0.01677,0.00373,0.93086
169,173056,72.44264,96.33333,1.0,0.97,0.811258,-0.003952,0.002213,0.00227,0.248469,0.021868,0.877697,64.645622,4.205224,65.230042,4.567825,4.0,0.0002828,9,556,0.06636,0.09815,0.01,0.0,100,0.0,0.5,,,-0.01,0.01228,0.00126,-0.01498,0.00674,0.74519
170,174080,63.19626,95.66667,0.88889,0.96,0.803625,-0.002509,0.041108,0.003175,0.184274,0.040213,0.230102,65.130211,4.313447,64.568275,7.985002,4.0,0.00028269,9,615,0.06632,0.09915,0.01,0.0,100,0.22222,1.0,,,-0.01,0.00766,0.00155,-0.01644,0.00643,0.6713
171,175104,63.9695,132.18182,0.90909,0.96,0.871436,-0.003935,0.002865,0.003104,0.222459,0.033238,0.760369,66.339424,3.501547,66.881569,3.391768,4.0,0.00028259,11,601,0.03801,0.06284,0.01,0.0,100,0.36364,0.92593,,,-0.01,0.01076,0.00086,-0.01396,0.01063,0.7731
172,176128,63.50968,90.22222,0.88889,0.96,0.716943,-0.003247,0.045494,0.002404,0.264284,0.019845,0.260975,65.128738,3.973042,64.019775,8.23235,4.0,0.00028249,9,575,0.03635,0.06857,0.01,0.0,100,0.22222,0.0,,,-0.01,0.01268,0.00099,-0.01437,0.00265,0.69514
173,177152,71.90093,103.66667,1.0,0.96,0.727711,-0.004192,0.003813,0.002809,0.204685,0.031564,0.774991,64.981697,4.149958,65.449715,4.249235,4.0,0.00028239,9,623,0.05369,0.08586,0.01,0.0,100,0.22222,0.5,,,-0.01,0.01192,0.00144,-0.00799,0.00695,0.81932
174,178176,72.53399,94.81818,1.0,0.97,0.70669,-0.002538,0.002901,0.004291,0.292942,0.060826,0.806239,65.414215,3.971834,66.06794,4.253935,4.0,0.00028228,11,617,0.03386,0.05614,0.01,0.0,100,0.09091,0.88889,,,-0.01,0.01278,0.00082,-0.01006,0.01133,0.99134
175,179200,53.76507,129.875,0.75,0.95,0.830605,-0.002193,0.041791,0.004126,0.251661,0.05406,0.28454,66.686241,3.526099,65.696053,8.075779,4.0,0.00028218,8,584,0.04084,0.06696,0.02,0.0,100,0.25,1.0,,,-0.01,0.01446,0.0009,-0.01249,0.00905,0.47982
176,180224,66.41397,99.76923,0.92308,0.94,0.8417,-0.001506,0.048494,0.003383,0.312645,0.042934,0.330048,65.186378,5.963457,63.78933,9.105993,4.0,0.00028208,13,564,0.04933,0.08182,0.02,0.0,100,0.23077,0.84615,,,-0.01,0.01266,0.00038,-0.00967,0.00285,1.00554
177,181248,52.26055,93.875,0.75,0.92,0.737351,-0.002404,0.070824,0.002003,0.407535,0.018485,0.35011,64.613075,4.987693,61.931904,11.02482,4.0,0.00028198,8,663,0.04195,0.07117,0.02,0.0,100,0.375,0.71429,,,-0.01,0.01053,0.00053,-0.0171,0.00112,0.59553
178,182272,54.77931,100.11111,0.77778,0.9,0.774432,-0.002143,0.071882,0.002464,0.383318,0.018764,0.40303,62.244549,6.289676,60.0369,11.689233,4.0,0.00028188,9,636,0.04154,0.0704,0.02,0.0,100,0.33333,0.83333,,,-0.01,0.01319,0.00112,-0.01535,0.00478,0.64141
179,183296,64.50214,133.9,0.9,0.89,0.732427,-0.002584,0.021908,0.003357,0.334231,0.042934,0.382955,58.860176,7.293777,59.711033,6.863903,4.0,0.00028177,10,594,0.04872,0.08192,0.03,0.0,100,0.4,0.94444,,,-0.01,0.01048,-0.0007,-0.01409,0.00329,0.90331
180,184320,72.43927,89.875,1.0,0.9,0.79749,-0.002113,0.011948,0.003126,0.336364,0.03411,0.599061,61.003967,5.570624,62.27335,5.916431,4.0,0.00028167,8,599,0.04038,0.07171,0.03,0.0,100,0.125,0.8,,,-0.01,0.01501,0.00119,-0.01353,0.00878,0.73427
181,185344,72.19922,97.63636,1.0,0.91,0.811363,-0.003228,0.005367,0.004122,0.362523,0.057059,0.789013,62.403481,4.990032,63.723518,5.272213,4.0,0.00028157,11,555,0.04021,0.06742,0.02,0.0,100,0.18182,0.61111,,,-0.01,0.01162,0.00077,-0.01275,0.01018,0.95058
182,186368,64.83859,126.2,0.9,0.9,0.870189,-0.003877,0.00416,0.003324,0.284532,0.037633,0.815497,63.432415,4.561,64.634987,4.785282,4.0,0.00028147,10,560,0.03824,0.06271,0.03,0.0,100,0.1,0.8,,,-0.01,0.01194,0.00099,-0.01277,0.01191,0.73906
183,187392,66.7261,91.76923,0.92308,0.9,0.845567,-0.000783,0.036443,0.003863,0.151097,0.043876,0.28265,63.757969,3.672351,64.20652,7.964404,4.0,0.00028136,13,514,0.04654,0.07756,0.03,0.0,100,0.15385,0.53846,,,-0.01,0.01273,0.00124,-0.0164,0.00944,0.973
184,188416,66.22386,79.0,0.91667,0.89,0.832929,-0.002696,0.037294,0.002259,0.164748,0.021938,0.436654,64.598404,4.818925,64.505714,8.963466,4.0,0.00028126,12,544,0.03751,0.06383,0.03,0.0,100,0.08333,1.0,,,-0.01,0.01254,0.00035,-0.01712,0.00995,0.8451
185,189440,72.23465,82.0,1.0,0.91,0.89068,-0.00401,0.012743,0.003655,0.249565,0.044329,0.484237,65.166,6.04556,66.272018,5.410834,4.0,0.00028116,13,550,0.04493,0.07696,0.02,0.0,100,0.0,1.0,,,-0.01,0.00922,0.00045,-0.01711,0.01085,1.00374
186,190464,72.6918,83.22222,1.0,0.93,0.904366,-0.003493,0.010673,0.003873,0.274567,0.049282,0.625787,66.051689,5.252187,66.032799,5.648619,4.0,0.00028106,9,569,0.05375,0.08915,0.02,0.0,100,0.11111,0.6875,,,-0.01,0.0124,0.00063,-0.01413,0.0071,0.74301
187,191488,64.71853,107.27273,0.90909,0.95,0.879525,-0.002188,0.022775,0.002782,0.146058,0.025286,0.569682,64.891602,5.751397,64.574707,7.486836,4.0,0.00028095,11,562,0.06186,0.09836,0.02,0.0,100,0.36364,0.85185,,,-0.01,0.01447,0.00028,-0.01318,0.00566,0.84567
188,192512,64.39826,83.0,0.88889,0.95,0.843199,-0.001439,0.021967,0.002671,0.128476,0.033412,0.724881,63.861816,7.44825,63.612701,9.200621,4.0,0.00028085,9,587,0.0595,0.09717,0.01,0.0,100,0.22222,1.0,,,-0.01,0.01443,3e-05,-0.0135,0.00984,0.69049
189,193536,54.54618,113.30769,0.76923,0.92,0.818786,-0.001729,0.060647,0.003287,0.299411,0.033447,0.573981,63.275448,8.357032,61.816338,12.608227,4.0,0.00028075,13,591,0.05118,0.08165,0.02,0.0,100,0.30769,0.89189,,,-0.01,0.01322,-0.00011,-0.0157,0.0045,0.86388
190,194560,64.92127,86.4,0.9,0.91,0.917284,-0.003392,0.043935,0.003606,0.206704,0.046735,0.3161,66.001686,4.255841,65.279366,8.387738,4.0,0.00028065,10,524,0.05391,0.0889,0.02,0.0,100,0.1,0.78571,,,-0.01,0.01176,0.00014,-0.01615,0.0099,0.72419
191,195584,71.90635,88.90909,1.0,0.92,0.950369,-0.00321,0.019048,0.003681,0.185563,0.044538,0.338367,64.723877,6.406986,64.523109,5.885598,4.0,0.00028054,11,557,0.06179,0.10298,0.01,0.0,100,0.09091,0.91304,,,-0.01,0.01267,5e-05,-0.01475,0.0038,0.94938
192,196608,63.59824,109.9,0.9,0.92,0.975804,-0.002131,0.045795,0.002738,0.209744,0.021589,0.244162,64.726234,3.877758,63.991585,8.111579,4.0,0.00028044,10,544,0.05841,0.09676,0.01,0.0,100,0.2,0.85714,,,-0.01,0.01469,0.00041,-0.01195,0.00488,0.72179
193,197632,59.44054,87.41667,0.83333,0.91,1.058524,-0.002398,0.070467,0.002448,0.280219,0.022112,0.332324,64.775795,4.399257,63.346428,10.724802,4.0,0.00028034,12,563,0.07011,0.10914,0.01,0.0,100,0.16667,0.94118,,,-0.01,0.01205,0.00082,-0.01493,0.0035,0.79868
194,198656,56.61495,99.3,0.8,0.89,0.954114,-0.002287,0.064432,0.002203,0.311685,0.017508,0.560603,61.438416,8.06477,59.705097,12.919666,4.0,0.00028024,10,582,0.06212,0.09499,0.01,0.0,100,0.4,0.75,,,-0.01,0.01331,0.0002,-0.01654,0.00488,0.65843
195,199680,72.56758,87.23077,1.0,0.89,1.158537,-0.004606,0.012268,0.004689,0.354502,0.058873,0.289137,62.761112,5.175754,64.145462,5.006373,4.0,0.00028013,13,574,0.06047,0.09253,0.01,0.0,100,0.0,0.83333,,,-0.01,0.01264,0.0006,-0.01201,0.01055,0.96586
196,200704,72.21304,93.8,1.0,0.9,0.936809,-0.004025,0.006808,0.004097,0.290885,0.05392,0.579237,63.730572,4.790908,64.994614,4.460201,4.0,0.00028003,10,593,0.04694,0.0747,0.01,0.0,100,0.1,0.88889,,,-0.01,0.01422,-7e-05,-0.01186,0.00659,0.85113
197,201728,62.61395,88.5,0.875,0.9,0.955292,-0.001421,0.041245,0.002609,0.147632,0.01995,0.307341,64.458687,4.046398,64.081734,8.117218,4.0,0.00027993,8,558,0.05639,0.09652,0.01,0.0,100,0.5,1.0,,,-0.01,0.01244,0.00015,-0.01394,0.00591,0.61128
198,202752,66.3293,88.38462,0.92308,0.91,1.007708,-0.002682,0.042838,0.002254,0.21398,0.019601,0.415761,64.169121,4.767128,63.663628,8.87265,4.0,0.00027983,13,553,0.05752,0.09334,0.01,0.0,100,0.23077,0.88235,,,-0.01,0.01088,0.00013,-0.01351,0.00437,1.02033
199,203776,61.52366,138.42857,0.85714,0.92,0.968485,-0.003162,0.020593,0.003198,0.192161,0.036482,0.446073,62.73991,7.137205,63.268597,6.785051,4.0,0.00027972,7,586,0.05741,0.09348,0.01,0.0,100,0.14286,1.0,,,-0.01,0.01389,0.00035,-0.01435,0.00754,0.51578
200,204800,71.97019,95.5,1.0,0.92,0.861905,-0.00297,0.00817,0.003115,0.198495,0.03697,0.754654,62.87907,6.013404,63.44268,6.110559,4.0,0.00027962,10,604,0.06167,0.10332,0.01,0.0,100,0.3,0.82353,,,-0.01,0.01053,0.00055,-0.0121,0.0041,1.02207
201,205824,71.88017,91.875,1.0,0.92,0.812974,-0.004586,0.003937,0.003539,0.199295,0.047642,0.859514,62.790554,4.78905,63.266502,5.594634,4.0,0.00027952,8,652,0.04766,0.07139,0.01,0.0,100,0.125,1.0,,,-0.01,0.01193,0.00122,-0.01865,0.01033,0.76911
202,206848,56.6142,129.6,0.8,0.91,0.809198,-0.001738,0.041899,0.002735,0.181405,0.017683,0.460719,63.541836,5.569709,62.893166,9.108919,4.0,0.00027942,10,604,0.05549,0.09612,0.02,0.0,100,0.7,0.66667,,,-0.01,0.00957,8e-05,-0.01162,0.00558,0.75772
203,207872,57.17934,131.4,0.8,0.91,0.907609,-0.001536,0.053521,0.001368,0.203524,0.013114,0.222097,65.176399,5.240088,64.133965,8.41957,4.0,0.00027932,10,603,0.04722,0.08061,0.03,0.0,100,0.5,1.0,,,-0.01,0.00924,0.00061,-0.01355,0.003,0.69629
204,208896,65.02739,95.75,0.91667,0.92,0.903082,-0.003727,0.054067,0.001973,0.259105,0.015172,0.251152,63.453632,4.858826,62.846771,8.604293,4.0,0.00027921,12,562,0.06194,0.10089,0.03,0.0,100,0.5,1.0,,,-0.01,0.01075,-0.00014,-0.01442,0.00403,0.95059
205,209920,62.38926,89.125,0.875,0.91,0.933058,-0.00201,0.041673,0.003103,0.195899,0.030552,0.391708,63.108616,4.021882,62.468575,8.465985,4.0,0.00027911,8,612,0.05772,0.08699,0.03,0.0,100,0.25,1.0,,,-0.01,0.00815,0.00085,-0.01207,0.00537,0.58718
206,210944,64.31933,104.45455,0.90909,0.9,1.02522,-0.002081,0.02574,0.001497,0.156701,0.009103,0.50105,62.51577,5.173901,62.8867,7.273635,4.0,0.00027901,11,565,0.07221,0.11101,0.03,0.0,100,0.27273,0.81818,,,-0.01,0.00877,0.00051,-0.01476,0.00496,0.79448
207,211968,58.13639,85.0,0.81818,0.89,0.984673,-0.003055,0.073354,0.004012,0.277523,0.053571,0.408374,62.784729,5.964133,61.504719,11.525478,4.0,0.00027891,11,550,0.05992,0.09312,0.03,0.0,100,0.18182,0.8,,,-0.01,0.01212,0.00103,-0.01556,0.00462,0.73469
208,212992,71.75683,95.8,1.0,0.89,1.016134,-0.003063,0.020675,0.00291,0.23907,0.02703,0.254005,62.828831,6.321384,63.427429,5.886341,4.0,0.0002788,10,556,0.06,0.09539,0.03,0.0,100,0.3,1.0,,,-0.01,0.00856,0.00093,-0.0159,0.00738,0.82414
209,214016,54.8828,129.11111,0.77778,0.89,0.901633,-0.002221,0.034259,0.002703,0.189364,0.02839,0.42907,62.577473,4.575056,62.60397,7.707615,4.0,0.0002787,9,587,0.05247,0.08198,0.03,0.0,100,0.44444,0.66667,,,-0.01,0.01227,0.00049,-0.01175,0.00156,0.62373
210,215040,71.25055,108.16667,1.0,0.89,0.885116,-0.002665,0.007591,0.001399,0.201558,0.009731,0.508039,63.875454,4.63906,64.66748,4.136989,4.0,0.0002786,6,619,0.04245,0.06717,0.03,0.0,100,0.5,1.0,,,-0.01,0.01013,0.0006,-0.00793,0.00728,0.56894
211,216064,71.7915,105.45455,1.0,0.89,0.904675,-0.003927,0.006242,0.002971,0.199234,0.031843,0.635573,63.642403,4.135639,64.294487,4.399533,4.0,0.0002785,11,627,0.05093,0.08059,0.03,0.0,100,0.18182,1.0,,,-0.01,0.00984,0.0012,-0.01366,0.00794,0.98912
212,217088,62.77595,136.625,0.875,0.9,0.825411,-0.004886,0.002374,0.003696,0.226527,0.048828,0.817226,63.651184,3.307961,64.179077,3.786891,4.0,0.00027839,8,635,0.05408,0.0801,0.03,0.0,100,0.25,0.5,,,-0.01,0.01297,0.00104,-0.02008,0.00631,0.65422
213,218112,65.19308,92.63636,0.90909,0.91,0.933067,-0.001477,0.034592,0.003011,0.154854,0.025251,0.425893,64.439018,4.247598,64.469437,8.094513,4.0,0.00027829,11,606,0.04498,0.07169,0.02,0.0,100,0.27273,1.0,,,-0.01,0.01304,0.00057,-0.01104,0.00904,0.85269
214,219136,64.67964,134.5,0.9,0.91,1.003138,-0.004391,0.004097,0.003074,0.196436,0.030273,0.826538,65.264488,4.800477,65.728935,4.70558,4.0,0.00027819,10,539,0.05323,0.07928,0.03,0.0,100,0.3,1.0,,,-0.01,0.01132,0.00054,-0.0159,0.01116,0.73473
215,220160,72.45602,93.625,1.0,0.92,1.028021,-0.003759,0.008309,0.003706,0.202599,0.047468,0.470177,66.093536,4.421031,66.485367,4.193636,4.0,0.00027809,8,581,0.05419,0.08613,0.03,0.0,100,0.125,0.75,,,-0.01,0.01128,0.00081,-0.0112,0.01034,0.6432
216,221184,65.0392,108.16667,0.91667,0.92,0.98446,-0.002158,0.034178,0.002815,0.231557,0.027588,0.517794,65.646721,4.580653,64.506973,8.85922,4.0,0.00027798,12,554,0.05279,0.08709,0.03,0.0,100,0.5,0.88889,,,-0.01,0.00981,0.00142,-0.01135,0.00254,0.91764
217,222208,71.89133,97.625,1.0,0.93,0.921979,-0.003691,0.013044,0.003203,0.170096,0.037493,0.582722,64.750038,5.692629,64.965195,5.694494,4.0,0.00027788,8,585,0.0511,0.08049,0.03,0.0,100,0.75,1.0,,,-0.01,0.01166,0.00081,-0.01342,0.00805,0.67471
218,223232,71.42708,114.77778,1.0,0.94,0.942931,-0.00454,0.003838,0.003292,0.160269,0.042132,0.856408,64.905701,5.069482,64.951248,5.286195,4.0,0.00027778,9,592,0.05222,0.08133,0.03,0.0,100,0.0,1.0,,,-0.01,0.00994,0.00074,-0.0124,0.00968,0.82045
219,224256,65.04387,120.36364,0.90909,0.94,0.923775,-0.002215,0.035124,0.00413,0.19041,0.057059,0.505598,64.281998,4.571461,63.722256,8.871655,4.0,0.00027768,11,584,0.0589,0.09387,0.03,0.0,100,0.45455,1.0,,,-0.01,0.01233,0.00083,-0.01,0.00471,0.86803
220,225280,72.2481,94.44444,1.0,0.95,0.957829,-0.003334,0.011225,0.003622,0.173119,0.032331,0.207443,65.262085,4.760883,65.809608,4.171557,4.0,0.00027757,9,568,0.06213,0.10078,0.02,0.0,100,0.44444,0.0,,,-0.01,0.01199,0.00224,-0.01134,0.00513,0.74231
221,226304,61.68239,110.375,0.875,0.94,1.0102,-0.001935,0.034253,0.003703,0.202029,0.041713,0.462405,66.245872,4.323948,65.39679,8.384912,4.0,0.00027747,8,573,0.06402,0.09711,0.02,0.0,100,0.375,1.0,,,-0.01,0.0093,0.00125,-0.0116,0.0051,0.57822
222,227328,71.85483,105.64286,1.0,0.95,1.078363,-0.00505,0.004184,0.003166,0.211951,0.031703,0.521681,66.572289,3.319831,67.076454,3.133629,4.0,0.00027737,14,591,0.0665,0.09898,0.01,0.0,100,0.14286,0.9,,,-0.01,0.01084,0.00085,-0.01245,0.01033,1.08941
223,228352,53.00363,97.5,0.75,0.94,0.984871,-0.001951,0.084021,0.002748,0.423179,0.025739,0.190807,66.134262,3.384945,63.733765,10.406395,4.0,0.00027727,8,605,0.06466,0.10129,0.01,0.0,100,0.5,1.0,,,-0.01,0.01263,0.00125,-0.0103,0.0025,0.47666
224,229376,60.91647,107.0,0.85714,0.93,0.877662,-0.003388,0.066686,0.002847,0.305231,0.03132,0.615187,60.648769,10.937386,58.790134,12.929075,4.0,0.00027716,7,606,0.05558,0.08755,0.01,0.0,100,0.28571,1.0,,,-0.01,0.01045,0.00093,-0.00906,0.00321,0.55991
225,230400,60.13681,102.53846,0.84615,0.92,1.067062,-0.003035,0.053459,0.003543,0.24185,0.045933,0.549791,62.939236,6.528753,62.01498,10.9402,4.0,0.00027706,13,554,0.07005,0.10922,0.0,0.0,100,0.30769,1.0,,,-0.01,0.01238,0.00107,-0.01495,0.00577,0.84552
226,231424,63.59185,96.88889,0.88889,0.91,1.100742,-0.002494,0.056377,0.002924,0.191578,0.030448,0.447754,62.707191,7.990473,62.06324,10.173968,4.0,0.00027696,9,588,0.0784,0.11304,0.0,0.0,100,0.55556,1.0,,,-0.01,0.01049,0.00138,-0.01169,0.00498,0.62246
227,232448,64.5073,112.0,0.9,0.91,1.03643,-0.001659,0.042382,0.002058,0.193789,0.011021,0.396243,61.934212,5.358321,61.888428,8.741598,4.0,0.00027686,10,593,0.07705,0.11474,0.0,0.0,100,0.3,1.0,,,-0.01,0.01271,0.00093,-0.00943,0.01037,0.75347
228,233472,71.99952,103.2,1.0,0.91,1.045559,-0.002999,0.012797,0.003522,0.278538,0.038853,0.351112,62.470131,4.856318,63.464233,4.746319,4.0,0.00027676,10,533,0.0886,0.12666,0.0,0.0,100,0.4,0.88889,,,-0.01,0.01219,0.001,-0.00951,0.00419,0.82645
229,234496,71.85657,97.75,1.0,0.91,1.026466,-0.004361,0.011202,0.002086,0.207016,0.014648,0.718455,61.627876,5.483224,62.09124,6.201284,4.0,0.00027665,8,599,0.11152,0.15775,0.0,0.0,100,0.25,0.88889,,,-0.01,0.0114,-0.00096,-0.01663,0.0057,0.69956
230,235520,60.62194,98.14286,0.85714,0.91,1.005257,-0.002473,0.044747,0.002393,0.226926,0.019148,0.490939,60.338886,6.258738,59.016148,9.291531,4.0,0.00027655,7,575,0.11345,0.15992,0.0,0.0,100,0.42857,0.66667,,,-0.01,0.00984,-0.001,-0.01746,0.00137,0.56637
231,236544,71.81541,98.71429,1.0,0.91,0.896227,-0.004749,0.007877,0.002706,0.202517,0.030901,0.84749,59.889385,6.575559,60.564484,7.19515,4.0,0.00027645,7,643,0.09915,0.1441,0.0,0.0,100,0.57143,0.9,,,-0.01,0.0124,0.00052,-0.01357,0.00794,0.71209
232,237568,55.72156,174.77778,0.77778,0.9,1.005963,-0.005522,0.005188,0.004224,0.234075,0.051862,0.863861,61.702332,5.74319,62.472881,6.303762,4.0,0.00027635,9,582,0.09977,0.14736,0.02,0.0,100,0.44444,0.84615,,,-0.01,0.01325,4e-05,-0.01538,0.00647,0.62358
233,238592,63.01554,135.7,0.9,0.89,1.116683,-0.005055,0.004591,0.004511,0.322721,0.053676,0.735683,63.707855,4.313517,64.918015,4.085269,4.0,0.00027624,10,555,0.07583,0.11199,0.03,0.0,100,0.4,1.0,,,-0.01,0.01256,-0.00037,-0.01344,0.00844,0.69249
234,239616,72.13284,98.3,1.0,0.91,1.038493,-0.003477,0.006474,0.003905,0.239259,0.046212,0.654865,64.517677,4.297328,65.29528,4.34043,4.0,0.00027614,10,561,0.08698,0.13103,0.03,0.0,100,0.3,1.0,,,-0.01,0.01463,8e-05,-0.0103,0.00431,0.80869
235,240640,63.97025,110.2,0.9,0.91,0.862469,-0.002274,0.039356,0.003265,0.195709,0.039795,0.484527,64.525299,4.925322,63.802021,8.759991,4.0,0.00027604,10,630,0.07957,0.11975,0.03,0.0,100,0.4,1.0,,,-0.01,0.01312,0.00053,-0.01248,0.00041,0.89834
236,241664,71.99461,96.16667,1.0,0.93,0.94986,-0.003408,0.008398,0.003479,0.189851,0.043422,0.538441,65.614632,4.751659,66.123856,4.238976,4.0,0.00027594,6,581,0.07196,0.10661,0.03,0.0,100,0.5,1.0,,,-0.01,0.01499,0.0006,-0.01,0.00568,0.53876
237,242688,57.28004,135.9,0.8,0.92,1.019416,-0.002857,0.04141,0.00247,0.1654,0.027867,0.368302,66.127663,3.961473,65.644714,8.057682,4.0,0.00027583,10,549,0.07103,0.10373,0.04,0.0,100,0.3,1.0,,,-0.01,0.01219,-0.00033,-0.0101,0.00807,0.68343
238,243712,72.4208,92.46154,1.0,0.93,1.145749,-0.003037,0.005083,0.00824,0.414142,0.113735,0.57551,66.586037,3.604582,67.115707,3.39891,4.0,0.00027573,13,502,0.09193,0.13267,0.04,0.0,100,0.07692,0.9,,,-0.01,0.01247,3e-05,-0.01425,0.00869,0.96793
239,244736,72.11433,95.33333,1.0,0.93,1.032694,-0.001695,0.010631,0.007801,0.367399,0.120431,0.486016,67.122795,3.655853,67.087532,4.421025,4.0,0.00027563,9,583,0.08791,0.12656,0.04,0.0,100,0.11111,0.875,,,-0.01,0.01718,-0.00133,-0.01173,0.00477,0.72987
240,245760,71.94886,98.09091,1.0,0.93,1.021387,-0.003141,0.004228,0.003321,0.196612,0.03261,0.633591,66.86158,3.390561,67.117188,3.427625,4.0,0.00027553,11,587,0.08079,0.12185,0.04,0.0,100,0.27273,0.88889,,,-0.01,0.01455,-1e-05,-0.01292,0.00523,0.91954
241,246784,72.15081,98.33333,1.0,0.94,0.995755,-0.005177,0.002156,0.004147,0.222818,0.052455,0.764772,67.686897,3.230325,67.88456,3.051787,4.0,0.00027542,9,613,0.07069,0.10217,0.04,0.0,100,0.22222,1.0,,,-0.01,0.0132,0.00028,-0.01164,0.00632,0.78151
242,247808,71.52913,99.14286,1.0,0.95,0.829447,-0.004789,0.001724,0.003546,0.207295,0.046422,0.761597,67.918083,2.773963,67.784538,2.720147,4.0,0.00027532,7,668,0.06575,0.09694,0.03,0.0,100,0.28571,1.0,,,-0.01,0.0134,0.00085,-0.01368,0.00603,0.69747
243,248832,71.27271,119.25,1.0,0.97,0.874264,-0.004938,0.001825,0.004526,0.233677,0.061942,0.767988,67.410027,2.524311,67.550758,2.75245,4.0,0.00027522,12,630,0.05545,0.08677,0.01,0.0,100,0.25,1.0,,,-0.01,0.01266,0.00042,-0.01122,0.00733,1.08005
244,249856,53.90342,133.5,0.75,0.95,0.833135,-0.001943,0.052422,0.002586,0.259381,0.026053,0.090857,67.550873,2.512495,66.051735,7.402231,4.0,0.00027512,8,589,0.06267,0.08981,0.02,0.0,100,0.375,0.71429,,,-0.01,0.0135,0.00108,-0.01293,0.00412,0.5409
245,250880,72.03645,91.7,1.0,0.96,0.823102,-0.002527,0.004784,0.002637,0.238778,0.031982,0.670115,66.284401,2.943487,66.275475,3.471509,4.0,0.00027501,10,644,0.05819,0.08842,0.02,0.0,100,0.4,1.0,,,-0.01,0.01148,0.00059,-0.01244,0.00616,0.95064
246,251904,72.56242,95.0,1.0,0.96,0.805344,-0.005253,0.004415,0.003763,0.227577,0.049526,0.670438,65.695091,3.10626,65.537453,3.572856,4.0,0.00027491,7,655,0.07376,0.10779,0.02,0.0,100,0.0,0.92308,,,-0.01,0.01383,0.0002,-0.00971,0.00805,0.69619
247,252928,64.47968,127.11111,0.88889,0.96,0.754698,-0.002915,0.002829,0.002574,0.182272,0.02703,0.871101,65.130959,3.999068,65.180061,4.683836,4.0,0.00027481,9,685,0.06526,0.10343,0.03,0.0,100,0.22222,0.75,,,-0.01,0.01282,0.00106,-0.0098,0.01027,0.86596
248,253952,57.31648,121.3,0.8,0.95,0.849879,-0.003048,0.052219,0.006267,0.296333,0.093297,0.344156,65.247253,4.450044,64.048935,8.500208,4.0,0.00027471,10,633,0.07711,0.11639,0.03,0.0,100,0.6,0.83333,,,-0.01,0.01343,0.00013,-0.01335,0.00376,0.74271
249,254976,65.06202,123.6,0.9,0.94,0.949028,-0.003205,0.005117,0.002341,0.215089,0.023612,0.827949,65.342758,4.624434,65.540482,5.054906,4.0,0.0002746,10,625,0.07809,0.11204,0.04,0.0,100,0.3,1.0,,,-0.01,0.01188,-0.00032,-0.01072,0.01008,0.77522
250,256000,72.39461,91.25,1.0,0.94,1.019321,-0.004369,0.003259,0.003141,0.177536,0.033343,0.660511,66.681274,2.779875,67.171486,3.057229,4.0,0.0002745,12,590,0.06737,0.10082,0.04,0.0,100,0.08333,1.0,,,-0.01,0.014,0.00042,-0.01192,0.00707,0.94571
251,257024,71.77771,99.55556,1.0,0.94,1.057747,-0.00495,0.002414,0.002727,0.214437,0.028634,0.70627,66.956909,2.679045,67.298965,2.820527,4.0,0.0002744,9,555,0.0746,0.1149,0.04,0.0,100,0.33333,0.8,,,-0.01,0.01229,0.00023,-0.01567,0.00937,0.68298
252,258048,61.42848,87.28571,0.85714,0.92,1.004449,-0.002724,0.087301,0.00191,0.396903,0.015137,0.224504,67.081825,3.082559,64.875267,10.686634,4.0,0.0002743,14,533,0.06815,0.10877,0.04,0.0,100,0.28571,0.90909,,,-0.01,0.01178,0.00135,-0.0131,0.00395,0.93107
253,259072,65.006,88.3,0.9,0.91,0.896507,-0.00336,0.075092,0.002507,0.289714,0.022112,0.468058,62.333965,8.928486,60.914726,11.388085,4.0,0.0002742,10,600,0.06126,0.10198,0.04,0.0,100,0.5,0.75,,,-0.01,0.01288,0.00148,-0.012,0.00303,0.78492
254,260096,55.59773,83.66667,0.77778,0.91,0.912665,-0.003582,0.067757,0.00261,0.305868,0.027274,0.604771,61.79998,8.60027,60.567261,12.454089,4.0,0.00027409,9,599,0.06233,0.09548,0.03,0.0,100,0.44444,1.0,,,-0.01,0.01251,0.00148,-0.01509,0.0062,0.60859
255,261120,71.78696,98.4,1.0,0.91,0.975373,-0.003006,0.015421,0.002983,0.222851,0.032819,0.7848,61.459629,8.267888,61.989765,8.568758,4.0,0.00027399,10,607,0.07007,0.10848,0.03,0.0,100,0.1,0.8,,,-0.01,0.01047,0.00099,-0.00996,0.00855,0.87343
256,262144,64.76316,127.5,0.9,0.9,1.072745,-0.002705,0.031069,0.005839,0.256294,0.082764,0.711353,61.171375,9.972223,61.671688,10.139675,4.0,0.00027389,10,591,0.07136,0.1068,0.04,0.0,100,0.1,1.0,,,-0.01,0.01117,0.00067,-0.01105,0.00691,0.73749
257,263168,62.39326,104.875,0.875,0.9,1.012367,-0.001254,0.048465,0.003072,0.240893,0.033308,0.642968,60.224026,8.907669,59.984505,11.291773,4.0,0.00027379,8,537,0.08214,0.13088,0.03,0.0,100,0.375,0.83333,,,-0.01,0.01124,0.00214,-0.01056,0.00527,0.59765
258,264192,72.3164,105.57143,1.0,0.91,0.984475,-0.00278,0.035388,0.00293,0.186218,0.030099,0.745796,58.963257,11.111187,58.354313,11.357212,4.0,0.00027368,7,577,0.08663,0.12913,0.02,0.0,100,0.14286,0.77778,,,-0.01,0.01089,0.00083,-0.00773,0.00327,0.64238
259,265216,53.52122,141.5,0.75,0.9,0.933997,-0.002682,0.02406,0.002026,0.152174,0.016881,0.849191,57.503819,10.358324,57.425751,11.988873,4.0,0.00027358,8,631,0.08752,0.13071,0.03,0.0,100,0.375,1.0,,,-0.01,0.01139,0.00048,-0.00903,0.00644,0.57622
260,266240,71.26223,132.28571,1.0,0.91,1.052221,-0.004002,0.022092,0.004618,0.216476,0.060547,0.744265,60.828484,8.868556,60.803082,8.911139,4.0,0.00027348,7,605,0.0863,0.12814,0.02,0.0,100,0.14286,0.78571,,,-0.01,0.01143,0.00108,-0.00959,0.00581,0.60644
261,267264,58.40732,174.0,0.83333,0.9,1.060048,-0.005365,0.005676,0.003892,0.232255,0.051165,0.930903,61.373817,8.535246,61.86895,8.89293,4.0,0.00027338,6,640,0.09441,0.13654,0.03,0.0,100,0.16667,1.0,,,-0.01,0.01092,0.0012,-0.00916,0.00597,0.43713
262,268288,71.00153,128.77778,1.0,0.9,1.083834,-0.003925,0.009535,0.003221,0.196963,0.036203,0.903306,61.824284,9.993064,61.854778,9.99329,4.0,0.00027327,9,613,0.08282,0.12138,0.03,0.0,100,0.22222,0.9375,,,-0.01,0.00979,0.00128,-0.00971,0.00472,0.77131
263,269312,60.4765,168.42857,0.85714,0.89,1.069923,-0.004276,0.007732,0.00457,0.251307,0.055141,0.870491,62.652458,7.185054,63.075043,7.324593,4.0,0.00027317,7,553,0.08789,0.13118,0.04,0.0,100,0.28571,1.0,,,-0.01,0.0123,0.00258,-0.01096,0.00724,0.49697
264,270336,71.77117,109.27273,1.0,0.91,1.0944,-0.002713,0.007348,0.003464,0.25032,0.032715,0.535125,64.006378,4.048532,64.897148,4.105205,4.0,0.00027307,11,533,0.07746,0.11548,0.04,0.0,100,0.09091,1.0,,,-0.01,0.01359,0.00124,-0.01239,0.00416,0.87885
265,271360,71.23091,114.5,1.0,0.92,1.1026,-0.004019,0.004599,0.004455,0.235572,0.053711,0.736316,64.502808,4.22978,64.937965,4.292943,4.0,0.00027297,8,583,0.11406,0.16637,0.04,0.0,100,0.125,0.90909,,,-0.01,0.01039,-0.00032,-0.01464,0.00732,0.64128
266,272384,71.52424,103.0,1.0,0.94,1.180849,-0.007235,0.002388,0.004764,0.270394,0.058454,0.898667,64.034233,4.468421,64.471085,5.046124,4.0,0.00027286,8,557,0.13419,0.19155,0.04,0.0,100,0.0,1.0,,,-0.01,0.00812,0.00069,-0.01394,0.0082,0.60832
267,273408,63.83419,108.7,0.9,0.93,1.09962,-0.002023,0.053155,0.003083,0.21472,0.034633,0.233043,64.48214,5.156567,63.477337,8.322816,4.0,0.00027276,10,568,0.13121,0.1965,0.04,0.0,100,0.2,0.85714,,,-0.01,0.00936,0.00067,-0.01658,0.00476,0.71097
268,274432,62.17568,140.44444,0.88889,0.93,1.034185,-0.004601,0.006731,0.003058,0.209732,0.033029,0.756079,64.221703,4.426285,64.599701,4.836977,4.0,0.00027266,9,563,0.11351,0.17547,0.04,0.0,100,0.22222,0.9697,,,-0.01,0.00974,0.00128,-0.01542,0.00712,0.62616
269,275456,70.3713,121.75,1.0,0.94,0.951427,-0.003614,0.004993,0.00387,0.211673,0.051758,0.400718,65.718887,3.279832,65.972855,2.942521,4.0,0.00027256,8,592,0.07709,0.12865,0.04,0.0,100,0.375,0.71429,,,-0.01,0.01277,0.00135,-0.01414,0.00436,0.70312
270,276480,71.77316,105.5,1.0,0.94,0.975427,-0.004374,0.002592,0.003065,0.242097,0.033517,0.577613,66.289955,1.985689,66.677269,2.329967,4.0,0.00027245,10,511,0.06265,0.10553,0.04,0.0,100,0.1,1.0,,,-0.01,0.01198,0.00197,-0.01271,0.00893,0.80214
271,277504,48.99048,99.1,0.7,0.93,1.056314,-0.001858,0.115154,0.002554,0.541611,0.029367,0.09881,66.419823,2.201288,63.47646,11.024366,4.0,0.00027235,10,551,0.06106,0.1024,0.03,0.0,100,0.3,1.0,,,-0.01,0.01325,0.00074,-0.01223,-0.00067,0.55282
272,278528,71.9046,107.22222,1.0,0.94,0.949744,-0.003049,0.034638,0.002596,0.314225,0.028111,0.543427,60.035828,8.106295,60.723637,8.09144,4.0,0.00027225,9,583,0.05461,0.08964,0.02,0.0,100,0.0,1.0,,,-0.01,0.01277,0.00161,-0.00808,0.00836,0.7771
273,279552,72.06489,114.28571,1.0,0.94,1.000106,-0.004205,0.010886,0.003082,0.181606,0.037179,0.688318,60.13092,5.353367,60.404438,5.752649,4.0,0.00027215,7,637,0.07268,0.11271,0.02,0.0,100,0.0,0.4,,,-0.01,0.01293,0.00245,-0.013,0.00609,0.6471
274,280576,68.43208,169.5,1.0,0.95,0.884619,-0.003233,0.009863,0.002557,0.169936,0.026053,0.723938,59.385883,5.451098,59.596283,5.662586,4.0,0.00027204,6,686,0.06007,0.09277,0.01,0.0,100,0.16667,0.66667,,,-0.01,0.00952,0.00113,-0.01248,0.00083,0.62623
275,281600,63.65807,150.11111,0.88889,0.94,1.10455,-0.00535,0.008437,0.003705,0.267785,0.041434,0.536246,60.524529,2.907487,61.305611,4.102556,4.0,0.00027194,9,555,0.06124,0.1041,0.02,0.0,100,0.0,1.0,,,-0.01,0.01187,0.00101,-0.01296,0.00594,0.62524
276,282624,64.14163,106.1,0.9,0.93,1.086102,-0.001068,0.039248,0.004221,0.160758,0.047084,0.369977,61.566795,3.060368,61.782742,7.693594,4.0,0.00027184,10,539,0.06075,0.10146,0.02,0.0,100,0.2,0.75,,,-0.01,0.0109,0.00213,-0.01073,0.00814,0.70588
277,283648,71.33613,111.5,1.0,0.93,0.997244,-0.002608,0.024642,0.002909,0.243418,0.031006,0.46369,60.307186,6.791193,61.057049,6.484614,4.0,0.00027174,8,595,0.05349,0.09456,0.02,0.0,100,0.125,1.0,,,-0.01,0.01279,0.00101,-0.0134,0.0034,0.69271
278,284672,70.94716,111.66667,1.0,0.93,0.93155,-0.00291,0.009314,0.002362,0.17625,0.021136,0.770661,59.802357,5.235093,59.819805,5.903589,4.0,0.00027164,6,619,0.06238,0.09855,0.02,0.0,100,0.0,1.0,,,-0.01,0.00878,0.00062,-0.0149,0.00403,0.58867
279,285696,70.18818,124.57143,1.0,0.94,0.84113,-0.004303,0.00595,0.003525,0.189047,0.047294,0.876149,59.502312,5.820685,59.957371,6.516236,4.0,0.00027153,7,648,0.05178,0.08609,0.02,0.0,100,0.14286,1.0,,,-0.01,0.01022,0.00107,-0.01232,0.00493,0.72596
280,286720,58.29974,183.83333,0.83333,0.93,0.933995,-0.004678,0.00339,0.00222,0.198451,0.02696,0.939542,60.162109,6.547844,60.461487,7.12336,4.0,0.00027143,6,632,0.05431,0.08903,0.03,0.0,100,0.0,1.0,,,-0.01,0.00868,0.00184,-0.01302,0.00584,0.4641
281,287744,64.02099,147.0,0.9,0.93,0.963284,-0.003995,0.005244,0.003223,0.222881,0.029471,0.751803,62.268791,3.609568,62.940838,4.176768,4.0,0.00027133,10,606,0.052,0.08986,0.03,0.0,100,0.2,1.0,,,-0.01,0.01111,0.00075,-0.01325,0.00679,0.76934
282,288768,64.43147,106.81818,0.90909,0.92,1.017158,-0.001063,0.048313,0.002877,0.152262,0.028704,0.345852,62.486961,3.661225,62.198109,8.168812,4.0,0.00027123,11,564,0.04878,0.08611,0.03,0.0,100,0.09091,1.0,,,-0.01,0.011,0.0011,-0.0145,0.00487,0.83163
283,289792,60.75289,102.71429,0.85714,0.93,0.925018,-0.002779,0.047483,0.002453,0.247931,0.028006,0.625022,61.597626,7.634262,60.670055,10.501632,4.0,0.00027112,7,649,0.03404,0.06011,0.03,0.0,100,0.14286,0.0,,,-0.01,0.01233,0.00018,-0.00969,0.00253,0.54415
284,290816,70.00283,141.55556,1.0,0.94,0.941469,-0.003578,0.017878,0.002342,0.202494,0.024554,0.686092,61.032795,7.171239,61.39077,7.151991,4.0,0.00027102,9,615,0.04133,0.07449,0.03,0.0,100,0.0,0.0,,,-0.01,0.00953,0.00124,-0.01634,0.00511,0.78981
285,291840,71.70976,96.0,1.0,0.94,0.927016,-0.003703,0.008387,0.00242,0.258737,0.021763,0.82424,59.78437,6.024964,60.357571,6.67626,4.0,0.00027092,7,647,0.05999,0.09774,0.03,0.0,100,0.0,0.0,,,-0.01,0.01117,0.00109,-0.01196,0.00599,0.66115
286,292864,69.26,173.5,1.0,0.94,0.841099,-0.003021,0.015896,0.001632,0.193079,0.017125,0.672856,58.779472,6.535447,59.038914,6.573916,4.0,0.00027082,6,671,0.07716,0.12388,0.03,0.0,100,0.0,0.0,,,-0.01,0.01138,0.00023,-0.01234,0.00454,0.60978
287,293888,70.79687,124.2,1.0,0.94,0.874683,-0.002634,0.009323,0.002719,0.195016,0.030727,0.792344,59.946346,6.15494,60.135334,6.286592,4.0,0.00027071,5,660,0.07134,0.11266,0.03,0.0,100,0.0,1.0,,,-0.01,0.00863,0.00088,-0.01654,0.00435,0.50264
288,294912,57.51232,161.83333,0.83333,0.94,0.782156,-0.004584,0.004207,0.003792,0.252455,0.05242,0.883661,60.471596,5.149045,60.627159,5.845847,4.0,0.00027061,6,685,0.05748,0.09721,0.03,0.0,100,0.0,1.0,,,-0.01,0.00906,0.00099,-0.01448,0.00312,0.532
289,295936,68.84677,174.66667,1.0,0.95,0.850062,-0.003363,0.009556,0.002741,0.173608,0.033517,0.769911,63.485683,6.036424,63.84594,6.045686,4.0,0.00027051,9,631,0.03741,0.06242,0.03,0.0,100,0.0,1.0,,,-0.01,0.0088,0.00033,-0.01565,0.00788,0.8118
290,296960,68.97,155.375,1.0,0.95,0.957008,-0.005401,0.003797,0.003008,0.220756,0.037249,0.879629,64.190125,5.807885,64.41478,5.531781,4.0,0.00027041,8,648,0.03815,0.06376,0.03,0.0,100,0.0,1.0,,,-0.01,0.00751,0.00042,-0.01309,0.00682,0.67578
291,297984,60.59017,101.85714,0.85714,0.94,0.916898,-0.002011,0.052623,0.003292,0.247539,0.0384,0.394525,63.645836,4.918261,62.646675,8.623088,4.0,0.0002703,7,633,0.0377,0.06181,0.03,0.0,100,0.14286,1.0,,,-0.01,0.01169,0.00119,-0.01257,0.006,0.51017
292,299008,64.15594,123.36364,0.90909,0.93,0.81043,-0.001636,0.037052,0.00169,0.15109,0.012695,0.571548,61.867432,6.881004,62.203918,8.443567,4.0,0.0002702,11,653,0.04225,0.07184,0.03,0.0,100,0.18182,1.0,,,-0.01,0.01227,0.00101,-0.012,0.00584,0.92356
293,300032,71.6613,119.5,1.0,0.95,0.795043,-0.003406,0.017508,0.002421,0.18389,0.024972,0.640661,62.923653,6.689584,63.177006,6.54038,4.0,0.0002701,8,660,0.02738,0.05064,0.01,0.0,100,0.0,0.66667,,,-0.01,0.01358,0.00082,-0.01055,0.00682,0.75006
294,301056,71.74523,103.0,1.0,0.95,0.890369,-0.002584,0.013985,0.00344,0.198453,0.043108,0.686025,63.639149,6.317559,64.158813,6.251152,4.0,0.00027,9,632,0.03586,0.06437,0.01,0.0,100,0.11111,1.0,,,-0.01,0.01225,0.00068,-0.01097,0.00697,0.79306
295,302080,71.14108,120.3,1.0,0.96,0.837837,-0.003555,0.008144,0.003042,0.219742,0.036551,0.693494,63.152958,4.492082,63.837345,4.734228,4.0,0.00026989,10,572,0.03138,0.05975,0.01,0.0,100,0.1,1.0,,,-0.01,0.01323,0.00094,-0.01013,0.00558,0.88605
296,303104,72.25831,100.5,1.0,0.97,0.855414,-0.004113,0.00481,0.002927,0.226208,0.032645,0.62545,64.899635,2.808258,65.264076,3.209159,4.0,0.00026979,8,633,0.02224,0.0413,0.01,0.0,100,0.0,1.0,,,-0.01,0.01211,0.00011,-0.00823,0.00423,0.71211
297,304128,71.325,112.45455,1.0,0.97,0.83433,-0.004163,0.004466,0.00372,0.238956,0.043945,0.70385,64.623734,2.909353,65.229324,3.418602,4.0,0.00026969,11,604,0.0257,0.04856,0.01,0.0,100,0.0,1.0,,,-0.01,0.01065,0.00073,-0.01258,0.007,0.9206
298,305152,71.34302,103.36364,1.0,0.97,0.849301,-0.004431,0.002901,0.004039,0.307384,0.051165,0.755524,65.95575,3.002331,66.599937,3.091784,4.0,0.00026959,11,616,0.02944,0.05051,0.01,0.0,100,0.0,1.0,,,-0.01,0.01077,0.00073,-0.01593,0.00881,0.89133
299,306176,66.31785,82.41667,0.91667,0.97,0.837838,-0.001038,0.058739,0.004103,0.186295,0.049072,0.193554,65.540932,2.770283,65.168236,7.771657,4.0,0.00026948,12,581,0.0379,0.06549,0.0,0.0,100,0.08333,1.0,,,-0.01,0.01234,0.00135,-0.01343,0.0076,0.85931
300,307200,65.61015,85.72727,0.90909,0.96,0.789704,-0.001441,0.052713,0.00171,0.163967,0.011649,0.301726,65.39312,3.449356,64.867516,8.146694,4.0,0.00026938,11,601,0.03126,0.05769,0.0,0.0,100,0.18182,1.0,,,-0.01,0.01464,0.00091,-0.01383,0.00773,0.81588
301,308224,66.72963,84.14286,0.92857,0.97,0.858633,-0.004261,0.060856,0.002826,0.214904,0.029855,0.430091,64.788635,5.811458,64.286179,9.232931,4.0,0.00026928,14,555,0.03432,0.05643,0.0,0.0,100,0.07143,0.0,,,-0.01,0.01053,0.00088,-0.01687,0.00629,1.01847
302,309248,64.85024,87.9,0.9,0.96,0.816879,-0.003026,0.055334,0.003349,0.212263,0.036307,0.54911,63.696796,7.138948,63.349312,10.174321,4.0,0.00026918,10,586,0.0328,0.0545,0.0,0.0,100,0.2,1.0,,,-0.01,0.01271,0.00084,-0.01425,0.00625,0.73136
303,310272,66.245,86.07692,0.92308,0.95,0.870786,-0.002233,0.068452,0.002811,0.226222,0.029227,0.289236,64.691505,5.053382,64.26722,8.801126,4.0,0.00026908,13,579,0.02735,0.05053,0.0,0.0,100,0.15385,1.0,,,-0.01,0.01223,0.00053,-0.0152,0.00763,0.93878
304,311296,72.12332,88.27273,1.0,0.95,0.810666,-0.003422,0.014397,0.002256,0.291413,0.025739,0.122372,63.885983,4.736781,64.908188,4.327668,4.0,0.00026897,11,606,0.03561,0.06334,0.0,0.0,100,0.09091,1.0,,,-0.01,0.01271,0.00089,-0.01211,0.0063,0.91553
305,312320,65.92637,86.58333,0.91667,0.94,0.858928,-0.000719,0.040638,0.001157,0.135468,0.006313,0.453781,63.868618,4.182326,64.003983,8.148986,4.0,0.00026887,12,595,0.0312,0.05432,0.0,0.0,100,0.08333,1.0,,,-0.01,0.01144,0.00053,-0.01511,0.00372,0.88138
306,313344,50.91217,91.81818,0.72727,0.91,0.796581,-0.00214,0.136364,0.002381,0.675934,0.02546,0.453861,63.997616,7.686975,61.353722,14.370224,4.0,0.00026877,11,603,0.02741,0.05033,0.0,0.0,100,0.36364,0.0,,,-0.01,0.00999,0.00063,-0.01359,0.00479,0.66465
307,314368,72.45323,86.75,1.0,0.91,0.858864,-0.001951,0.033397,0.002109,0.370947,0.017194,0.491451,63.368816,8.142707,63.705757,7.59921,4.0,0.00026867,12,573,0.0287,0.04981,0.0,0.0,100,0.08333,0.0,,,-0.01,0.01251,0.00062,-0.01251,0.00511,0.9819
308,315392,72.06522,87.81818,1.0,0.92,0.859395,-0.002934,0.014957,0.002461,0.308876,0.026472,0.655024,62.575588,5.673485,63.985481,5.99232,4.0,0.00026856,11,595,0.04783,0.07912,0.0,0.0,100,0.09091,0.0,,,-0.01,0.01136,0.00112,-0.01549,0.00907,0.90473
309,316416,63.02465,83.625,0.875,0.92,0.806567,-0.002191,0.046215,0.002399,0.227371,0.022496,0.512077,63.386082,5.171472,62.789455,9.162829,4.0,0.00026846,8,617,0.05612,0.08332,0.0,0.0,100,0.125,0.0,,,-0.01,0.01185,0.00027,-0.01563,0.00695,0.61407
310,317440,72.13973,99.0,1.0,0.93,0.845448,-0.004815,0.008535,0.003251,0.211294,0.037493,0.86684,65.093407,7.257311,65.47921,7.340606,4.0,0.00026836,10,615,0.03964,0.05805,0.0,0.0,100,0.0,1.0,,,-0.01,0.00643,0.00022,-0.01818,0.01072,0.83712
311,318464,63.71675,131.54545,0.90909,0.93,0.894218,-0.0039,0.011246,0.004243,0.266616,0.054339,0.686357,65.996727,5.906084,66.289948,5.58043,4.0,0.00026826,11,593,0.02999,0.05188,0.01,0.0,100,0.18182,0.85,,,-0.01,0.0098,0.0001,-0.01475,0.00681,0.80047
312,319488,71.05429,112.0,1.0,0.94,0.841589,-0.002955,0.003569,0.002429,0.221877,0.025495,0.503565,67.245483,2.986686,67.58918,2.565734,4.0,0.00026815,9,608,0.02754,0.04611,0.01,0.0,100,0.0,0.5,,,-0.01,0.01076,0.0006,-0.01528,0.01097,0.7357
313,320512,72.509,82.7,1.0,0.94,0.855623,-0.003209,0.004849,0.002643,0.193313,0.020508,0.618935,67.072182,2.920967,67.005684,3.28217,4.0,0.00026805,10,606,0.02975,0.05346,0.01,0.0,100,0.0,0.0,,,-0.01,0.0084,0.00071,-0.01537,0.00942,0.80907
314,321536,59.5453,123.85714,0.85714,0.93,0.813973,-0.002078,0.06128,0.003298,0.382051,0.039516,0.197961,67.422417,2.914327,65.524971,7.703215,4.0,0.00026795,7,638,0.02885,0.04721,0.01,0.0,100,0.14286,1.0,,,-0.01,0.00786,1e-05,-0.01296,-0.00012,0.55584
315,322560,69.8963,118.5,1.0,0.94,0.904901,-0.003563,0.005603,0.002866,0.226218,0.026855,0.564534,64.908958,2.672011,65.056244,3.041965,4.0,0.00026785,8,610,0.01683,0.0297,0.01,0.0,100,0.0,1.0,,,-0.01,0.00693,-1e-05,-0.02159,0.01199,0.63541
316,323584,62.21855,145.88889,0.88889,0.94,0.823039,-0.002178,0.008535,0.002019,0.177882,0.018938,0.491131,64.852676,3.439883,64.837364,3.718877,4.0,0.00026774,9,666,0.01973,0.03652,0.02,0.0,100,0.11111,1.0,,,-0.01,0.00645,-8e-05,-0.01532,0.00377,0.74161
317,324608,59.23499,91.16667,0.83333,0.95,0.789595,-0.000744,0.028187,0.001607,0.188959,0.006836,0.441236,64.694725,3.102031,63.973328,6.657236,4.0,0.00026764,6,680,0.02363,0.03854,0.02,0.0,100,0.16667,0.0,,,-0.01,0.0095,0.00029,-0.01282,0.00353,0.48714
318,325632,70.01669,131.16667,1.0,0.95,0.765219,-0.003328,0.014814,0.003013,0.216831,0.037109,0.641518,63.712212,5.703948,63.360901,5.615831,4.0,0.00026754,6,691,0.01866,0.03367,0.02,0.0,100,0.0,0.0,,,-0.01,0.00807,0.00037,-0.01399,0.00488,0.6051
319,326656,62.14644,173.1,0.9,0.94,0.805814,-0.003308,0.005888,0.00382,0.228481,0.049037,0.647572,63.537067,3.100214,63.92675,3.638423,4.0,0.00026744,10,636,0.02296,0.04287,0.03,0.0,100,0.2,0.0,,,-0.01,0.01098,0.00105,-0.0152,0.00822,0.79844
320,327680,71.82013,102.0,1.0,0.94,0.822395,-0.002981,0.006054,0.003007,0.261583,0.036237,0.674068,64.021278,3.213881,64.635208,3.899261,4.0,0.00026733,11,608,0.02236,0.04036,0.03,0.0,100,0.0,1.0,,,-0.01,0.00928,0.00017,-0.01055,0.00454,1.008
321,328704,62.31441,118.66667,0.88889,0.94,0.962867,-0.002155,0.057991,0.004852,0.264238,0.065988,0.258921,64.825745,3.492492,64.106918,7.918012,4.0,0.00026723,9,566,0.02248,0.04227,0.03,0.0,100,0.11111,1.0,,,-0.01,0.01006,0.00048,-0.01488,0.00841,0.59184
322,329728,71.98349,93.2,1.0,0.95,0.910775,-0.005378,0.010816,0.004067,0.264098,0.05392,0.594722,64.475212,3.764428,64.816765,4.446039,4.0,0.00026713,10,602,0.02594,0.0459,0.02,0.0,100,0.0,0.0,,,-0.01,0.00915,0.00045,-0.01421,0.00775,0.79543
323,330752,59.8817,119.28571,0.85714,0.94,0.828479,-0.001881,0.055924,0.001623,0.240433,0.010707,0.39259,64.58992,5.082536,63.40107,8.544125,4.0,0.00026703,7,661,0.02121,0.03928,0.02,0.0,100,0.42857,1.0,,,-0.01,0.00999,0.00018,-0.01643,0.00194,0.54893
324,331776,70.45561,117.1,1.0,0.94,0.936042,-0.002851,0.007458,0.003657,0.235183,0.044015,0.473622,65.144653,3.773463,65.760635,3.549078,4.0,0.00026692,10,598,0.01985,0.0367,0.02,0.0,100,0.2,1.0,,,-0.01,0.00797,0.00024,-0.01441,0.01088,0.78828
325,332800,71.34412,101.91667,1.0,0.95,0.972717,-0.002388,0.009237,0.002529,0.237738,0.021345,0.606314,64.954498,3.163763,65.339272,4.175862,4.0,0.00026682,12,586,0.0253,0.04459,0.02,0.0,100,0.08333,0.0,,,-0.01,0.01013,0.00051,-0.01497,0.00556,0.93323
326,333824,64.53128,88.0,0.9,0.94,0.904403,-0.000887,0.034395,0.004413,0.182098,0.056431,0.499077,65.579483,3.891227,65.205536,7.973383,4.0,0.00026672,10,568,0.01773,0.03402,0.02,0.0,100,0.2,1.0,,,-0.01,0.00937,0.00024,-0.01564,0.00616,0.73382
327,334848,63.48117,104.4,0.9,0.94,0.866947,-0.001377,0.068714,0.00336,0.239959,0.046177,0.429399,64.259262,7.44517,63.365959,9.996155,4.0,0.00026662,10,610,0.01917,0.03885,0.01,0.0,100,0.3,0.0,,,-0.01,0.01029,0.00024,-0.01168,0.00295,0.77372
328,335872,62.58276,112.22222,0.88889,0.94,0.823986,-0.001866,0.059132,0.002195,0.240495,0.021275,0.348615,63.891186,5.876215,62.674503,8.674504,4.0,0.00026652,9,594,0.01787,0.03794,0.01,0.0,100,0.22222,0.0,,,-0.01,0.00891,0.00024,-0.01441,0.00344,0.73
329,336896,63.70848,102.6,0.9,0.94,0.955152,-0.001885,0.046855,0.002558,0.270866,0.02424,0.591553,63.675026,6.043649,62.749393,9.751283,4.0,0.00026641,10,542,0.02031,0.03925,0.0,0.0,100,0.1,1.0,,,-0.01,0.00997,0.00012,-0.01493,0.00427,0.77068
330,337920,70.12041,124.71429,1.0,0.94,0.843538,-0.00193,0.027106,0.002444,0.20631,0.021903,0.43062,63.228367,8.118746,63.077396,6.847012,4.0,0.00026631,7,674,0.02122,0.04026,0.0,0.0,100,0.0,1.0,,,-0.01,0.00777,0.00041,-0.01681,-0.00043,0.69236
331,338944,69.32544,134.0,1.0,0.94,0.800462,-0.002467,0.016692,0.002501,0.201305,0.023507,0.524757,61.850925,5.97114,62.146519,5.575423,4.0,0.00026621,7,673,0.01963,0.03844,0.0,0.0,100,0.0,1.0,,,-0.01,0.00817,-0.00018,-0.0113,0.003,0.71828
332,339968,70.54626,120.85714,1.0,0.95,0.841725,-0.003692,0.004883,0.002729,0.1839,0.029681,0.821065,62.69989,4.272147,62.897938,4.642208,4.0,0.00026611,7,682,0.02366,0.03949,0.0,0.0,100,0.14286,1.0,,,-0.01,0.00951,0.00049,-0.00897,0.00343,0.70112
333,340992,59.49256,198.0,0.85714,0.94,0.861005,-0.004166,0.005998,0.002842,0.196132,0.035121,0.831204,62.42981,4.906155,62.404957,5.222147,4.0,0.000266,7,649,0.02303,0.03813,0.01,0.0,100,0.0,1.0,,,-0.01,0.00686,0.00039,-0.01319,0.0072,0.55651
334,342016,61.32218,111.375,0.875,0.94,0.967413,-0.002248,0.037861,0.002947,0.189032,0.032994,0.502402,63.124783,4.251484,62.432701,8.634338,4.0,0.0002659,8,593,0.01928,0.0357,0.01,0.0,100,0.125,0.0,,,-0.01,0.00658,0.00134,-0.01302,0.00531,0.58584
335,343040,69.69316,131.66667,1.0,0.94,0.960202,-0.002331,0.015795,0.002306,0.181064,0.022356,0.551987,63.503479,6.07681,63.387478,5.584732,4.0,0.0002658,6,631,0.01632,0.03123,0.01,0.0,100,0.33333,1.0,,,-0.01,0.0088,0.00042,-0.0124,0.0026,0.52918
336,344064,70.71235,114.45455,1.0,0.94,1.01785,-0.002507,0.010868,0.003282,0.207172,0.032122,0.663354,62.764118,4.934883,63.107704,5.183978,4.0,0.0002657,11,614,0.02831,0.05065,0.01,0.0,100,0.0,1.0,,,-0.01,0.00461,0.00033,-0.01256,0.00497,0.91244
337,345088,68.35104,160.57143,1.0,0.94,0.933801,-0.003652,0.005009,0.004205,0.246337,0.054897,0.737328,62.679111,3.701622,63.09177,3.860564,4.0,0.00026559,7,630,0.0264,0.04616,0.01,0.0,100,0.42857,1.0,,,-0.01,0.00641,0.00077,-0.01291,0.00489,0.60016
338,346112,58.1023,111.33333,0.83333,0.94,0.805799,-0.001145,0.056343,0.002439,0.241287,0.028599,0.307755,63.282146,3.501779,62.203346,7.81586,4.0,0.00026549,6,667,0.02357,0.04375,0.01,0.0,100,0.33333,1.0,,,-0.01,0.00957,0.00016,-0.00887,-0.00112,0.49743
339,347136,58.31288,184.0,0.83333,0.93,0.898416,-0.004395,0.004679,0.002578,0.233825,0.022949,0.802656,64.036674,4.091987,63.962551,4.000882,4.0,0.00026539,6,660,0.01794,0.02859,0.02,0.0,100,0.0,1.0,,,-0.01,0.00643,0.00016,-0.00968,0.00496,0.46466
340,348160,69.04148,169.6,1.0,0.94,0.914665,-0.00525,0.008933,0.004412,0.196722,0.063581,0.650369,62.676922,4.335319,62.391819,4.412438,4.0,0.00026529,5,656,0.01842,0.03721,0.02,0.0,100,0.0,1.0,,,-0.01,0.00904,0.00037,-0.01218,0.0024,0.45877
341,349184,59.9029,149.375,0.875,0.94,0.825076,-0.001408,0.050488,0.001912,0.175261,0.015381,0.308451,62.231663,3.302763,61.539551,7.355797,4.0,0.00026518,8,683,0.02369,0.04658,0.02,0.0,100,0.25,1.0,,,-0.01,0.00829,0.0001,-0.01384,0.00414,0.69343
342,350208,67.72739,169.2,1.0,0.94,0.722405,-0.00377,0.008586,0.002195,0.186497,0.022112,0.650828,61.310616,3.967136,60.841274,4.200085,4.0,0.00026508,5,707,0.02585,0.04588,0.02,0.0,100,0.2,0.5,,,-0.01,0.00648,0.0008,-0.01478,0.00359,0.52587
343,351232,57.18826,183.14286,0.85714,0.94,0.859424,-0.002717,0.056101,0.0028,0.298219,0.031285,0.356307,61.667355,4.188185,60.242256,7.987673,4.0,0.00026498,7,682,0.0322,0.05367,0.02,0.0,100,0.57143,0.5,,,-0.01,0.008,0.00122,-0.00893,-0.00124,0.57083
344,352256,71.57385,107.0,1.0,0.94,0.712641,-0.004675,0.013899,0.002497,0.253614,0.033412,0.633052,61.120205,4.030879,60.506767,5.174533,4.0,0.00026488,4,720,0.01835,0.03252,0.02,0.0,100,0.0,0.0,,,-0.01,0.00654,0.00045,-0.0086,0.00257,0.46721
345,353280,20.91693,231.0,0.33333,0.9,0.640634,-0.001787,0.061941,0.002325,0.333227,0.02403,0.326076,60.022663,4.253654,58.193745,8.318026,4.0,0.00026477,6,747,0.01789,0.03631,0.04,0.0,100,0.5,1.0,,,-0.01,0.01024,0.00032,-0.01095,-0.00541,0.24919
346,354304,56.68267,163.2,0.8,0.89,0.745627,-0.002708,0.021018,0.002545,0.193143,0.026542,0.367342,59.03487,5.596842,58.938992,5.255698,4.0,0.00026467,5,683,0.02018,0.03663,0.05,0.0,100,0.4,0.0,,,-0.01,0.007,0.00029,-0.01126,0.00369,0.44435
347,355328,42.22073,169.25,0.625,0.86,0.772396,-0.001805,0.090509,0.001635,0.352818,0.014753,0.349267,58.716175,3.948967,56.814568,10.210857,4.0,0.00026457,8,687,0.02334,0.04223,0.06,0.0,100,0.375,1.0,,,-0.01,0.009,0.00025,-0.0129,0.00133,0.51812
348,356352,62.87015,166.4,0.9,0.86,0.906167,-0.002688,0.020609,0.001984,0.276764,0.012556,0.444532,59.210339,5.048888,60.025208,5.357139,4.0,0.00026447,10,642,0.01982,0.03798,0.06,0.0,100,0.2,1.0,,,-0.01,0.00877,0.0002,-0.01295,0.00404,0.81962
349,357376,60.2826,103.57143,0.85714,0.86,0.977042,-0.001489,0.04886,0.002914,0.222014,0.026681,0.492818,58.414635,4.837264,58.813244,8.413617,4.0,0.00026436,7,606,0.02365,0.04228,0.06,0.0,100,0.14286,1.0,,,-0.01,0.01039,0.00021,-0.01876,0.00684,0.4867
350,358400,71.02156,111.28571,1.0,0.86,0.913633,-0.002868,0.016229,0.002017,0.279696,0.015695,0.548937,59.579617,4.907378,60.402203,5.23469,4.0,0.00026426,7,639,0.02526,0.03754,0.06,0.0,100,0.0,1.0,,,-0.01,0.0104,0.0001,-0.01499,0.00705,0.62495
351,359424,70.45042,114.16667,1.0,0.86,0.88114,-0.004187,0.012036,0.003443,0.222781,0.041399,0.745003,59.250977,5.45207,59.098751,6.083456,4.0,0.00026416,6,637,0.05712,0.07708,0.06,0.0,100,0.0,0.0,,,-0.01,0.00418,-0.00066,-0.01857,0.00543,0.55582
352,360448,68.15952,183.0,1.0,0.86,0.794399,-0.004542,0.007937,0.003119,0.207491,0.036795,0.795586,58.299618,4.882113,58.49828,5.494701,4.0,0.00026406,4,695,0.05961,0.06065,0.06,0.0,100,0.0,1.0,,,-0.01,0.00836,-0.00159,-0.01679,0.00097,0.40442
353,361472,59.03238,192.28571,0.85714,0.85,0.790454,-0.004528,0.007907,0.004095,0.270334,0.053292,0.82312,59.623447,5.325303,60.315178,5.702389,4.0,0.00026396,7,654,0.03807,0.0563,0.07,0.0,100,0.14286,1.0,,,-0.01,0.0103,0.00038,-0.00708,0.00557,0.58639
354,362496,54.31056,181.0,0.77778,0.85,0.835909,-0.004408,0.008136,0.003448,0.314873,0.043457,0.790015,61.921867,5.171314,63.06144,5.258015,4.0,0.00026385,9,631,0.02748,0.04446,0.08,0.0,100,0.22222,1.0,,,-0.01,0.00984,5e-05,-0.00809,0.01107,0.61693
355,363520,72.52601,93.5,1.0,0.86,0.874231,-0.002888,0.007837,0.003457,0.291871,0.040771,0.656508,62.908726,3.972828,64.210785,3.946658,4.0,0.00026375,10,623,0.02308,0.03947,0.08,0.0,100,0.1,1.0,,,-0.01,0.01167,0.00038,-0.0103,0.00855,0.84627
356,364544,70.52616,135.28571,1.0,0.86,0.809858,-0.003029,0.007129,0.002995,0.239021,0.034354,0.595899,63.459263,3.261557,63.789055,3.560083,4.0,0.00026365,7,638,0.01916,0.03442,0.08,0.0,100,0.0,1.0,,,-0.01,0.01134,0.00033,-0.0096,0.00315,0.61622
357,365568,62.14408,114.25,0.875,0.86,0.763174,-0.00148,0.010389,0.002135,0.140618,0.016218,0.493652,64.403282,2.923869,64.469177,3.793089,4.0,0.00026355,8,696,0.02135,0.03654,0.08,0.0,100,0.125,1.0,,,-0.01,0.0117,0.00038,-0.00969,0.00587,0.716
358,366592,70.96917,131.11111,1.0,0.89,0.805328,-0.003838,0.006055,0.002843,0.198467,0.037563,0.624917,64.188881,2.859118,64.479073,3.386712,4.0,0.00026344,9,651,0.02613,0.04033,0.07,0.0,100,0.22222,1.0,,,-0.01,0.0109,0.00046,-0.01044,0.00676,0.84735
359,367616,43.25855,145.75,0.625,0.88,0.770611,-0.001372,0.121163,0.00096,0.425761,0.010986,0.084086,64.295929,2.410817,61.948784,9.779979,4.0,0.00026334,8,581,0.03296,0.05072,0.06,0.0,100,0.75,0.0,,,-0.01,0.01504,-6e-05,-0.00965,-0.00046,0.45466
360,368640,65.42995,104.45455,0.90909,0.91,0.816697,-0.001622,0.069105,0.002333,0.167794,0.020612,0.264083,62.280903,4.125569,62.079903,8.174221,4.0,0.00026324,11,618,0.04266,0.0611,0.04,0.0,100,0.45455,0.83333,,,-0.01,0.01412,0.00069,-0.01025,0.00852,0.88418
361,369664,72.61165,98.66667,1.0,0.92,0.925146,-0.004429,0.012104,0.003727,0.293116,0.043771,0.455043,62.775043,3.707976,63.634193,4.161066,4.0,0.00026314,9,606,0.04548,0.0637,0.04,0.0,100,0.22222,1.0,,,-0.01,0.01167,0.00056,-0.00917,0.00739,0.74585
362,370688,62.99195,96.125,0.875,0.91,0.863234,-0.002067,0.054706,0.001694,0.220846,0.014125,0.482478,61.790337,4.859443,60.866386,8.849887,4.0,0.00026303,8,630,0.04005,0.05936,0.04,0.0,100,0.375,0.81818,,,-0.01,0.01333,0.0006,-0.00912,0.00315,0.62987
363,371712,71.51456,114.5,1.0,0.91,0.922087,-0.003421,0.007484,0.002207,0.235419,0.018345,0.788083,62.836124,4.220432,63.730377,4.872669,4.0,0.00026293,10,624,0.04427,0.064,0.04,0.0,100,0.4,0.85714,,,-0.01,0.01251,0.00114,-0.01399,0.01147,0.83085
364,372736,71.4887,117.7,1.0,0.92,0.953869,-0.00302,0.016703,0.002864,0.238041,0.031006,0.481951,63.416752,4.698057,64.253036,4.907806,4.0,0.00026283,10,602,0.03985,0.06152,0.03,0.0,100,0.5,0.75,,,-0.01,0.01353,0.00135,-0.01107,0.00716,0.79748
365,373760,66.29052,89.41667,0.91667,0.93,0.972578,-0.002211,0.018008,0.003771,0.201848,0.0512,0.525303,64.722031,3.522321,65.730568,5.057401,4.0,0.00026273,12,585,0.05026,0.07028,0.01,0.0,100,0.5,0.8,,,-0.01,0.01369,0.00052,-0.00953,0.00868,0.83677
366,374784,65.31648,89.0,0.9,0.92,0.856111,-0.002215,0.059079,0.002173,0.226785,0.022182,0.468778,64.873024,4.663208,64.138405,8.921307,4.0,0.00026262,10,611,0.03694,0.05788,0.01,0.0,100,0.5,0.75,,,-0.01,0.01388,0.00099,-0.0082,0.00618,0.77373
367,375808,64.58843,101.0,0.9,0.92,0.881942,-0.001153,0.060668,0.001021,0.206258,0.002825,0.374336,65.208786,4.368813,64.467789,8.438047,4.0,0.00026252,10,626,0.0404,0.05793,0.01,0.0,100,0.4,1.0,,,-0.01,0.01421,0.00081,-0.01014,0.00535,0.77698
368,376832,65.01862,89.7,0.9,0.91,0.918013,-0.002347,0.071978,0.00349,0.285035,0.047538,0.504427,64.182083,7.067171,63.104832,10.21106,4.0,0.00026242,10,622,0.039,0.05707,0.01,0.0,100,0.5,1.0,,,-0.01,0.0124,0.00075,-0.00913,0.00526,0.76729
369,377856,50.87701,145.28571,0.71429,0.91,0.943946,-0.002339,0.058738,0.0037,0.250425,0.04534,0.669049,63.43655,8.973121,62.399239,11.172449,4.0,0.00026232,7,624,0.04418,0.06794,0.02,0.0,100,0.14286,1.0,,,-0.01,0.00988,0.00086,-0.01378,0.00403,0.42024
370,378880,62.93073,113.22222,0.88889,0.91,0.960896,-0.003253,0.068334,0.004459,0.170404,0.049805,0.602032,62.708004,9.552041,62.589134,11.080069,4.0,0.00026221,9,614,0.03942,0.05702,0.01,0.0,100,0.22222,1.0,,,-0.01,0.01222,0.0008,-0.0062,0.0066,0.6754
371,379904,63.37282,119.1,0.9,0.91,1.054571,-0.003665,0.064841,0.002467,0.297629,0.024763,0.535525,63.953281,6.491295,62.672474,9.912834,4.0,0.00026211,10,607,0.04595,0.06965,0.01,0.0,100,0.5,1.0,,,-0.01,0.01019,0.00025,-0.01025,0.00219,0.71195
372,380928,71.84222,104.0,1.0,0.91,1.090066,-0.00276,0.017818,0.003795,0.268511,0.045689,0.19433,64.19902,5.556303,64.489502,4.709266,4.0,0.00026201,8,604,0.04907,0.06606,0.01,0.0,100,0.375,1.0,,,-0.01,0.00927,-0.00028,-0.00762,0.00598,0.63971
373,381952,59.48424,167.66667,0.83333,0.91,0.986705,-0.005302,0.004758,0.004704,0.218856,0.058036,0.716273,64.825768,4.051353,64.951164,3.77937,4.0,0.00026191,6,640,0.03635,0.05418,0.02,0.0,100,0.33333,0.92857,,,-0.01,0.00939,0.00055,-0.0042,0.00517,0.43026
374,382976,70.61356,141.8,1.0,0.91,0.963266,-0.00402,0.005546,0.004519,0.26195,0.060721,0.633839,64.453568,3.46099,65.040573,3.403117,4.0,0.0002618,10,607,0.04254,0.05867,0.02,0.0,100,0.2,0.9,,,-0.01,0.01201,0.00081,-0.0079,0.00578,0.80625
375,384000,72.29432,99.75,1.0,0.91,0.933509,-0.007444,0.00327,0.004718,0.236228,0.058733,0.753545,65.673393,3.162818,66.189034,3.10466,4.0,0.0002617,8,612,0.05389,0.07366,0.02,0.0,100,0.25,1.0,,,-0.01,0.01057,0.00039,-0.00855,0.00941,0.64353
376,385024,71.55623,121.55556,1.0,0.92,0.908733,-0.003015,0.008653,0.002957,0.203222,0.028425,0.615297,65.975639,3.145909,66.050117,3.889789,4.0,0.0002616,9,615,0.04009,0.06231,0.02,0.0,100,0.11111,1.0,,,-0.01,0.01214,0.0008,-0.00891,0.00601,0.72371
377,386048,54.84455,104.22222,0.77778,0.9,0.88233,-0.001171,0.068245,0.002984,0.259797,0.033203,0.293184,66.1679,3.512769,64.889458,9.360246,4.0,0.0002615,9,631,0.05713,0.07451,0.02,0.0,100,0.33333,0.91667,,,-0.01,0.01127,-0.00058,-0.01127,0.00614,0.58216
378,387072,62.7651,120.22222,0.88889,0.9,0.799468,-0.003013,0.076221,0.001709,0.289299,0.013218,0.559797,63.706486,9.358591,62.642979,11.345047,4.0,0.0002614,9,618,0.05154,0.07731,0.02,0.0,100,0.66667,0.94737,,,-0.01,0.01201,0.0008,-0.00987,0.00411,0.69269
379,388096,65.0284,101.81818,0.90909,0.9,0.877209,-0.002495,0.09089,0.001049,0.253706,0.009103,0.513593,63.123646,8.051959,62.140869,11.335575,4.0,0.00026129,11,635,0.04694,0.07971,0.02,0.0,100,0.27273,1.0,,,-0.01,0.00956,0.00088,-0.01309,0.00503,0.85699
380,389120,72.4938,99.0,1.0,0.92,0.78356,-0.003358,0.047521,0.00193,0.236295,0.018345,0.704031,59.982269,10.294226,59.447033,10.873587,4.0,0.00026119,6,668,0.04225,0.06318,0.02,0.0,100,0.16667,0.5,,,-0.01,0.01244,0.00071,-0.01136,0.0084,0.58686
381,390144,52.89302,170.625,0.75,0.91,0.710066,-0.002148,0.065785,0.002076,0.195594,0.018694,0.598686,58.985149,9.285028,58.366035,11.018086,4.0,0.00026109,8,691,0.05296,0.082,0.02,0.0,100,0.5,1.0,,,-0.01,0.01155,0.00068,-0.01076,0.00565,0.64086
382,391168,63.87188,105.55556,0.88889,0.91,0.717223,-0.00174,0.074921,0.001388,0.150227,0.009731,0.510243,58.340023,9.083223,57.960999,10.971558,4.0,0.00026099,9,685,0.04025,0.07267,0.02,0.0,100,0.44444,1.0,,,-0.01,0.01355,0.00057,-0.01,0.00293,0.8529
383,392192,62.68403,140.88889,0.88889,0.91,0.846391,-0.002214,0.051139,0.00345,0.203358,0.032645,0.599872,59.263275,6.811298,59.561916,9.845908,4.0,0.00026088,9,627,0.05043,0.07337,0.02,0.0,100,0.55556,0.75,,,-0.01,0.01402,0.0009,-0.01252,0.00309,0.72765
384,393216,72.43621,89.0,1.0,0.91,0.797439,-0.003773,0.029084,0.003551,0.258367,0.043248,0.519771,60.058887,6.310638,61.242271,6.696083,4.0,0.00026078,9,629,0.04594,0.07487,0.02,0.0,100,0.44444,1.0,,,-0.01,0.01259,0.00089,-0.01338,0.0047,0.80016
385,394240,72.18824,88.5,1.0,0.92,0.797598,-0.003102,0.01882,0.002645,0.218968,0.028425,0.83837,58.877178,8.457984,58.941292,9.053938,4.0,0.00026068,6,677,0.06609,0.09832,0.01,0.0,100,0.66667,1.0,,,-0.01,0.01408,-0.00015,-0.00999,0.00608,0.62457
386,395264,70.55577,145.1,1.0,0.92,0.787541,-0.002247,0.018329,0.002095,0.201616,0.025844,0.854706,59.391106,8.951917,60.184296,9.24113,4.0,0.00026058,10,670,0.05513,0.09102,0.01,0.0,100,0.2,1.0,,,-0.01,0.01358,0.00111,-0.00985,0.009,0.97946
387,396288,60.96939,149.16667,0.83333,0.91,0.727896,-0.004283,0.006491,0.001967,0.193144,0.021449,0.946325,60.863243,9.257083,61.362175,9.973151,4.0,0.00026047,6,681,0.03373,0.05696,0.02,0.0,100,0.0,1.0,,,-0.01,0.01221,0.00061,-0.007,0.01212,0.51205
388,397312,64.66055,90.2,0.9,0.92,0.75346,-0.002387,0.061775,0.002453,0.279087,0.029157,0.638587,61.433022,8.569563,60.277382,11.210252,4.0,0.00026037,10,686,0.03694,0.06693,0.02,0.0,100,0.4,1.0,,,-0.01,0.01206,0.00035,-0.01283,0.00133,0.90247
389,398336,48.58859,156.5,0.7,0.89,0.827392,-0.003553,0.112972,0.003136,0.503671,0.040318,0.453762,60.619236,7.71309,58.715878,12.120224,4.0,0.00026027,10,611,0.06135,0.09947,0.03,0.0,100,0.5,0.90909,,,-0.01,0.01273,0.0008,-0.01011,0.00241,0.62524
390,399360,71.85926,103.11111,1.0,0.91,0.880599,-0.003839,0.030532,0.002982,0.3034,0.033796,0.201605,61.464069,6.335206,61.972759,5.711125,4.0,0.00026017,9,634,0.0465,0.07531,0.03,0.0,100,0.22222,1.0,,,-0.01,0.01219,-0.00045,-0.00805,0.00373,0.78669
391,400384,71.96093,94.125,1.0,0.91,0.904062,-0.003916,0.015249,0.002776,0.179715,0.027274,0.522041,62.253651,3.686651,62.526848,4.761342,4.0,0.00026006,8,584,0.0405,0.07122,0.03,0.0,100,0.375,1.0,,,-0.01,0.01025,0.00038,-0.01076,0.00349,0.67176
392,401408,71.24042,113.44444,1.0,0.92,0.907307,-0.003554,0.00821,0.00334,0.231098,0.042132,0.723073,63.159512,4.785965,63.78471,4.767938,4.0,0.00025996,9,640,0.03893,0.0671,0.03,0.0,100,0.44444,1.0,,,-0.01,0.00864,0.00046,-0.00914,0.00735,0.77035
393,402432,58.54987,156.71429,0.85714,0.92,0.847924,-0.001123,0.053756,0.000987,0.276795,0.00558,0.422199,63.64682,4.613353,62.563812,8.35785,4.0,0.00025986,7,658,0.04519,0.07443,0.02,0.0,100,0.14286,1.0,,,-0.01,0.00796,0.00075,-0.01029,0.00212,0.52324
394,403456,71.34163,117.25,1.0,0.93,0.92717,-0.004228,0.008644,0.002936,0.259829,0.033726,0.736244,64.817383,4.849648,65.301201,4.621845,4.0,0.00025976,8,660,0.0523,0.08388,0.02,0.0,100,0.0,0.88889,,,-0.01,0.00807,0.00092,-0.00974,0.00993,0.69098
395,404480,64.92722,99.72727,0.90909,0.93,0.840816,-0.001686,0.055741,0.002215,0.217169,0.028111,0.55094,62.79166,5.872248,62.180664,9.579184,4.0,0.00025965,11,624,0.04423,0.07522,0.02,0.0,100,0.27273,0.75,,,-0.01,0.01281,0.00133,-0.01246,0.00596,0.8655
396,405504,70.7168,122.72727,1.0,0.93,0.893661,-0.003947,0.010768,0.00354,0.29582,0.037563,0.405435,63.686012,3.746827,64.757439,3.760568,4.0,0.00025955,11,591,0.0443,0.07612,0.02,0.0,100,0.36364,0.83333,,,-0.01,0.01094,0.00069,-0.01623,0.00742,0.85607
397,406528,71.89505,95.4,1.0,0.93,0.933947,-0.002538,0.004974,0.00162,0.237463,0.013637,0.706963,65.178482,3.666332,66.098679,3.51212,4.0,0.00025945,10,598,0.04857,0.08484,0.02,0.0,100,0.2,1.0,,,-0.01,0.01158,0.00109,-0.01194,0.01074,0.77704
398,407552,72.52848,95.36364,1.0,0.94,0.907905,-0.005393,0.002853,0.003938,0.27748,0.052316,0.829458,66.430206,3.367107,67.1437,3.320541,4.0,0.00025935,11,589,0.04799,0.0844,0.01,0.0,100,0.27273,0.33333,,,-0.01,0.00873,0.00135,-0.01105,0.01093,0.85805
399,408576,72.10028,93.125,1.0,0.95,0.764961,-0.003035,0.004886,0.002286,0.148852,0.019182,0.653305,67.198853,3.11642,67.22583,3.096625,4.0,0.00025924,8,636,0.03404,0.06325,0.01,0.0,100,0.375,1.0,,,-0.01,0.01039,0.0006,-0.01275,0.00258,0.72542
400,409600,72.09183,90.33333,1.0,0.97,0.590649,-0.002351,0.002674,0.001319,0.183048,0.010324,0.659145,67.586525,2.583803,67.22097,2.425931,4.0,0.00025914,6,765,0.03169,0.05865,0.0,0.0,100,0.0,0.66667,,,-0.01,0.01082,0.00026,-0.01256,0.00412,0.75876
401,410624,69.1468,162.57143,1.0,0.98,0.564625,-0.002941,0.003524,0.001625,0.217019,0.022008,0.687937,66.622032,2.469957,66.013817,2.756953,4.0,0.00025904,7,782,0.03437,0.06741,0.0,0.0,100,0.28571,0.71429,,,-0.01,0.01075,0.00069,-0.01024,0.00228,0.91369
402,411648,60.16184,171.28571,0.85714,0.97,0.709483,-0.004195,0.003061,0.003568,0.19112,0.044434,0.771535,65.588814,2.463757,65.482689,2.996892,4.0,0.00025894,7,675,0.04659,0.07829,0.01,0.0,100,0.57143,1.0,,,-0.01,0.00959,0.00118,-0.00805,0.00995,0.57839
403,412672,66.40961,126.33333,0.91667,0.96,0.815593,-0.001956,0.005342,0.002598,0.232637,0.023403,0.632928,66.897133,2.561589,66.947739,3.093725,4.0,0.00025884,12,612,0.02975,0.05098,0.02,0.0,100,0.16667,1.0,,,-0.01,0.00908,0.00054,-0.01158,0.00761,0.89371
404,413696,62.50367,88.125,0.875,0.96,0.734583,-0.001713,0.078634,0.003087,0.285506,0.039167,0.092174,66.438057,2.321168,65.100594,7.434045,4.0,0.00025873,8,659,0.03777,0.06548,0.02,0.0,100,0.375,0.0,,,-0.01,0.01151,0.00051,-0.01317,0.00394,0.67011
405,414720,71.39636,114.75,1.0,0.96,0.723827,-0.00443,0.00498,0.002719,0.1891,0.025565,0.750497,64.607903,2.792709,64.66095,3.572939,4.0,0.00025863,8,675,0.06032,0.10182,0.02,0.0,100,0.25,0.0,,,-0.01,0.01046,0.00014,-0.01405,0.00991,0.81138
406,415744,55.0449,129.44444,0.77778,0.95,0.682591,-0.001992,0.072896,0.001826,0.260034,0.01416,0.2497,64.099861,3.301723,62.774738,7.879422,4.0,0.00025853,9,672,0.05561,0.08768,0.03,0.0,100,0.33333,0.77778,,,-0.01,0.01055,8e-05,-0.01712,0.00312,0.71648
407,416768,43.84257,127.625,0.625,0.92,0.718978,-0.002368,0.080944,0.002537,0.421564,0.023193,0.462685,62.922199,4.724835,60.938538,11.228982,4.0,0.00025843,8,646,0.05122,0.08482,0.04,0.0,100,0.375,0.94737,,,-0.01,0.01111,0.00069,-0.01169,0.00764,0.45671
408,417792,71.57734,115.0,1.0,0.92,0.795994,-0.003463,0.027619,0.004434,0.239159,0.061802,0.737747,61.540653,8.002477,62.084236,8.272713,4.0,0.00025832,11,631,0.06184,0.08844,0.04,0.0,100,0.18182,1.0,,,-0.01,0.01237,0.00128,-0.01349,0.00525,0.97087
409,418816,61.22259,93.71429,0.85714,0.91,0.732963,-0.002876,0.082754,0.002261,0.243077,0.022252,0.666964,59.673573,11.123646,58.527824,12.910081,4.0,0.00025822,7,662,0.05259,0.08842,0.04,0.0,100,0.28571,1.0,,,-0.01,0.01139,0.00065,-0.01316,0.00037,0.5812
410,419840,61.18428,99.57143,0.85714,0.9,0.741673,-0.001889,0.066024,0.001264,0.26086,0.010638,0.722382,58.805511,10.282742,57.774536,12.93483,4.0,0.00025812,7,665,0.05249,0.08689,0.04,0.0,100,0.42857,1.0,,,-0.01,0.01069,0.00098,-0.01177,0.00754,0.59441
411,420864,58.52688,119.72727,0.81818,0.88,0.710626,-0.002602,0.070911,0.002713,0.190137,0.032854,0.636852,58.304596,8.637417,57.736794,11.304859,4.0,0.00025802,11,640,0.04381,0.07865,0.05,0.0,100,0.45455,1.0,,,-0.01,0.01292,0.001,-0.00818,0.00028,0.92844
412,421888,44.40533,131.125,0.625,0.85,0.79661,-0.002268,0.120479,0.001914,0.443554,0.017613,0.576995,58.975807,9.082612,56.550911,13.718796,4.0,0.00025791,8,645,0.03778,0.06702,0.06,0.0,100,0.375,1.0,,,-0.01,0.01309,0.00075,-0.00951,0.00296,0.45527
413,422912,57.39034,131.5,0.8,0.84,0.796771,-0.001667,0.06661,0.002142,0.241863,0.020264,0.598097,59.225941,8.694065,59.071461,10.75958,4.0,0.00025781,10,661,0.03472,0.06353,0.06,0.0,100,0.3,1.0,,,-0.01,0.01161,0.00075,-0.01097,0.00625,0.76993
414,423936,71.61545,99.77778,1.0,0.85,0.799747,-0.002423,0.044957,0.002612,0.316686,0.025565,0.63565,59.603397,9.331011,60.666668,9.265675,4.0,0.00025771,9,678,0.03338,0.06137,0.05,0.0,100,0.22222,1.0,,,-0.01,0.00927,0.00102,-0.01047,0.00708,0.87624
415,424960,63.91407,97.88889,0.88889,0.84,0.974944,-0.002575,0.063866,0.002238,0.185861,0.023263,0.570519,61.349712,6.499316,61.0676,9.89772,4.0,0.00025761,9,621,0.04016,0.06774,0.05,0.0,100,0.22222,0.75,,,-0.01,0.01509,0.00134,-0.0111,0.00474,0.64837
416,425984,64.30923,133.77778,0.88889,0.84,0.983211,-0.004204,0.022081,0.005068,0.341042,0.067453,0.613515,61.877209,5.810246,63.076042,6.118253,4.0,0.0002575,9,607,0.03757,0.06235,0.06,0.0,100,0.11111,0.66667,,,-0.01,0.00923,0.0011,-0.0119,0.01358,0.63875
417,427008,71.66039,100.09091,1.0,0.86,0.987738,-0.002202,0.01705,0.002899,0.260596,0.027623,0.594076,62.514954,5.717746,63.684589,5.539418,4.0,0.0002574,11,627,0.04243,0.07209,0.05,0.0,100,0.18182,1.0,,,-0.01,0.01007,0.00053,-0.01224,0.00586,0.91961
418,428032,63.40517,96.66667,0.88889,0.88,0.888424,-0.002379,0.075585,0.001963,0.2646,0.017543,0.348269,63.627556,4.633328,62.739357,8.717325,4.0,0.0002573,9,633,0.04343,0.07623,0.04,0.0,100,0.33333,1.0,,,-0.01,0.0114,0.00143,-0.01115,0.00308,0.71291
419,429056,65.17804,96.0,0.90909,0.87,0.963218,-0.001892,0.034333,0.002464,0.159797,0.023054,0.694638,62.05201,5.904741,62.069111,8.70828,4.0,0.0002572,11,623,0.04191,0.07063,0.04,0.0,100,0.45455,0.5,,,-0.01,0.00901,0.00107,-0.01462,0.00628,0.85144
420,430080,56.26959,180.6,0.8,0.87,0.770629,-0.002088,0.02685,0.002551,0.191641,0.027483,0.614706,60.822269,7.793862,61.293488,6.996995,4.0,0.00025709,5,705,0.03595,0.06166,0.05,0.0,100,0.6,1.0,,,-0.01,0.00959,0.00103,-0.01254,0.00388,0.41921
421,431104,70.23366,140.5,1.0,0.88,0.95007,-0.002798,0.013598,0.001919,0.183673,0.00987,0.780384,63.839355,5.862157,63.722431,6.252103,4.0,0.00025699,8,673,0.04683,0.07836,0.05,0.0,100,0.5,1.0,,,-0.01,0.00759,0.00124,-0.00821,0.00602,0.73011
422,432128,71.15085,114.8,1.0,0.89,0.801629,-0.002821,0.008383,0.002661,0.157263,0.03111,0.849077,61.94968,5.963153,61.925617,6.072236,4.0,0.00025689,5,723,0.02683,0.05094,0.04,0.0,100,0.0,0.0,,,-0.01,0.00817,0.00051,-0.00989,0.0051,0.52517
423,433152,60.14688,172.57143,0.85714,0.9,0.832598,-0.00351,0.008654,0.002948,0.199925,0.033761,0.847186,62.391594,5.39681,62.469109,6.020655,4.0,0.00025679,7,669,0.02776,0.04985,0.04,0.0,100,0.14286,1.0,,,-0.01,0.00807,0.00065,-0.01438,0.00632,0.58454
424,434176,56.16847,179.2,0.8,0.91,0.88067,-0.004963,0.003428,0.003112,0.204433,0.03554,0.945589,64.178268,6.425059,63.893436,6.545136,4.0,0.00025668,5,711,0.04595,0.07304,0.05,0.0,100,0.0,1.0,,,-0.01,0.00697,0.00106,-0.00755,0.00656,0.3941
425,435200,70.13546,146.11111,1.0,0.92,0.944048,-0.003437,0.007544,0.003565,0.187216,0.036098,0.721077,64.610237,4.588584,64.656242,4.307065,4.0,0.00025658,9,640,0.03765,0.06571,0.05,0.0,100,0.0,0.64286,,,-0.01,0.00642,0.00075,-0.00752,0.00427,0.78909
426,436224,63.84974,135.77778,0.88889,0.92,0.886341,-0.003658,0.007951,0.002586,0.18173,0.028878,0.686128,63.528442,3.126516,63.723309,4.009204,4.0,0.00025648,9,650,0.04393,0.07449,0.05,0.0,100,0.11111,1.0,,,-0.01,0.0093,0.00164,-0.00946,0.00446,0.73084
427,437248,71.85462,105.5,1.0,0.92,0.691015,-0.004888,0.00846,0.002457,0.248775,0.028983,0.792563,62.415691,4.353946,61.86404,5.000766,4.0,0.00025638,4,743,0.04223,0.07289,0.05,0.0,100,0.25,1.0,,,-0.01,0.0095,0.00196,-0.01063,0.00046,0.47481
428,438272,48.97873,192.85714,0.71429,0.91,0.668524,-0.001386,0.065926,0.002176,0.308778,0.024972,0.513561,60.084995,6.670945,58.890224,9.395031,4.0,0.00025628,7,732,0.04474,0.08058,0.06,0.0,100,0.71429,1.0,,,-0.01,0.00982,0.00154,-0.01377,0.00297,0.57451
429,439296,48.62614,145.3,0.7,0.89,0.941259,-0.001414,0.087564,0.002442,0.290164,0.024937,0.486167,62.141502,5.657467,60.999882,10.877508,4.0,0.00025617,10,648,0.04456,0.07216,0.06,0.0,100,0.5,1.0,,,-0.01,0.00813,0.00123,-0.00766,0.00577,0.60867
430,440320,72.15849,99.71429,1.0,0.89,0.904733,-0.003554,0.023353,0.00246,0.19637,0.020368,0.791819,61.356743,7.868649,61.415104,8.314072,4.0,0.00025607,7,655,0.04208,0.07085,0.06,0.0,100,0.0,1.0,,,-0.01,0.00683,0.00151,-0.01079,0.00669,0.62708
431,441344,51.48242,126.25,0.75,0.88,0.834588,-0.003226,0.104044,0.002296,0.422631,0.025077,0.607794,59.121685,8.983913,56.933949,13.010527,4.0,0.00025597,8,641,0.04008,0.07713,0.06,0.0,100,0.25,0.6,,,-0.01,0.01067,0.00144,-0.01019,-0.00053,0.55643
432,442368,70.86605,130.0,1.0,0.89,0.932052,-0.003553,0.048166,0.004198,0.330979,0.045375,0.325034,59.237827,7.421857,59.925701,7.434093,4.0,0.00025587,10,618,0.05265,0.09127,0.06,0.0,100,0.1,1.0,,,-0.01,0.01076,0.00185,-0.01045,0.00521,0.86156
433,443392,72.18031,109.0,1.0,0.89,0.814595,-0.004152,0.011741,0.003371,0.278355,0.044922,0.728819,59.686832,5.304812,60.579067,5.529181,4.0,0.00025576,7,678,0.04203,0.06709,0.06,0.0,100,0.0,0.8,,,-0.01,0.00965,0.00131,-0.01067,0.00875,0.67796
434,444416,69.84413,135.5,1.0,0.9,0.853758,-0.002894,0.015458,0.002587,0.20596,0.023193,0.658352,60.145336,5.087078,60.396687,5.488414,4.0,0.00025566,6,665,0.03829,0.06803,0.05,0.0,100,0.0,1.0,,,-0.01,0.00631,0.0007,-0.01408,0.00575,0.55336
435,445440,60.02719,168.85714,0.85714,0.89,0.676509,-0.002632,0.00907,0.001887,0.17229,0.024205,0.827455,60.452808,5.064042,60.553364,5.717892,4.0,0.00025556,7,756,0.0347,0.06193,0.06,0.0,100,0.14286,1.0,,,-0.01,0.00879,0.00077,-0.01054,0.00473,0.72193
436,446464,71.41664,116.5,1.0,0.89,0.762315,-0.003031,0.006548,0.002449,0.206907,0.023891,0.864795,60.773563,4.893053,61.382626,5.638613,4.0,0.00025546,8,708,0.03742,0.06752,0.06,0.0,100,0.125,1.0,,,-0.01,0.01042,0.00152,-0.01004,0.00765,0.83715
437,447488,54.26234,175.33333,0.77778,0.89,0.82833,-0.001271,0.058972,0.002702,0.146119,0.029646,0.485049,61.587559,5.238432,61.429558,8.558241,4.0,0.00025535,9,656,0.0476,0.07353,0.05,0.0,100,0.22222,1.0,,,-0.01,0.00671,0.0014,-0.00792,0.00974,0.63673
438,448512,71.90205,100.33333,1.0,0.89,0.847532,-0.003493,0.017905,0.003548,0.258106,0.037144,0.697019,62.675743,5.766702,63.312359,6.077156,4.0,0.00025525,9,597,0.03695,0.06454,0.05,0.0,100,0.0,1.0,,,-0.01,0.00858,0.00222,-0.01083,0.00705,0.75899
439,449536,62.87498,110.55556,0.88889,0.89,0.947015,-0.001853,0.073554,0.00194,0.218835,0.01552,0.374364,64.307121,4.505744,63.806671,8.437925,4.0,0.00025515,9,621,0.03518,0.06006,0.04,0.0,100,0.33333,0.0,,,-0.01,0.00642,0.00103,-0.0136,0.00658,0.63314
440,450560,70.80865,104.625,1.0,0.9,0.897884,-0.002844,0.010532,0.003253,0.224726,0.036761,0.715945,64.695381,4.779888,65.092354,4.830277,4.0,0.00025505,8,627,0.0336,0.05814,0.03,0.0,100,0.125,1.0,,,-0.01,0.00821,0.00116,-0.01071,0.00427,0.66322
441,451584,71.74118,108.44444,1.0,0.93,0.778414,-0.002615,0.011526,0.003631,0.225108,0.043318,0.662006,63.917107,4.780062,64.464531,4.761144,4.0,0.00025494,9,670,0.03249,0.05709,0.03,0.0,100,0.11111,1.0,,,-0.01,0.00854,0.00095,-0.009,0.00834,0.84929
442,452608,58.15478,117.5,0.83333,0.93,0.774008,-0.001435,0.065129,0.001791,0.357009,0.013497,0.423561,64.934067,4.612465,63.315197,8.409009,4.0,0.00025484,6,706,0.03437,0.06167,0.02,0.0,100,0.16667,0.66667,,,-0.01,0.00607,0.00092,-0.00841,-0.00059,0.50181
443,453632,68.70822,182.42857,1.0,0.93,0.823522,-0.003344,0.006707,0.002745,0.180655,0.031145,0.809284,63.291595,4.742122,63.353313,4.551276,4.0,0.00025474,7,684,0.04408,0.06894,0.02,0.0,100,0.14286,1.0,,,-0.01,0.00717,0.00095,-0.0074,0.00662,0.63979
444,454656,69.95694,134.57143,1.0,0.95,0.809598,-0.002928,0.013733,0.002562,0.173408,0.026263,0.706176,62.295647,5.380423,62.288734,5.501836,4.0,0.00025464,7,677,0.04373,0.07353,0.02,0.0,100,0.0,1.0,,,-0.01,0.00629,0.00059,-0.00931,0.00256,0.67237
445,455680,53.27958,150.625,0.75,0.93,0.877745,-0.001077,0.044051,0.001852,0.184793,0.018555,0.521729,63.1203,4.199441,62.536465,7.740273,4.0,0.00025453,8,643,0.0364,0.06008,0.03,0.0,100,0.125,0.0,,,-0.01,0.0068,0.00114,-0.00418,0.00573,0.52946
446,456704,56.63827,113.2,0.8,0.92,0.736649,-0.003709,0.063953,0.002835,0.236794,0.033447,0.550146,61.034431,6.647467,60.058628,9.429598,4.0,0.00025443,5,726,0.02954,0.05259,0.03,0.0,100,0.2,1.0,,,-0.01,0.00767,0.00066,-0.00734,0.00331,0.41573
447,457728,58.82591,167.5,0.83333,0.91,0.785269,-0.003112,0.009642,0.00254,0.183693,0.026925,0.842243,61.619469,6.097649,61.486301,6.334829,4.0,0.00025433,6,730,0.03256,0.05377,0.04,0.0,100,0.16667,1.0,,,-0.01,0.00586,0.00079,-0.00786,0.00764,0.5376
448,458752,58.11939,226.57143,0.85714,0.9,0.76402,-0.002903,0.021096,0.002228,0.205491,0.024972,0.676126,59.547607,6.587721,58.888672,6.575977,4.0,0.00025423,7,720,0.03777,0.06626,0.05,0.0,100,0.14286,1.0,,,-0.01,0.0074,0.00057,-0.00949,-0.00226,0.62632
449,459776,69.5958,133.25,1.0,0.91,0.637267,-0.003669,0.013109,0.002654,0.164693,0.029018,0.718479,59.023945,5.028445,58.930687,5.374717,4.0,0.00025412,4,783,0.03949,0.06191,0.04,0.0,100,0.25,0.5,,,-0.01,0.00695,0.0005,-0.00606,0.00089,0.5062
450,460800,69.43568,165.6,1.0,0.91,0.674848,-0.003086,0.015206,0.002031,0.162314,0.026053,0.658861,58.315823,5.012856,57.991142,5.270336,4.0,0.00025402,5,767,0.04436,0.07088,0.04,0.0,100,0.0,1.0,,,-0.01,0.00647,0.00062,-0.0064,0.0012,0.60615
451,461824,55.17808,219.2,0.8,0.91,0.545603,-0.002999,0.010243,0.00273,0.159638,0.038051,0.682621,56.942081,3.631351,56.953716,4.475952,4.0,0.00025392,5,792,0.04308,0.07415,0.05,0.0,100,0.2,1.0,,,-0.01,0.00815,0.00153,-0.00511,0.00021,0.57458
452,462848,59.76477,195.42857,0.85714,0.91,0.76484,-0.002226,0.011023,0.002372,0.216728,0.022635,0.73157,58.862061,4.225438,59.620617,4.888732,4.0,0.00025382,7,684,0.03055,0.05237,0.05,0.0,100,0.0,0.0,,,-0.01,0.00797,0.00053,-0.00846,0.00644,0.61359
453,463872,70.27195,136.45455,1.0,0.91,0.972058,-0.004046,0.007716,0.003382,0.358002,0.032785,0.791631,60.617859,3.913572,62.130302,4.579283,4.0,0.00025372,11,609,0.03807,0.06386,0.05,0.0,100,0.09091,0.66667,,,-0.01,0.00667,0.00113,-0.01267,0.01109,0.84766
454,464896,71.58381,104.8,1.0,0.92,0.915907,-0.004044,0.006647,0.003425,0.342537,0.03404,0.816921,62.572292,4.215793,64.015854,4.352002,4.0,0.00025361,10,622,0.03177,0.05503,0.05,0.0,100,0.1,0.0,,,-0.01,0.00946,0.00124,-0.01061,0.00837,0.80755
455,465920,71.87176,101.3,1.0,0.92,0.931702,-0.004253,0.005752,0.003905,0.279291,0.049456,0.807551,64.185417,4.15414,65.011826,4.17135,4.0,0.00025351,10,612,0.04131,0.06722,0.05,0.0,100,0.2,0.0,,,-0.01,0.00993,0.00064,-0.00955,0.00616,0.79184
456,466944,60.91048,95.71429,0.85714,0.91,0.790374,-0.002246,0.074556,0.003003,0.258978,0.031459,0.290177,64.690964,3.588699,63.631794,7.914124,4.0,0.00025341,7,657,0.04065,0.0704,0.05,0.0,100,0.28571,1.0,,,-0.01,0.00785,0.00133,-0.01037,0.00058,0.54673
457,467968,70.19366,147.8,1.0,0.92,0.586783,-0.00337,0.008827,0.002402,0.158244,0.033133,0.733858,63.187893,4.240786,63.105694,4.355344,4.0,0.00025331,5,780,0.02862,0.05298,0.05,0.0,100,0.0,0.0,,,-0.01,0.0066,0.00074,-0.00768,0.00328,0.61927
458,468992,69.76626,153.625,1.0,0.92,0.646494,-0.002474,0.007945,0.001923,0.173802,0.021136,0.715463,62.678226,3.776397,63.030682,4.139263,4.0,0.0002532,8,728,0.03473,0.06325,0.05,0.0,100,0.25,1.0,,,-0.01,0.00877,0.0008,-0.00626,0.00568,0.90516
459,470016,57.66487,138.36364,0.81818,0.92,0.76384,-0.002378,0.07098,0.002688,0.219301,0.038191,0.364688,64.041489,3.813735,63.482502,8.194991,4.0,0.0002531,11,650,0.04193,0.07121,0.05,0.0,100,0.27273,1.0,,,-0.01,0.01045,0.00119,-0.00854,0.00247,0.85069
460,471040,64.17181,94.77778,0.88889,0.93,0.87163,-0.00186,0.053411,0.002971,0.180211,0.028181,0.470852,64.408897,4.205878,63.930298,8.219047,4.0,0.000253,9,626,0.03573,0.06118,0.04,0.0,100,0.11111,1.0,,,-0.01,0.0106,0.00084,-0.00876,0.00491,0.65774
461,472064,71.26187,111.57143,1.0,0.93,0.622155,-0.00258,0.040616,0.002111,0.222089,0.026158,0.458248,60.814907,7.888842,60.788338,7.18524,4.0,0.0002529,7,708,0.02376,0.04972,0.04,0.0,100,0.14286,0.0,,,-0.01,0.00879,0.00078,-0.01141,0.00336,0.7728
462,473088,71.25979,111.0,1.0,0.94,0.687635,-0.002208,0.018428,0.002035,0.178803,0.015276,0.687184,61.192986,5.448118,61.444206,5.94905,4.0,0.00025279,8,723,0.02814,0.04951,0.03,0.0,100,0.375,0.0,,,-0.01,0.00716,0.00062,-0.0114,0.00267,0.87573
463,474112,69.42975,150.5,1.0,0.95,0.637525,-0.002429,0.008417,0.001649,0.155768,0.01709,0.7903,61.100029,4.81534,60.85833,4.940705,4.0,0.00025269,4,776,0.02492,0.03958,0.02,0.0,100,0.25,1.0,,,-0.01,0.00923,0.00051,-0.01813,0.00441,0.48149
464,475136,62.02667,155.75,0.875,0.95,0.730518,-0.002853,0.008389,0.001945,0.193403,0.016602,0.780281,61.650917,3.791154,61.965633,4.904219,4.0,0.00025259,8,684,0.02737,0.05038,0.02,0.0,100,0.0,0.0,,,-0.01,0.00869,0.00062,-0.01553,0.00872,0.69593
465,476160,53.31338,136.25,0.75,0.93,0.722017,-0.001395,0.067509,0.002591,0.298695,0.026053,0.448165,61.627438,4.414242,60.523064,8.582674,4.0,0.00025249,8,698,0.04067,0.0642,0.03,0.0,100,0.125,0.0,,,-0.01,0.00802,0.00092,-0.01112,0.00613,0.62408
466,477184,62.46179,145.77778,0.88889,0.92,0.775725,-0.002959,0.032467,0.002526,0.247128,0.026297,0.41944,60.809563,6.30785,61.125908,5.987738,4.0,0.00025238,9,652,0.02921,0.05412,0.04,0.0,100,0.0,1.0,,,-0.01,0.00953,0.001,-0.01102,0.00256,0.75305
467,478208,61.5002,137.88889,0.88889,0.91,0.771311,-0.0015,0.067697,0.001798,0.186339,0.017543,0.459704,61.081886,4.303116,60.605694,8.52556,4.0,0.00025228,9,655,0.02849,0.0568,0.04,0.0,100,0.11111,0.0,,,-0.01,0.00981,0.00047,-0.01034,0.00668,0.71905
468,479232,72.02127,109.0,1.0,0.91,0.760327,-0.002627,0.023961,0.002533,0.22581,0.028669,0.657278,60.536797,6.068681,60.938091,6.408615,4.0,0.00025218,7,641,0.02746,0.05105,0.04,0.0,100,0.14286,0.0,,,-0.01,0.01025,0.00069,-0.00689,0.00326,0.68006
469,480256,71.68717,107.44444,1.0,0.92,0.735784,-0.003678,0.009919,0.00407,0.238929,0.053118,0.807924,60.535259,4.875272,61.282757,5.715981,4.0,0.00025208,9,617,0.02479,0.04617,0.04,0.0,100,0.0,1.0,,,-0.01,0.0093,0.00076,-0.00972,0.00767,0.90437
470,481280,71.61712,113.0,1.0,0.92,0.683315,-0.002994,0.009473,0.002772,0.186412,0.030134,0.854817,61.266804,5.821702,61.817654,6.322837,4.0,0.00025197,6,716,0.0252,0.04552,0.04,0.0,100,0.0,0.5,,,-0.01,0.00994,0.00112,-0.00805,0.00653,0.63701
471,482304,39.62071,201.14286,0.57143,0.89,0.696422,-0.001262,0.082658,0.002006,0.269015,0.023647,0.349815,62.928875,5.761918,61.826878,8.638629,4.0,0.00025187,7,688,0.02517,0.04871,0.06,0.0,100,0.57143,1.0,,,-0.01,0.00999,0.00033,-0.012,0.00014,0.40496
472,483328,70.80572,124.88889,1.0,0.91,0.756209,-0.003281,0.014812,0.003021,0.20521,0.032157,0.758825,61.997295,5.284687,61.922047,5.870102,4.0,0.00025177,9,683,0.03263,0.06246,0.05,0.0,100,0.0,1.0,,,-0.01,0.01063,0.00089,-0.00935,0.00367,0.89849
473,484352,59.95638,149.57143,0.85714,0.91,0.682509,-0.001479,0.065782,0.001813,0.242833,0.016253,0.473167,59.888367,4.877112,58.890953,8.595583,4.0,0.00025167,7,693,0.03932,0.07619,0.05,0.0,100,0.57143,1.0,,,-0.01,0.01254,0.00092,-0.00769,0.00026,0.65677
474,485376,70.93168,130.16667,1.0,0.91,0.677416,-0.002171,0.011402,0.002542,0.181483,0.025216,0.842454,60.149506,5.952253,60.579937,6.445422,4.0,0.00025156,6,695,0.0243,0.04653,0.05,0.0,100,0.16667,0.0,,,-0.01,0.01071,0.00046,-0.00551,0.00714,0.68406
475,486400,42.70175,164.6,0.6,0.89,0.658963,-0.001954,0.065314,0.002161,0.337946,0.027797,0.577303,60.269146,6.520496,58.841579,9.538976,4.0,0.00025146,5,700,0.03462,0.05739,0.06,0.0,100,0.4,0.0,,,-0.01,0.01101,0.00135,-0.00553,0.00428,0.34237
476,487424,64.0649,150.55556,0.88889,0.88,0.73409,-0.003021,0.013631,0.00223,0.244587,0.027518,0.862191,60.760151,6.984118,60.904453,7.451014,4.0,0.00025136,9,732,0.03994,0.07162,0.07,0.0,100,0.22222,1.0,,,-0.01,0.0109,0.00109,-0.00652,0.00645,0.89497
477,488448,54.66196,158.11111,0.77778,0.87,0.906201,-0.001864,0.069369,0.004221,0.21662,0.049003,0.45038,61.641659,5.106853,60.986805,8.83014,4.0,0.00025126,9,620,0.03989,0.07163,0.07,0.0,100,0.55556,1.0,,,-0.01,0.01073,0.00153,-0.01166,0.00323,0.59048
478,489472,72.16309,97.2,1.0,0.9,0.893089,-0.003165,0.030299,0.002355,0.219456,0.022635,0.520855,61.354584,5.742035,61.853107,6.392239,4.0,0.00025116,10,612,0.0387,0.06944,0.05,0.0,100,0.4,1.0,,,-0.01,0.01149,0.00089,-0.00859,0.00385,0.83907
479,490496,61.82189,118.0,0.875,0.89,0.826041,-0.001764,0.079498,0.003135,0.176016,0.033064,0.415864,61.259113,5.759683,61.047955,8.962957,4.0,0.00025105,8,648,0.04118,0.07267,0.05,0.0,100,0.75,1.0,,,-0.01,0.01258,0.00128,-0.01073,0.00909,0.65018
480,491520,71.7929,111.625,1.0,0.9,0.923511,-0.003069,0.026447,0.002536,0.193586,0.022461,0.587355,62.063946,6.116076,62.061211,6.296135,4.0,0.00025095,8,605,0.05571,0.09767,0.05,0.0,100,0.375,1.0,,,-0.01,0.01153,0.00189,-0.01032,0.00358,0.67361
481,492544,63.19958,116.11111,0.88889,0.89,0.8062,-0.002058,0.073399,0.002148,0.231829,0.02117,0.461435,61.473835,5.025427,60.6745,8.914882,4.0,0.00025085,9,643,0.05322,0.09683,0.05,0.0,100,0.55556,1.0,,,-0.01,0.01077,0.00111,-0.0117,0.00366,0.76599
482,493568,71.43318,109.2,1.0,0.89,0.823109,-0.003142,0.015614,0.003175,0.326146,0.031878,0.657996,60.893913,4.699779,62.103443,5.329931,4.0,0.00025075,10,642,0.04665,0.08285,0.05,0.0,100,0.5,1.0,,,-0.01,0.01124,0.0017,-0.00776,0.00506,0.93734
483,494592,63.96899,128.5,0.9,0.91,0.887887,-0.001482,0.073032,0.002149,0.172196,0.015695,0.445967,62.3335,5.380865,62.166756,8.97642,4.0,0.00025064,10,620,0.05308,0.09131,0.03,0.0,100,0.5,1.0,,,-0.01,0.01353,0.00141,-0.00399,0.0096,0.76133
484,495616,72.82935,98.0,1.0,0.91,0.851884,-0.00275,0.035329,0.002753,0.19654,0.027065,0.574079,61.916271,7.061121,61.757626,7.188603,4.0,0.00025054,6,647,0.04181,0.0738,0.03,0.0,100,0.5,0.0,,,-0.01,0.014,0.001,-0.00949,0.00034,0.55074
485,496640,49.65761,126.28571,0.71429,0.89,0.724349,-0.001136,0.123639,0.002429,0.397064,0.023996,0.500011,59.092983,7.523339,57.087944,11.862918,4.0,0.00025044,7,674,0.07271,0.11594,0.03,0.0,100,0.57143,0.0,,,-0.01,0.0128,0.00183,-0.01014,-0.00313,0.54601
486,497664,62.60798,100.75,0.875,0.89,0.764915,-0.002558,0.076999,0.002254,0.224921,0.024937,0.513813,57.563168,7.032166,57.110771,9.496208,4.0,0.00025034,8,587,0.05823,0.09295,0.03,0.0,100,0.5,1.0,,,-0.01,0.01394,0.00027,-0.00497,-0.00026,0.74313
487,498688,33.56497,231.25,0.5,0.88,0.676894,-0.002452,0.061609,0.00253,0.20003,0.034668,0.643375,57.866356,7.81936,57.239014,9.958771,4.0,0.00025023,4,695,0.04714,0.06831,0.04,0.0,100,0.75,1.0,,,-0.01,0.01107,0.00021,-0.00247,0.0047,0.23969
488,499712,69.31183,181.0,1.0,0.89,0.748955,-0.005049,0.015159,0.003414,0.182571,0.041225,0.768391,58.677708,6.022985,58.809822,6.265794,4.0,0.00025013,6,681,0.05846,0.09157,0.03,0.0,100,0.16667,0.0,,,-0.01,0.01178,0.00084,-0.00807,0.00674,0.66531
489,500736,53.43501,206.75,0.75,0.88,0.835485,-0.003508,0.013765,0.003759,0.250674,0.050677,0.7806,58.788635,5.541327,59.39938,6.097296,4.0,0.00025003,8,659,0.05539,0.08835,0.04,0.0,100,0.25,1.0,,,-0.01,0.01323,0.0014,-0.00625,0.00531,0.59378
490,501760,72.26141,109.0,1.0,0.9,0.931972,-0.003414,0.018255,0.003221,0.295717,0.03554,0.568469,60.995918,4.802655,62.374245,5.125158,4.0,0.00024993,10,567,0.05553,0.08941,0.03,0.0,100,0.3,0.5,,,-0.01,0.01269,0.00121,-0.00548,0.00553,0.84276
491,502784,72.7575,108.125,1.0,0.9,0.917266,-0.004715,0.010175,0.002777,0.28173,0.025495,0.749477,62.122135,4.418692,63.153954,4.740131,4.0,0.00024982,8,608,0.07456,0.11484,0.03,0.0,100,0.375,0.66667,,,-0.01,0.01478,0.00173,-0.00789,0.00924,0.68916
492,503808,50.77962,99.57143,0.71429,0.89,0.810307,-0.001322,0.114319,0.001397,0.469045,0.008998,0.383603,63.754131,4.652125,61.429943,10.875756,4.0,0.00024972,7,619,0.05643,0.0923,0.03,0.0,100,0.42857,0.0,,,-0.01,0.01298,0.00147,-0.00708,-0.0015,0.48309
493,504832,71.98448,101.125,1.0,0.89,0.773488,-0.002266,0.021709,0.00192,0.240354,0.016811,0.753348,61.690784,6.550705,62.513912,6.670074,4.0,0.00024962,8,405,0.06168,0.0986,0.03,0.0,100,0.5,0.5,,,-0.01,0.01145,-4e-05,-0.00893,0.0045,0.80512
494,505856,56.76393,131.2,0.8,0.88,0.894744,-0.004507,0.084011,0.003224,0.286723,0.036133,0.499335,62.778343,6.623206,61.862347,9.737012,4.0,0.00024952,10,465,0.06067,0.09599,0.04,0.0,100,0.5,0.5,,,-0.01,0.01065,0.00057,-0.01507,0.00403,0.67985
495,506880,65.59916,131.5,0.91667,0.87,0.910548,-0.002747,0.016798,0.002082,0.328225,0.015625,0.538116,63.19915,5.010825,64.432236,4.801046,4.0,0.00024941,12,528,0.05224,0.08428,0.05,0.0,100,0.66667,1.0,,,-0.01,0.01164,0.00021,-0.01271,0.00924,0.91056
496,507904,46.84685,86.83333,0.66667,0.86,0.833273,-0.002706,0.115282,0.003291,0.432686,0.040318,0.388363,63.376667,5.305801,61.777954,10.368679,4.0,0.00024931,6,619,0.0636,0.10685,0.05,0.0,100,0.83333,1.0,,,-0.01,0.01334,0.00142,-0.0088,-0.00303,0.36608
497,508928,70.874,125.125,1.0,0.86,0.721489,-0.002695,0.030676,0.002859,0.279818,0.03139,0.608872,61.402737,7.557762,61.940788,7.033955,4.0,0.00024921,8,670,0.07538,0.11583,0.05,0.0,100,0.5,1.0,,,-0.01,0.01231,0.00055,-0.00824,0.00433,0.8817
498,509952,71.57511,121.77778,1.0,0.89,0.805264,-0.002978,0.013796,0.002185,0.271371,0.013253,0.611989,62.805645,4.918433,63.702213,4.939487,4.0,0.00024911,9,599,0.05197,0.09055,0.05,0.0,100,0.55556,0.92308,,,-0.01,0.0136,0.00065,-0.00592,0.00558,0.81392
499,510976,65.17217,135.8,0.9,0.9,0.869806,-0.005012,0.005642,0.003375,0.313059,0.040876,0.816595,63.996822,4.066645,64.940575,4.259505,4.0,0.000249,10,600,0.05345,0.08919,0.05,0.0,100,0.4,1.0,,,-0.01,0.01398,0.00091,-0.00798,0.00864,0.75803
500,512000,63.57932,109.22222,0.88889,0.89,0.898534,-0.001295,0.072167,0.003011,0.237281,0.030029,0.29661,65.973862,4.111786,65.137413,8.132154,4.0,0.0002489,9,606,0.06016,0.10409,0.05,0.0,100,0.55556,0.66667,,,-0.01,0.00964,0.00115,-0.00838,0.00409,0.67725
501,513024,72.53386,95.1,1.0,0.91,0.919783,-0.003661,0.011303,0.003013,0.194594,0.03268,0.197093,65.886368,3.276844,66.283531,2.926565,4.0,0.0002488,10,601,0.06593,0.10789,0.03,0.0,100,0.4,1.0,,,-0.01,0.01127,-0.00027,-0.00484,0.00847,0.84184
502,514048,71.73677,116.57143,1.0,0.91,0.891755,-0.005192,0.00709,0.003673,0.242482,0.039237,0.526517,66.177727,2.836074,65.932205,2.938505,4.0,0.0002487,7,605,0.05574,0.08912,0.03,0.0,100,0.14286,1.0,,,-0.01,0.0101,0.00031,-0.00934,0.00589,0.62208
503,515072,59.27364,147.14286,0.85714,0.9,0.828215,-0.001566,0.063869,0.002131,0.332866,0.016253,0.33881,65.194252,3.052344,64.01889,7.829118,4.0,0.0002486,7,626,0.06032,0.09592,0.03,0.0,100,0.42857,1.0,,,-0.01,0.01069,-1e-05,-0.00591,0.00634,0.54985
504,516096,65.64625,91.36364,0.90909,0.91,0.902323,-0.002775,0.079326,0.0024,0.309816,0.020822,0.506158,63.716885,5.845267,62.509663,9.627088,4.0,0.00024849,11,563,0.06679,0.10397,0.03,0.0,100,0.27273,1.0,,,-0.01,0.00896,0.00065,-0.01094,0.00598,0.84929
505,517120,62.86491,140.875,0.875,0.91,0.881256,-0.003486,0.05535,0.004773,0.262824,0.065918,0.611721,59.766048,9.623559,59.45171,9.546459,4.0,0.00024839,8,609,0.06999,0.10717,0.03,0.0,100,0.625,1.0,,,-0.01,0.01025,0.00012,-0.00971,0.00631,0.62035
506,518144,61.88233,112.0,0.875,0.92,0.832518,-0.003078,0.091868,0.002842,0.229805,0.037528,0.480706,59.630939,7.920578,59.00156,10.089137,4.0,0.00024829,8,661,0.05889,0.08775,0.02,0.0,100,0.25,0.0,,,-0.01,0.00887,0.00076,-0.00632,0.00464,0.68949
507,519168,52.95376,153.375,0.75,0.91,0.837299,-0.002897,0.076923,0.002437,0.255874,0.023856,0.515516,58.802853,5.980836,57.978245,9.458873,4.0,0.00024819,8,670,0.04706,0.0801,0.03,0.0,100,0.25,1.0,,,-0.01,0.01109,0.00072,-0.00338,0.00307,0.59941
508,520192,59.58029,109.33333,0.83333,0.91,0.851744,-0.003008,0.070288,0.003219,0.256617,0.037807,0.539546,59.178993,6.527778,58.283974,9.47603,4.0,0.00024808,6,667,0.05924,0.09376,0.03,0.0,100,0.5,0.5,,,-0.01,0.00874,0.00047,-0.00419,0.00133,0.48955
509,521216,59.99742,198.85714,0.85714,0.9,0.897471,-0.003096,0.017654,0.002991,0.223657,0.032436,0.710945,59.450157,6.248544,59.747684,6.303791,4.0,0.00024798,7,666,0.06521,0.10951,0.04,0.0,100,0.14286,1.0,,,-0.01,0.01022,0.0,-0.00504,0.00382,0.56521
510,522240,70.87589,118.77778,1.0,0.9,1.0961,-0.004256,0.012391,0.003879,0.337953,0.045236,0.698726,60.816158,4.574058,62.047112,4.966037,4.0,0.00024788,9,583,0.06253,0.09262,0.04,0.0,100,0.44444,1.0,,,-0.01,0.00969,0.00065,-0.01122,0.00649,0.70182
511,523264,63.29044,114.0,0.88889,0.9,1.0484,-0.00243,0.090551,0.004177,0.204118,0.057199,0.477572,60.144844,6.308204,59.616844,10.008695,4.0,0.00024778,9,581,0.05858,0.08968,0.03,0.0,100,0.11111,0.83333,,,-0.01,0.01039,0.00081,-0.00866,0.00507,0.6263
512,524288,71.14116,119.0,1.0,0.9,0.961682,-0.003211,0.037523,0.004263,0.311731,0.055699,0.50011,59.811092,7.422921,60.757008,7.047543,4.0,0.00024767,7,619,0.05538,0.08916,0.03,0.0,100,0.42857,1.0,,,-0.01,0.01022,0.00025,-0.00682,0.00568,0.60018
513,525312,71.34443,122.77778,1.0,0.91,1.054005,-0.003954,0.014866,0.003222,0.310042,0.033412,0.731331,60.396423,5.203147,61.459942,5.674571,4.0,0.00024757,9,602,0.05855,0.09264,0.03,0.0,100,0.11111,0.0,,,-0.01,0.01023,0.00058,-0.00911,0.00704,0.73273
514,526336,55.14737,110.0,0.77778,0.89,0.975864,-0.002394,0.130062,0.004672,0.366407,0.063442,0.260106,61.168694,4.921728,59.808556,10.391352,4.0,0.00024747,9,630,0.06541,0.10884,0.03,0.0,100,0.22222,0.0,,,-0.01,0.01,9e-05,-0.00811,0.00515,0.60875
515,527360,72.08038,109.0,1.0,0.9,0.986553,-0.003812,0.019048,0.003299,0.343605,0.032227,0.712781,61.444126,5.673644,62.641994,5.846994,4.0,0.00024737,8,618,0.05877,0.09519,0.03,0.0,100,0.375,1.0,,,-0.01,0.01161,0.00069,-0.00422,0.00929,0.68071
516,528384,55.28392,152.66667,0.77778,0.88,0.895667,-0.002972,0.070575,0.002709,0.342426,0.030378,0.648224,60.955627,7.768792,59.952374,10.720018,4.0,0.00024726,9,622,0.06087,0.10694,0.04,0.0,100,0.55556,1.0,,,-0.01,0.00893,0.00086,-0.00632,0.00279,0.63079
517,529408,71.51199,117.11111,1.0,0.9,0.921016,-0.003444,0.038652,0.003326,0.331941,0.037702,0.263392,60.634834,6.849122,61.509014,6.015699,4.0,0.00024716,9,629,0.07048,0.11735,0.03,0.0,100,0.33333,1.0,,,-0.01,0.01196,0.00053,-0.01144,0.00295,0.81821
518,530432,52.07539,113.875,0.75,0.88,0.939755,-0.002692,0.106384,0.003346,0.441942,0.034389,0.490463,60.896721,5.272747,58.847858,11.388681,4.0,0.00024706,8,621,0.07409,0.12194,0.03,0.0,100,0.375,1.0,,,-0.01,0.0107,0.00049,-0.00942,-0.00054,0.52626
519,531456,71.33589,128.25,1.0,0.89,0.904887,-0.00332,0.037441,0.003294,0.222042,0.041818,0.4724,61.114388,6.585443,60.951012,6.519227,4.0,0.00024696,4,666,0.06383,0.11313,0.03,0.0,100,0.25,1.0,,,-0.01,0.00844,-0.00037,-0.00621,0.00617,0.37611
520,532480,68.93271,170.16667,1.0,0.91,0.88875,-0.003343,0.011098,0.002777,0.183605,0.025251,0.813493,59.995598,6.078136,60.171082,5.926271,4.0,0.00024685,6,689,0.07446,0.12288,0.02,0.0,100,0.33333,0.66667,,,-0.01,0.00874,0.00101,-0.00815,0.00401,0.59091
521,533504,60.72689,144.375,0.875,0.91,0.863473,-0.002963,0.06352,0.00216,0.252779,0.024135,0.620736,58.853668,6.282846,58.084225,9.733026,4.0,0.00024675,8,668,0.07273,0.12708,0.02,0.0,100,0.375,1.0,,,-0.01,0.00931,0.00016,-0.01006,0.00422,0.67108
522,534528,59.78993,183.28571,0.85714,0.91,0.842557,-0.00241,0.01594,0.001987,0.216913,0.014788,0.780563,58.45013,5.645447,59.0919,6.253601,4.0,0.00024665,7,668,0.07343,0.12062,0.02,0.0,100,0.57143,1.0,,,-0.01,0.0084,0.00051,-0.00841,0.004,0.58203
523,535552,70.32788,119.9,1.0,0.91,1.053096,-0.003445,0.011564,0.002773,0.315944,0.019078,0.710608,61.140423,4.750321,62.49575,4.937637,4.0,0.00024655,10,595,0.07618,0.13233,0.02,0.0,100,0.3,0.83333,,,-0.01,0.01236,0.00103,-0.01333,0.00368,0.78836
524,536576,63.95688,113.33333,0.88889,0.91,0.979235,-0.001731,0.088268,0.002592,0.183354,0.026751,0.401921,62.207245,6.681755,61.719105,9.378293,4.0,0.00024644,9,606,0.08514,0.14428,0.02,0.0,100,0.33333,1.0,,,-0.01,0.01156,0.00024,-0.00934,0.00479,0.66537
525,537600,50.56567,112.85714,0.71429,0.89,0.892301,-0.001848,0.108269,0.001405,0.405279,0.009661,0.496356,61.511227,6.451965,60.115643,11.395562,4.0,0.00024634,7,626,0.08181,0.13946,0.02,0.0,100,0.42857,1.0,,,-0.01,0.01071,0.00046,-0.0058,0.00464,0.45441
526,538624,71.34205,108.4,1.0,0.89,0.805033,-0.00378,0.035285,0.003171,0.227355,0.037633,0.674085,58.388889,7.93664,57.789948,7.866547,4.0,0.00024624,5,740,0.11464,0.18829,0.02,0.0,100,0.6,0.0,,,-0.01,0.00526,-0.00017,-0.01328,-0.00154,0.56589
527,539648,66.64966,218.5,1.0,0.9,0.811674,-0.004906,0.022932,0.003215,0.189549,0.04248,0.810963,56.987183,8.003648,57.018536,8.158798,4.0,0.00024614,6,731,0.13555,0.21014,0.02,0.0,100,0.5,1.0,,,-0.01,0.00838,-0.00053,-0.01377,0.00226,0.65065
528,540672,56.34664,166.83333,0.83333,0.9,0.872356,-0.001452,0.060063,0.002148,0.209903,0.022217,0.636072,57.99641,6.872736,57.321266,9.800846,4.0,0.00024604,6,672,0.09066,0.16133,0.02,0.0,100,0.16667,1.0,,,-0.01,0.01043,-1e-05,-0.00927,0.00374,0.47401
529,541696,63.12696,144.44444,0.88889,0.89,1.011586,-0.005383,0.023389,0.004434,0.25374,0.055664,0.696499,59.304291,5.960237,59.951557,6.489594,4.0,0.00024593,9,630,0.11614,0.19253,0.03,0.0,100,0.22222,1.0,,,-0.01,0.00924,0.00043,-0.00911,0.00596,0.69548
530,542720,59.87773,131.14286,0.85714,0.9,1.009977,-0.004174,0.061071,0.00248,0.286082,0.021415,0.616746,60.024353,6.230797,59.190552,9.683881,4.0,0.00024583,7,609,0.12079,0.19631,0.02,0.0,100,0.57143,1.0,,,-0.01,0.01034,0.00022,-0.00972,0.00297,0.52976
531,543744,70.70021,142.5,1.0,0.9,0.943363,-0.004892,0.028504,0.002539,0.261559,0.02853,0.780634,58.309925,7.863604,58.305019,8.299648,4.0,0.00024573,6,668,0.09237,0.15482,0.02,0.0,100,0.16667,1.0,,,-0.01,0.00928,0.00089,-0.00968,0.00683,0.55484
532,544768,60.16201,161.0,0.83333,0.9,0.932011,-0.004699,0.024282,0.003242,0.245511,0.034668,0.850019,57.440762,8.367387,57.565208,9.509303,4.0,0.00024563,6,671,0.08325,0.13769,0.03,0.0,100,0.16667,0.0,,,-0.01,0.00978,0.00109,-0.00751,0.00839,0.4744
533,545792,72.20618,111.66667,1.0,0.91,0.803623,-0.003472,0.026604,0.00173,0.203231,0.016671,0.891976,55.41581,10.710694,55.275043,11.674553,4.0,0.00024552,6,713,0.07029,0.12225,0.03,0.0,100,0.33333,0.0,,,-0.01,0.00976,0.00121,-0.00609,0.00391,0.64909
534,546816,50.17433,204.85714,0.71429,0.89,0.743272,-0.002522,0.043217,0.001303,0.189995,0.010149,0.809282,54.05611,11.270012,54.190693,11.495467,4.0,0.00024542,7,693,0.06478,0.11687,0.05,0.0,100,0.71429,1.0,,,-0.01,0.01384,0.00064,-0.00665,0.00108,0.56951
535,547840,70.70328,138.55556,1.0,0.9,0.857505,-0.002345,0.038902,0.002759,0.418495,0.026228,0.694309,57.082371,9.412878,58.635887,8.948089,4.0,0.00024532,9,624,0.06115,0.10731,0.05,0.0,100,0.55556,0.0,,,-0.01,0.00983,0.00052,-0.01019,0.00614,0.85754
536,548864,71.29548,105.375,1.0,0.91,0.838701,-0.004634,0.012175,0.00338,0.282257,0.042167,0.919498,58.826771,8.355302,59.423855,9.174728,4.0,0.00024522,8,629,0.06814,0.11636,0.04,0.0,100,0.125,1.0,,,-0.01,0.00861,0.00119,-0.00979,0.00551,0.78596
537,549888,54.5685,165.22222,0.77778,0.89,0.805314,-0.001747,0.077054,0.0031,0.204216,0.032506,0.64508,58.440044,8.722809,57.879951,11.135491,4.0,0.00024511,9,656,0.08369,0.13656,0.05,0.0,100,0.44444,1.0,,,-0.01,0.00987,0.00118,-0.00454,0.0043,0.70672
538,550912,72.29128,111.85714,1.0,0.89,0.805726,-0.002989,0.027129,0.003022,0.204412,0.035854,0.755825,60.281807,7.534039,60.721745,7.823134,4.0,0.00024501,7,672,0.06551,0.11287,0.05,0.0,100,0.28571,1.0,,,-0.01,0.01294,0.00101,-0.00387,0.00212,0.69296
539,551936,71.33527,124.57143,1.0,0.92,0.813511,-0.003153,0.024515,0.002608,0.207497,0.028041,0.737043,60.764004,6.812698,61.321297,7.129911,4.0,0.00024491,7,661,0.06195,0.10217,0.05,0.0,100,0.14286,0.0,,,-0.01,0.00946,0.00131,-0.00746,0.00738,0.65933
540,552960,73.31977,96.4,1.0,0.92,0.728276,-0.002863,0.013106,0.002112,0.178096,0.024414,0.900588,60.758087,8.726741,60.734192,8.852457,4.0,0.00024481,5,746,0.06545,0.10978,0.05,0.0,100,0.0,0.0,,,-0.01,0.00963,0.00024,-0.00241,0.00728,0.59267
541,553984,61.36166,163.55556,0.88889,0.91,0.812842,-0.001479,0.06276,0.002914,0.156388,0.041957,0.655193,60.847507,7.648535,60.430962,9.810453,4.0,0.0002447,9,717,0.07997,0.13393,0.05,0.0,100,0.44444,1.0,,,-0.01,0.00793,0.00057,-0.01135,0.00413,0.85605
542,555008,59.90614,198.57143,0.85714,0.91,0.958805,-0.003719,0.015817,0.002911,0.186811,0.030239,0.681005,63.741081,5.465144,64.064499,5.319261,4.0,0.0002446,7,627,0.07431,0.1212,0.06,0.0,100,0.28571,1.0,,,-0.01,0.01079,0.00129,-0.00588,0.00443,0.49002
543,556032,52.67665,122.875,0.75,0.9,0.868819,-0.003278,0.14116,0.003424,0.598497,0.040388,0.395587,63.750896,4.980068,60.991306,11.161177,4.0,0.0002445,8,661,0.05598,0.10013,0.05,0.0,100,0.375,1.0,,,-0.01,0.00789,0.00067,-0.00522,-0.00134,0.55758
544,557056,66.22722,104.46154,0.92308,0.9,1.097951,-0.001956,0.047593,0.002731,0.253462,0.030762,0.605812,62.720062,5.132205,63.29369,8.256329,4.0,0.0002444,13,580,0.07189,0.11442,0.05,0.0,100,0.38462,1.0,,,-0.01,0.01103,0.0017,-0.00928,0.01048,0.90209
545,558080,63.17247,100.5,0.875,0.9,1.075221,-0.002318,0.068805,0.003728,0.259714,0.03704,0.591334,62.852825,5.838718,61.987633,9.674625,4.0,0.00024429,8,600,0.05292,0.09163,0.04,0.0,100,0.25,1.0,,,-0.01,0.01059,0.001,-0.00662,0.00464,0.54946
546,559104,56.08454,97.9,0.8,0.9,0.961421,-0.00237,0.112243,0.003366,0.213619,0.031913,0.545895,60.782078,8.274674,60.500214,11.516767,4.0,0.00024419,10,625,0.05873,0.1013,0.02,0.0,100,0.4,1.0,,,-0.01,0.00993,0.00142,-0.0098,0.00196,0.69509
547,560128,64.37042,107.0,0.9,0.89,1.095095,-0.002691,0.087691,0.00432,0.211619,0.052699,0.547963,61.079285,8.186939,60.710449,10.501792,4.0,0.00024409,10,604,0.05972,0.10407,0.02,0.0,100,0.3,1.0,,,-0.01,0.00998,0.00124,-0.00945,0.00258,0.72152
548,561152,72.12208,112.83333,1.0,0.89,1.094177,-0.00376,0.019883,0.003711,0.275894,0.04548,0.684232,61.384773,6.497952,62.095451,6.477743,4.0,0.00024399,6,631,0.05987,0.10337,0.02,0.0,100,0.16667,1.0,,,-0.01,0.0113,0.00182,-0.00465,0.00922,0.50739
549,562176,60.6619,116.85714,0.85714,0.89,1.160844,-0.002256,0.088069,0.003598,0.266588,0.036412,0.503901,61.944805,6.93365,61.17939,9.754499,4.0,0.00024388,7,616,0.07097,0.12367,0.01,0.0,100,0.28571,0.0,,,-0.01,0.00877,0.00123,-0.00757,0.00499,0.48236
550,563200,60.98184,169.28571,0.85714,0.89,1.126742,-0.003691,0.063151,0.004257,0.289394,0.055141,0.71699,58.702568,11.823665,57.967754,11.431918,4.0,0.00024378,7,614,0.09779,0.16582,0.02,0.0,100,0.14286,1.0,,,-0.01,0.01215,0.00166,-0.00241,-0.00196,0.5094
551,564224,57.11879,135.8,0.8,0.88,0.977382,-0.002803,0.05437,0.003681,0.271017,0.040388,0.74392,56.219624,8.643205,55.141514,10.8984,4.0,0.00024368,5,670,0.09469,0.15481,0.02,0.0,100,0.6,1.0,,,-0.01,0.01048,0.00158,-0.00366,0.00116,0.39661
552,565248,69.36166,196.5,1.0,0.88,0.918706,-0.004235,0.011391,0.003617,0.217678,0.047259,0.907701,56.779034,7.78307,57.144417,8.550811,4.0,0.00024358,6,647,0.07756,0.11998,0.02,0.0,100,0.16667,1.0,,,-0.01,0.00926,0.00135,-0.00808,0.00632,0.60131
553,566272,60.36209,179.71429,0.85714,0.88,0.989491,-0.004571,0.024536,0.003783,0.208618,0.047119,0.854935,56.481438,8.774102,56.583935,9.596348,4.0,0.00024348,7,647,0.06567,0.11247,0.03,0.0,100,0.28571,1.0,,,-0.01,0.01,0.00166,-0.0072,0.00361,0.56204
554,567296,61.85852,174.0,0.875,0.88,1.081804,-0.004839,0.014984,0.004478,0.28433,0.05392,0.834719,59.801453,6.639108,60.636257,7.036953,4.0,0.00024337,8,631,0.07483,0.12857,0.03,0.0,100,0.25,1.0,,,-0.01,0.0104,0.00083,-0.00506,0.00305,0.59095
555,568320,71.15263,125.125,1.0,0.88,1.124756,-0.004627,0.020363,0.004677,0.27132,0.057966,0.683059,61.228645,5.349385,62.070827,5.922294,4.0,0.00024327,8,609,0.06683,0.11515,0.03,0.0,100,0.25,1.0,,,-0.01,0.00983,0.00055,-0.007,0.00546,0.63618
556,569344,70.36409,135.0,1.0,0.9,0.865066,-0.00293,0.014313,0.002706,0.253348,0.027239,0.729714,61.22887,6.20529,62.174885,5.720873,4.0,0.00024317,7,684,0.0816,0.13512,0.03,0.0,100,0.14286,1.0,,,-0.01,0.01283,0.00039,-0.00534,0.00251,0.70698
557,570368,62.09682,133.125,0.875,0.9,1.138506,-0.002697,0.072781,0.003083,0.283435,0.034807,0.356448,63.448586,4.712714,62.606174,8.324412,4.0,0.00024307,8,591,0.09072,0.14322,0.03,0.0,100,0.375,0.875,,,-0.01,0.01106,0.00097,-0.00564,0.0013,0.54823
558,571392,69.824,145.8,1.0,0.9,0.801408,-0.002729,0.025931,0.002189,0.214589,0.020961,0.637788,59.618217,6.718034,60.009033,6.14478,4.0,0.00024296,5,712,0.08414,0.13213,0.03,0.0,100,0.2,1.0,,,-0.01,0.00879,0.00074,-0.01215,0.00536,0.53129
559,572416,69.58106,147.42857,1.0,0.91,0.980338,-0.003821,0.009486,0.003485,0.200433,0.037109,0.830602,60.938099,4.956399,61.337288,5.527031,4.0,0.00024286,7,649,0.07738,0.12531,0.03,0.0,100,0.0,0.66667,,,-0.01,0.00763,0.00113,-0.00761,0.00616,0.62007
560,573440,61.28385,166.42857,0.85714,0.92,0.95916,-0.003688,0.008748,0.002346,0.163433,0.027274,0.894569,61.296932,6.023787,61.68047,6.666506,4.0,0.00024276,7,646,0.08554,0.1346,0.04,0.0,100,0.28571,1.0,,,-0.01,0.01094,0.00032,-0.00399,0.00738,0.54714
561,574464,71.20711,130.71429,1.0,0.93,1.045528,-0.004121,0.006061,0.004048,0.226451,0.047259,0.705716,64.162926,3.503079,64.656792,3.41971,4.0,0.00024266,7,622,0.07922,0.12722,0.04,0.0,100,0.14286,1.0,,,-0.01,0.0093,7e-05,-0.00538,0.00519,0.57217
562,575488,71.36809,121.45455,1.0,0.93,1.069788,-0.005813,0.002967,0.004231,0.272081,0.054583,0.863378,64.823288,3.152597,65.521935,3.24717,4.0,0.00024255,11,599,0.09868,0.16017,0.04,0.0,100,0.09091,0.8125,,,-0.01,0.00936,0.00116,-0.00513,0.00615,0.88443
563,576512,61.37568,107.57143,0.85714,0.93,1.028441,-0.002544,0.073988,0.002889,0.286557,0.025426,0.317214,65.73333,3.586223,64.6576,7.948231,4.0,0.00024245,7,614,0.07712,0.12412,0.04,0.0,100,0.14286,0.66667,,,-0.01,0.00955,0.00024,-0.00436,0.00693,0.50156
564,577536,70.07592,156.0,1.0,0.94,0.95751,-0.003293,0.014244,0.003475,0.167051,0.037284,0.555491,64.595871,4.322256,64.582176,3.923439,4.0,0.00024235,7,653,0.05827,0.09265,0.03,0.0,100,0.14286,0.5,,,-0.01,0.00684,0.00019,-0.0075,0.00447,0.62248
565,578560,55.1979,145.2,0.8,0.94,1.006321,-0.003511,0.083978,0.003074,0.459937,0.035714,0.551883,63.314739,6.583291,61.208157,9.668795,4.0,0.00024225,5,651,0.07467,0.12469,0.03,0.0,100,0.2,0.0,,,-0.01,0.00606,-2e-05,-0.00982,0.00263,0.3457
566,579584,69.25369,152.33333,1.0,0.94,0.941591,-0.002774,0.017219,0.002178,0.192506,0.02124,0.877981,59.832058,7.876875,59.76778,8.391787,4.0,0.00024214,6,680,0.06292,0.1077,0.03,0.0,100,0.0,1.0,,,-0.01,0.00734,0.00014,-0.00292,0.00374,0.57007
567,580608,59.20712,177.66667,0.83333,0.94,0.827792,-0.00383,0.013598,0.002644,0.188953,0.026507,0.910892,57.757839,8.630585,57.694275,9.051032,4.0,0.00024204,6,704,0.05287,0.0875,0.03,0.0,100,0.0,1.0,,,-0.01,0.00522,0.00043,-0.007,0.00476,0.51737
568,581632,54.53587,209.8,0.8,0.94,0.901986,-0.003577,0.010644,0.002689,0.155196,0.02989,0.915464,58.4813,7.850437,58.518993,8.347711,4.0,0.00024194,5,684,0.07519,0.11644,0.03,0.0,100,0.0,0.0,,,-0.01,0.00637,0.00021,-0.00637,0.00403,0.38907
569,582656,58.29405,204.83333,0.83333,0.93,0.826822,-0.003882,0.016565,0.003076,0.18573,0.042829,0.883211,57.966896,8.05854,57.704098,8.558916,4.0,0.00024184,6,711,0.06799,0.10605,0.04,0.0,100,0.0,1.0,,,-0.01,0.00765,1e-05,-0.00821,0.00456,0.52539
570,583680,70.18331,132.0,1.0,0.93,0.847696,-0.004,0.010191,0.002436,0.198286,0.030657,0.903002,57.71328,7.12271,57.207512,7.47929,4.0,0.00024173,3,625,0.08762,0.13437,0.04,0.0,100,0.0,0.0,,,-0.01,0.00651,-0.00073,-0.00405,0.00072,0.31403
571,584704,57.67487,206.0,0.83333,0.92,0.705649,-0.002775,0.022601,0.002703,0.177064,0.037074,0.881616,54.667759,9.70035,54.407848,10.152229,4.0,0.00024163,6,728,0.05572,0.096,0.05,0.0,100,0.0,1.0,,,-0.01,0.00882,0.00021,-0.00028,-0.00099,0.59228
572,585728,52.69027,232.5,0.75,0.91,0.725528,-0.003789,0.015447,0.00187,0.197016,0.013149,0.899277,56.009907,8.530293,55.66634,8.934141,4.0,0.00024153,4,738,0.07196,0.1233,0.06,0.0,100,0.0,0.0,,,-0.01,0.00924,-0.00021,-0.00205,0.00258,0.34491
573,586752,55.02338,237.6,0.8,0.91,0.779716,-0.002424,0.008646,0.002079,0.179205,0.019566,0.947646,56.62019,9.07152,56.30648,9.35822,4.0,0.00024143,5,748,0.08021,0.13629,0.07,0.0,100,0.0,1.0,,,-0.01,0.00563,-0.00031,-0.00396,0.00485,0.44564
574,587776,67.24626,224.85714,1.0,0.91,0.853266,-0.002728,0.023411,0.002551,0.276592,0.024972,0.704993,57.592781,6.613495,58.299725,6.529701,4.0,0.00024132,7,676,0.06997,0.1137,0.07,0.0,100,0.0,1.0,,,-0.01,0.00924,2e-05,-0.0064,0.00335,0.64671
575,588800,70.41063,152.14286,1.0,0.91,0.903646,-0.003038,0.012696,0.002946,0.277219,0.028495,0.823017,59.441509,5.723137,60.11335,5.964953,4.0,0.00024122,7,667,0.0642,0.10825,0.07,0.0,100,0.0,1.0,,,-0.01,0.00702,7e-05,-0.00342,0.00703,0.64317
576,589824,69.82264,166.0,1.0,0.91,0.895557,-0.003678,0.006885,0.002908,0.190488,0.029227,0.78459,61.775749,4.269174,62.101082,4.108681,4.0,0.00024112,5,657,0.05311,0.09304,0.07,0.0,100,0.0,1.0,,,-0.01,0.0078,-0.00018,-0.00332,0.00452,0.44786
577,590848,60.12808,160.75,0.875,0.91,0.930747,-0.001714,0.070755,0.001568,0.241953,0.013218,0.341471,62.065514,3.709795,61.099529,7.811503,4.0,0.00024102,8,637,0.05406,0.09465,0.06,0.0,100,0.125,1.0,,,-0.01,0.00771,-5e-05,-0.00705,0.00468,0.5968
578,591872,45.33709,122.33333,0.66667,0.89,0.846101,-0.003267,0.11067,0.00249,0.562482,0.019357,0.515081,58.962254,6.066953,56.198162,11.277102,4.0,0.00024092,6,658,0.05628,0.09648,0.06,0.0,100,0.33333,1.0,,,-0.01,0.00873,-0.00011,-0.00927,-0.00225,0.36619
579,592896,38.77536,168.4,0.6,0.87,0.834919,-0.003399,0.091862,0.001955,0.495089,0.017927,0.654205,55.421749,8.022296,53.064938,12.318088,4.0,0.00024081,5,680,0.05713,0.09982,0.06,0.0,100,0.4,1.0,,,-0.01,0.00769,8e-05,-0.00458,-0.0004,0.28518
580,593920,47.16353,179.57143,0.71429,0.86,0.930313,-0.003569,0.141445,0.002637,0.422078,0.032436,0.640999,52.896065,11.494863,50.814365,14.516466,4.0,0.00024071,7,666,0.05952,0.10488,0.06,0.0,100,0.28571,0.0,,,-0.01,0.00622,0.00059,-0.00918,0.00095,0.42848
581,594944,58.73309,178.0,0.85714,0.85,0.852356,-0.003167,0.109468,0.002714,0.28272,0.027553,0.746985,48.198872,15.669405,48.954662,15.886479,4.0,0.00024061,7,684,0.08188,0.14235,0.06,0.0,100,0.14286,1.0,,,-0.01,0.00966,0.00025,-0.00492,0.0025,0.57122
582,595968,58.01369,158.66667,0.83333,0.85,0.984994,-0.004259,0.100185,0.002986,0.30425,0.035121,0.643442,51.054016,10.081574,49.961834,12.556501,4.0,0.00024051,6,635,0.09091,0.14017,0.06,0.0,100,0.16667,0.8,,,-0.01,0.00815,0.00039,-0.00533,-0.00103,0.4238
583,596992,33.12882,145.5,0.5,0.82,1.051865,-0.002627,0.109272,0.003197,0.296651,0.03847,0.590394,50.334682,8.764077,49.202667,12.165424,4.0,0.0002404,6,620,0.10221,0.15815,0.06,0.0,100,0.5,0.71429,,,-0.01,0.00837,0.00012,-0.00749,0.00321,0.2397
584,598016,69.37298,162.14286,1.0,0.83,0.993637,-0.003774,0.067094,0.003826,0.687444,0.050467,0.451435,51.436138,9.611391,53.196106,8.832376,4.0,0.0002403,7,636,0.0898,0.14052,0.05,0.0,100,0.0,1.0,,,-0.01,0.00967,0.00083,-0.00406,0.00302,0.60394
585,599040,70.14522,164.0,1.0,0.84,1.017369,-0.004139,0.025359,0.003573,0.398019,0.044713,0.777435,54.385002,7.137863,55.700989,7.73505,4.0,0.0002402,6,646,0.08454,0.13584,0.04,0.0,100,0.0,1.0,,,-0.01,0.00909,0.00035,-0.00362,0.00184,0.52497
586,600064,69.1565,174.2,1.0,0.85,0.860307,-0.003957,0.020752,0.003913,0.296872,0.053432,0.845057,53.03043,7.715497,53.951469,8.238694,4.0,0.0002401,5,680,0.06675,0.10432,0.03,0.0,100,0.0,0.0,,,-0.01,0.00781,-9e-05,-0.00251,0.00262,0.48676
587,601088,69.58703,173.0,1.0,0.85,0.862428,-0.003051,0.017351,0.002909,0.308907,0.035714,0.883468,54.946262,9.040899,56.098766,9.034293,4.0,0.00023999,5,697,0.06644,0.10138,0.03,0.0,100,0.0,0.0,,,-0.01,0.00934,-0.00023,-0.00567,0.0036,0.49516
588,602112,68.39849,192.2,1.0,0.87,0.961878,-0.002994,0.019735,0.003064,0.327319,0.032715,0.766689,59.223198,7.964552,60.607822,7.025245,4.0,0.00023989,5,655,0.05098,0.08287,0.01,0.0,100,0.0,1.0,,,-0.01,0.00866,8e-05,-0.00613,0.00766,0.42305
589,603136,68.12683,210.83333,1.0,0.88,1.065341,-0.00376,0.005767,0.002702,0.217892,0.027204,0.843512,63.007427,5.960999,63.046597,5.057801,4.0,0.00023979,6,661,0.06612,0.10911,0.0,0.0,100,0.0,1.0,,,-0.01,0.00624,0.00021,-0.00494,0.00283,0.49189
590,604160,68.83027,183.33333,1.0,0.88,0.869888,-0.004304,0.007172,0.002814,0.221563,0.033517,0.770981,62.634853,4.573574,62.27927,4.283557,4.0,0.00023969,3,674,0.04454,0.07591,0.0,0.0,100,0.0,0.0,,,-0.01,0.00633,0.00024,-0.004,0.00423,0.28177
591,605184,57.97548,229.28571,0.85714,0.87,0.861253,-0.003009,0.010944,0.003081,0.156463,0.03404,0.524792,61.40134,3.879325,61.586143,3.645961,4.0,0.00023958,7,659,0.05659,0.09287,0.01,0.0,100,0.0,0.0,,,-0.01,0.00689,0.00016,-0.00977,0.00122,0.52554
592,606208,69.56488,163.28571,1.0,0.87,0.866243,-0.002776,0.008073,0.002822,0.223833,0.032261,0.625065,61.577248,2.78421,62.135735,3.221865,4.0,0.00023948,7,653,0.0435,0.07495,0.01,0.0,100,0.0,0.0,,,-0.01,0.00755,0.00015,-0.00727,0.00836,0.59886
593,607232,69.79369,154.4,1.0,0.87,0.865423,-0.004228,0.007381,0.003017,0.243993,0.035958,0.658625,63.032593,2.851341,62.740665,3.288085,4.0,0.00023938,5,695,0.03694,0.06732,0.01,0.0,100,0.2,1.0,,,-0.01,0.01062,-0.00016,-0.00399,0.00351,0.46107
594,608256,60.61088,160.125,0.875,0.87,0.899379,-0.001692,0.018982,0.0021,0.127162,0.02138,0.411625,62.708408,2.262773,62.684124,3.975464,4.0,0.00023928,8,678,0.03752,0.06392,0.01,0.0,100,0.125,0.0,,,-0.01,0.00721,0.00043,-0.00756,0.00508,0.62117
595,609280,59.18844,172.33333,0.83333,0.89,0.824048,-0.005885,0.006667,0.004145,0.273506,0.054129,0.729162,62.05423,2.712368,61.952202,3.529713,4.0,0.00023917,6,675,0.04038,0.06686,0.02,0.0,100,0.0,0.0,,,-0.01,0.00845,8e-05,-0.00701,0.00612,0.46355
596,610304,50.39445,164.0,0.75,0.89,0.811023,-0.001502,0.076688,0.002097,0.313505,0.020787,0.330117,61.714184,3.50772,60.184288,7.628596,4.0,0.00023907,4,655,0.04842,0.08429,0.02,0.0,100,0.25,1.0,,,-0.01,0.00833,4e-05,-0.01009,0.00243,0.25827
597,611328,68.70976,173.375,1.0,0.91,0.916105,-0.002788,0.017835,0.002095,0.183576,0.019531,0.454696,60.761292,4.219068,61.033638,4.378239,4.0,0.00023897,8,614,0.05971,0.1003,0.02,0.0,100,0.125,1.0,,,-0.01,0.00862,0.00019,-0.00622,0.00343,0.65947
598,612352,55.99009,128.8,0.8,0.91,0.798746,-0.001253,0.062774,0.001454,0.234544,0.01573,0.376474,59.520977,3.955945,58.659756,6.988794,4.0,0.00023887,5,685,0.06389,0.10087,0.02,0.0,100,0.2,1.0,,,-0.01,0.00842,-0.00011,-0.0062,-0.00047,0.38178
599,613376,56.54205,171.16667,0.83333,0.91,0.750109,-0.001001,0.084653,0.001642,0.199368,0.014718,0.270981,57.860832,3.878447,57.047791,7.59444,4.0,0.00023876,6,712,0.06484,0.09639,0.02,0.0,100,0.16667,1.0,,,-0.01,0.00728,0.00019,-0.00668,0.00084,0.52652
600,614400,58.31018,213.28571,0.85714,0.93,0.948435,-0.003236,0.015513,0.001934,0.202607,0.017787,0.712116,58.557213,4.560725,58.840893,5.306714,4.0,0.00023866,7,650,0.04632,0.07691,0.03,0.0,100,0.28571,0.83333,,,-0.01,0.00799,0.00019,-0.00691,0.00253,0.50526
601,615424,44.87014,150.33333,0.66667,0.91,0.992184,-0.001885,0.101726,0.002726,0.516627,0.030413,0.493562,59.638409,4.946936,57.451576,10.862394,4.0,0.00023856,6,648,0.05077,0.08518,0.03,0.0,100,0.33333,1.0,,,-0.01,0.00873,-0.00012,-0.00615,0.00182,0.32718
602,616448,60.5713,150.875,0.875,0.9,0.938356,-0.003738,0.0929,0.004647,0.23206,0.050677,0.473546,56.300808,6.905715,56.305359,9.504004,4.0,0.00023846,8,652,0.04834,0.08174,0.03,0.0,100,0.125,1.0,,,-0.01,0.00851,0.00018,-0.0089,0.0024,0.60107
603,617472,70.61088,130.85714,1.0,0.9,0.943619,-0.002853,0.023005,0.002969,0.312408,0.033691,0.624368,56.561462,4.878766,57.697113,5.907774,4.0,0.00023836,7,635,0.05426,0.08582,0.03,0.0,100,0.0,1.0,,,-0.01,0.00772,0.00012,-0.00766,0.00381,0.60348
604,618496,72.0871,122.0,1.0,0.9,1.000801,-0.004851,0.011707,0.003566,0.248247,0.038365,0.785447,59.353874,5.603303,60.008629,5.592206,4.0,0.00023825,3,633,0.0497,0.07323,0.03,0.0,100,0.0,1.0,,,-0.01,0.00864,-0.00026,-0.00531,0.00699,0.2465
605,619520,68.27511,187.0,1.0,0.9,0.912414,-0.003111,0.020897,0.001863,0.233454,0.018938,0.789241,58.788582,7.336517,59.578972,7.094004,4.0,0.00023815,7,638,0.05603,0.08741,0.03,0.0,100,0.0,1.0,,,-0.01,0.00744,0.00024,-0.00319,0.00423,0.60092
606,620544,44.84296,143.66667,0.66667,0.89,0.865058,-0.001572,0.062081,0.002092,0.245356,0.02002,0.4994,61.40575,5.300022,60.423382,8.260376,4.0,0.00023805,3,699,0.02786,0.05,0.03,0.0,100,0.33333,0.0,,,-0.01,0.00463,-5e-05,-0.00495,0.00054,0.18462
607,621568,57.57181,196.5,0.83333,0.88,0.881554,-0.002809,0.014935,0.002157,0.159249,0.022147,0.601334,60.807045,4.119897,60.831139,4.368102,4.0,0.00023795,6,665,0.03438,0.05832,0.04,0.0,100,0.0,1.0,,,-0.01,0.00628,-4e-05,-0.00555,0.00355,0.44437
608,622592,59.81211,223.125,0.875,0.88,0.942825,-0.003506,0.009164,0.002821,0.228845,0.029402,0.697299,60.486763,4.061635,61.037174,3.977472,4.0,0.00023784,8,648,0.05413,0.09164,0.04,0.0,100,0.0,1.0,,,-0.01,0.00671,9e-05,-0.00736,0.00605,0.5795
609,623616,60.31767,131.85714,0.85714,0.87,0.863368,-0.001326,0.061976,0.001299,0.266316,0.007115,0.610926,59.809071,5.690845,59.142509,9.354715,4.0,0.00023774,7,650,0.05449,0.09374,0.04,0.0,100,0.14286,1.0,,,-0.01,0.00849,3e-05,-0.004,0.00119,0.53384
610,624640,70.67104,129.33333,1.0,0.88,0.899381,-0.002783,0.012714,0.001558,0.282313,0.01838,0.56431,60.86797,3.574027,61.87677,4.144546,4.0,0.00023764,9,604,0.04759,0.08349,0.04,0.0,100,0.0,0.0,,,-0.01,0.0097,0.00027,-0.00839,0.00664,0.75844
611,625664,70.40642,144.33333,1.0,0.89,0.947461,-0.004185,0.005399,0.00294,0.23661,0.035086,0.808696,63.309048,3.905461,63.492859,3.798421,4.0,0.00023754,6,636,0.05825,0.09692,0.03,0.0,100,0.0,1.0,,,-0.01,0.00715,1e-05,-0.00765,0.00269,0.50498
612,626688,58.33351,158.14286,0.85714,0.89,0.92739,-0.001301,0.072142,0.002012,0.195258,0.017543,0.396532,62.830334,4.162393,62.219814,8.028346,4.0,0.00023743,7,632,0.05794,0.10097,0.03,0.0,100,0.14286,1.0,,,-0.01,0.00931,0.00043,-0.00722,0.00426,0.48894
613,627712,52.63249,111.5,0.75,0.88,0.888025,-0.002319,0.065423,0.002959,0.390431,0.035575,0.587586,63.139896,5.316026,61.638264,9.0558,4.0,0.00023733,4,659,0.05574,0.09309,0.03,0.0,100,0.25,0.0,,,-0.01,0.00816,0.00026,-0.0014,0.00044,0.26618
614,628736,69.25236,190.6,1.0,0.89,0.838862,-0.003288,0.010194,0.002753,0.221725,0.026367,0.859194,60.878368,5.909371,60.519016,5.848613,4.0,0.00023723,5,700,0.05321,0.09147,0.03,0.0,100,0.0,0.0,,,-0.01,0.00845,-0.00012,-0.00214,0.00553,0.46934
615,629760,70.14737,169.625,1.0,0.9,0.879021,-0.00238,0.018054,0.00325,0.252895,0.04119,0.509812,60.088612,4.636973,60.765293,4.553621,4.0,0.00023713,8,648,0.04125,0.07421,0.03,0.0,100,0.0,0.0,,,-0.01,0.00957,4e-05,-0.00386,0.00805,0.67411
616,630784,61.68197,177.125,0.875,0.91,0.953643,-0.003717,0.019721,0.003356,0.208009,0.039655,0.621417,61.025349,4.750273,61.16383,5.131416,4.0,0.00023702,8,648,0.07249,0.11517,0.03,0.0,100,0.0,1.0,,,-0.01,0.00895,0.00028,-0.00769,0.00284,0.59451
617,631808,71.94866,113.5,1.0,0.93,0.96873,-0.003081,0.03016,0.003148,0.176469,0.027623,0.801538,59.908333,7.602712,60.035461,8.700268,4.0,0.00023692,6,606,0.07065,0.11715,0.03,0.0,100,0.0,0.0,,,-0.01,0.00982,-8e-05,-0.005,0.00563,0.49077
618,632832,70.44688,148.42857,1.0,0.93,0.889305,-0.002879,0.024823,0.002659,0.172172,0.033308,0.925189,57.371609,12.677769,57.472633,13.037159,4.0,0.00023682,7,650,0.07349,0.11451,0.03,0.0,100,0.0,1.0,,,-0.01,0.009,2e-05,-0.00894,0.00297,0.6295
619,633856,51.81349,157.75,0.75,0.91,0.832029,-0.001744,0.080383,0.002586,0.225501,0.022461,0.766039,58.001404,11.380504,57.454216,13.37522,4.0,0.00023672,8,664,0.08074,0.11113,0.04,0.0,100,0.25,1.0,,,-0.01,0.00973,-0.00048,-0.01439,0.00352,0.58065
620,634880,71.08089,114.57143,1.0,0.91,0.79911,-0.003892,0.035132,0.002523,0.188981,0.019148,0.712037,58.502911,7.134939,58.314503,7.833622,4.0,0.00023661,7,651,0.06769,0.09858,0.04,0.0,100,0.14286,0.0,,,-0.01,0.00664,-9e-05,-0.0094,0.00219,0.64869
621,635904,43.68726,168.83333,0.66667,0.9,0.875878,-0.000855,0.087885,0.0018,0.184415,0.01409,0.513436,60.643951,6.111986,60.311131,10.068401,4.0,0.00023651,6,654,0.05337,0.08356,0.04,0.0,100,0.33333,0.0,,,-0.01,0.00944,-4e-05,-0.0096,0.00488,0.34239
622,636928,71.54607,116.28571,1.0,0.91,0.98212,-0.003149,0.01918,0.003612,0.244435,0.045689,0.625561,62.726269,6.169104,63.304192,5.45418,4.0,0.00023641,7,646,0.07321,0.11835,0.03,0.0,100,0.0,0.0,,,-0.01,0.00899,-0.0004,-0.00645,0.00686,0.60373
623,637952,71.99882,109.44444,1.0,0.92,0.949692,-0.002937,0.023065,0.003293,0.203626,0.039969,0.663587,62.594372,6.017237,62.930767,5.974736,4.0,0.00023631,9,647,0.07337,0.10996,0.02,0.0,100,0.22222,1.0,,,-0.01,0.00904,-2e-05,-0.00462,0.00495,0.80692
624,638976,54.9834,178.6,0.8,0.91,0.896939,-0.002284,0.074139,0.00291,0.228973,0.030657,0.455939,61.072083,4.624782,60.487156,8.649653,4.0,0.0002362,10,618,0.06377,0.10278,0.03,0.0,100,0.1,1.0,,,-0.01,0.01253,8e-05,-0.01004,0.00043,0.68823
625,640000,72.39012,100.85714,1.0,0.91,0.898144,-0.00355,0.021003,0.003752,0.264143,0.048165,0.850297,60.41563,7.67166,61.420551,8.088515,4.0,0.0002361,7,619,0.06312,0.09288,0.03,0.0,100,0.14286,0.0,,,-0.01,0.01185,8e-05,-0.00715,0.01073,0.60381
626,641024,55.14096,116.0,0.77778,0.9,0.798983,-0.001578,0.14259,0.002062,0.540705,0.015625,0.601263,59.697346,9.789413,57.516998,13.5813,4.0,0.000236,9,670,0.04995,0.08122,0.03,0.0,100,0.44444,1.0,,,-0.01,0.00907,0.00036,-0.00846,0.0022,0.68454
627,642048,60.80106,155.57143,0.85714,0.9,0.797929,-0.003413,0.038193,0.004111,0.227141,0.059605,0.860742,57.384617,11.089451,57.849644,11.558926,4.0,0.0002359,7,658,0.04826,0.07609,0.04,0.0,100,0.42857,0.0,,,-0.01,0.01147,-0.00012,-0.01037,0.00249,0.60427
628,643072,63.08666,120.55556,0.88889,0.89,0.928057,-0.001335,0.060434,0.003284,0.154743,0.039272,0.635957,62.064995,6.500195,62.121773,9.54749,4.0,0.0002358,9,611,0.05532,0.08567,0.04,0.0,100,0.11111,0.0,,,-0.01,0.00962,2e-05,-0.01066,0.00707,0.65385
629,644096,71.86263,97.18182,1.0,0.9,0.918586,-0.002988,0.063192,0.002506,0.224623,0.024065,0.691543,61.103794,10.029068,61.168949,10.344113,4.0,0.00023569,11,606,0.05497,0.09007,0.03,0.0,100,0.27273,0.0,,,-0.01,0.00841,4e-05,-0.01152,0.00602,0.91993
630,645120,70.91721,128.44444,1.0,0.9,0.878767,-0.002432,0.051407,0.00339,0.462493,0.041574,0.697207,59.094509,10.396185,60.532234,9.582309,4.0,0.00023559,9,609,0.05066,0.08259,0.03,0.0,100,0.55556,0.0,,,-0.01,0.01205,0.00015,-0.00596,0.0037,0.79923
631,646144,71.11561,105.125,1.0,0.92,0.849197,-0.003408,0.033857,0.003347,0.183987,0.033622,0.676431,62.847569,6.936143,62.982353,7.181263,4.0,0.00023549,8,618,0.04301,0.0732,0.02,0.0,100,0.375,0.0,,,-0.01,0.01055,0.00031,-0.01226,0.00397,0.70672
632,647168,62.51026,105.5,0.875,0.91,0.92223,-0.001621,0.065234,0.002826,0.127913,0.032017,0.516365,64.237938,5.960964,64.388588,8.124763,4.0,0.00023539,8,614,0.04921,0.0851,0.02,0.0,100,0.5,0.0,,,-0.01,0.00919,0.00021,-0.00907,0.00669,0.59226
633,648192,71.45305,113.1,1.0,0.93,0.997517,-0.002382,0.017565,0.002318,0.210678,0.020159,0.536188,65.734383,5.692288,66.408356,4.73897,4.0,0.00023528,10,620,0.05482,0.09023,0.02,0.0,100,0.5,0.0,,,-0.01,0.01119,0.00046,-0.00685,0.00501,0.81082
634,649216,72.27827,96.14286,1.0,0.93,0.957352,-0.003943,0.00793,0.002963,0.181855,0.034145,0.628798,66.99453,3.906646,67.114693,3.421972,4.0,0.00023518,7,644,0.05695,0.09059,0.02,0.0,100,0.57143,0.0,,,-0.01,0.01006,0.00015,-0.00811,0.00526,0.59786
635,650240,63.0559,152.44444,0.88889,0.93,1.038818,-0.003437,0.004265,0.00326,0.19296,0.026402,0.685821,67.149071,2.825088,67.175102,2.690871,4.0,0.00023508,9,627,0.05823,0.09635,0.02,0.0,100,0.33333,0.0,,,-0.01,0.01069,0.00017,-0.00548,0.00544,0.65
636,651264,71.13284,118.3,1.0,0.94,0.814876,-0.00343,0.006288,0.002892,0.16493,0.026716,0.608054,66.769905,2.878983,66.818123,2.867954,4.0,0.00023498,10,610,0.06054,0.10072,0.02,0.0,100,0.8,1.0,,,-0.01,0.01081,7e-05,-0.00795,0.00153,0.91762
637,652288,71.70148,113.625,1.0,0.94,0.826881,-0.004772,0.004089,0.003319,0.214844,0.034249,0.673676,66.767303,2.395108,67.04818,2.464729,4.0,0.00023487,8,616,0.0508,0.09072,0.02,0.0,100,0.5,0.0,,,-0.01,0.01296,0.00011,-0.00806,0.00637,0.68133
638,653312,62.07367,87.57143,0.85714,0.95,0.683043,-0.003104,0.106987,0.002,0.518145,0.017927,0.191237,66.889084,3.219012,64.631859,7.860753,4.0,0.00023477,7,691,0.03662,0.07111,0.02,0.0,100,0.28571,0.0,,,-0.01,0.01078,0.00096,-0.00587,-0.00132,0.64436
639,654336,56.36207,129.8,0.8,0.95,0.56383,-0.000587,0.053174,0.001127,0.354033,0.004778,0.474515,63.586189,3.972373,62.625881,6.892595,4.0,0.00023467,5,801,0.0362,0.06442,0.01,0.0,100,0.4,0.0,,,-0.01,0.00952,0.00054,-0.00301,0.00747,0.56345
640,655360,59.53289,213.42857,0.85714,0.95,0.650511,-0.002572,0.017106,0.001657,0.225704,0.01852,0.764646,62.379803,5.53033,61.81319,5.899356,4.0,0.00023457,7,712,0.03417,0.06565,0.02,0.0,100,0.14286,0.0,,,-0.01,0.00766,0.00016,-0.01014,0.0026,0.65279
641,656384,61.65679,139.11111,0.88889,0.94,0.744191,-0.00164,0.06976,0.002759,0.316086,0.032471,0.490988,63.101902,4.320425,62.310635,8.490725,4.0,0.00023446,9,661,0.04765,0.08299,0.02,0.0,100,0.66667,1.0,,,-0.01,0.00854,-5e-05,-0.01319,0.00498,0.78644
642,657408,72.20416,104.5,1.0,0.94,0.886425,-0.002733,0.013744,0.002293,0.261089,0.016392,0.342857,63.771488,2.973395,64.560753,3.288146,4.0,0.00023436,10,613,0.04697,0.08153,0.02,0.0,100,0.3,0.0,,,-0.01,0.01512,0.00085,-0.00532,0.00664,0.83251
643,658432,72.95311,93.83333,1.0,0.94,0.89672,-0.003651,0.00987,0.002674,0.204974,0.036586,0.532554,64.968399,3.145154,65.292374,3.256854,4.0,0.00023426,6,598,0.03766,0.06794,0.02,0.0,100,0.16667,0.0,,,-0.01,0.01225,0.00019,-0.00554,0.00863,0.49696
644,659456,60.25174,126.66667,0.83333,0.93,0.900362,-0.001352,0.086669,0.001681,0.21534,0.015939,0.203925,65.161972,2.77132,64.60244,7.421206,4.0,0.00023416,12,607,0.04509,0.08557,0.03,0.0,100,0.33333,0.0,,,-0.01,0.01141,0.00034,-0.00459,0.00453,0.82855
645,660480,56.61317,107.4,0.8,0.92,0.813445,-0.001532,0.078945,0.001919,0.286906,0.023368,0.531232,63.749111,6.096357,62.682442,9.234674,4.0,0.00023405,5,674,0.03862,0.06849,0.03,0.0,100,0.6,0.0,,,-0.01,0.0103,-9e-05,-0.00293,0.00539,0.38045
646,661504,50.82825,157.57143,0.71429,0.9,0.944942,-0.001646,0.073462,0.003775,0.380647,0.047259,0.523485,63.684074,5.166969,61.952755,8.954816,4.0,0.00023395,7,635,0.05454,0.08612,0.04,0.0,100,0.28571,0.0,,,-0.01,0.00622,8e-05,-0.00992,0.00341,0.42033
647,662528,69.67471,149.25,1.0,0.9,0.981019,-0.003142,0.016989,0.003471,0.230258,0.035505,0.580434,62.338497,4.451729,62.761349,4.438899,4.0,0.00023385,8,664,0.05462,0.08791,0.04,0.0,100,0.125,0.0,,,-0.01,0.00907,5e-05,-0.00602,0.00729,0.69482
648,663552,62.83873,142.0,0.9,0.9,0.967414,-0.002282,0.110609,0.003439,0.249793,0.035924,0.24386,61.591343,4.40297,60.82959,8.343596,4.0,0.00023375,10,601,0.04849,0.09108,0.03,0.0,100,0.6,0.0,,,-0.01,0.01251,0.00034,-0.00848,0.00071,0.70562
649,664576,72.07559,104.5,1.0,0.9,0.88898,-0.00276,0.038613,0.003095,0.30822,0.033552,0.144791,59.999798,4.945005,61.023018,5.0392,4.0,0.00023364,8,624,0.04295,0.07633,0.03,0.0,100,0.5,0.0,,,-0.01,0.01243,7e-05,-0.00321,0.00849,0.70028
650,665600,59.47742,117.66667,0.83333,0.89,0.884468,-0.001568,0.090612,0.002471,0.289904,0.026158,0.366064,61.865231,4.360588,60.803982,8.187021,4.0,0.00023354,6,656,0.03872,0.07041,0.03,0.0,100,0.33333,0.0,,,-0.01,0.00978,0.00019,-0.00538,0.00153,0.4707
651,666624,69.88706,129.14286,1.0,0.9,0.914747,-0.002078,0.03217,0.001908,0.199717,0.012626,0.54415,59.92934,6.359911,60.321411,6.069707,4.0,0.00023344,7,657,0.04218,0.07358,0.03,0.0,100,0.57143,0.0,,,-0.01,0.0093,1e-05,-0.01076,0.00166,0.65891
652,667648,47.32886,165.16667,0.66667,0.89,0.9155,-0.002947,0.086089,0.003296,0.245324,0.03554,0.377204,61.089813,4.231611,60.332058,8.055868,4.0,0.00023334,6,651,0.04171,0.07504,0.04,0.0,100,0.5,0.0,,,-0.01,0.00968,0.00029,-0.00548,0.00445,0.35437
653,668672,69.84349,164.25,1.0,0.9,0.92692,-0.001903,0.019447,0.001936,0.237083,0.015032,0.477274,59.955605,4.371762,60.79483,4.505175,4.0,0.00023324,8,640,0.04179,0.07609,0.03,0.0,100,0.875,0.0,,,-0.01,0.00956,0.00014,-0.0088,0.00559,0.68155
654,669696,56.74317,105.0,0.8,0.9,0.825467,-0.002875,0.060912,0.002958,0.381775,0.033308,0.666548,61.013245,5.690632,59.513149,9.598998,4.0,0.00023313,5,677,0.03372,0.06646,0.03,0.0,100,0.4,0.0,,,-0.01,0.01059,0.00033,-0.0059,0.00167,0.39192
655,670720,21.97097,228.0,0.33333,0.88,0.866085,-0.002033,0.066356,0.003981,0.363899,0.05399,0.657827,58.702248,7.647051,57.185268,9.517665,4.0,0.00023303,3,736,0.02299,0.04467,0.04,0.0,100,0.66667,0.0,,,-0.01,0.007,2e-05,-0.00417,-0.00151,0.10755
656,671744,57.17694,213.16667,0.83333,0.87,0.948166,-0.00348,0.014526,0.00335,0.2593,0.037702,0.816259,58.914253,5.889244,59.051361,6.235013,4.0,0.00023293,6,668,0.03171,0.05886,0.05,0.0,100,0.66667,0.0,,,-0.01,0.01069,0.00016,-0.00466,0.00436,0.48465
657,672768,60.58201,218.75,0.875,0.86,0.949364,-0.002895,0.030217,0.003056,0.246019,0.036586,0.522511,58.916546,5.384127,59.440281,5.614131,4.0,0.00023283,8,617,0.03649,0.06814,0.06,0.0,100,0.625,0.0,,,-0.01,0.01062,0.00043,-0.00881,0.00194,0.58652
658,673792,70.68324,143.0,1.0,0.87,0.827491,-0.003045,0.035331,0.002903,0.22289,0.028809,0.562729,59.306126,5.217932,59.191898,6.259735,4.0,0.00023272,6,670,0.04082,0.07422,0.06,0.0,100,0.66667,0.0,,,-0.01,0.01178,0.00018,-0.00903,0.0022,0.57941
659,674816,43.3884,163.66667,0.66667,0.87,0.645479,-0.00086,0.068373,0.001862,0.237549,0.01845,0.529023,58.412964,5.933516,57.560913,8.25541,4.0,0.00023262,3,789,0.03136,0.0589,0.05,0.0,100,1.0,0.0,,,-0.01,0.01153,4e-05,-0.00509,0.00206,0.25853
660,675840,67.13525,240.5,1.0,0.87,0.688978,-0.00321,0.007345,0.002098,0.290039,0.026263,0.917832,58.609032,6.128365,57.605888,6.152334,4.0,0.00023252,2,863,0.0274,0.05628,0.05,0.0,100,0.0,0.0,,,-0.01,0.00787,0.00012,0.00161,-0.00119,0.27795
661,676864,23.2683,356.16667,0.33333,0.84,0.775756,-0.004064,0.006258,0.001813,0.213619,0.018903,0.907902,55.684074,5.405357,55.54504,6.001591,4.0,0.00023242,6,728,0.03805,0.0662,0.09,0.0,100,0.66667,0.0,,,-0.01,0.01342,0.00071,-0.00416,0.00679,0.21999
662,677888,56.39507,200.0,0.8,0.84,0.956233,-0.003858,0.017341,0.003612,0.207554,0.043004,0.659233,58.495289,4.505192,58.450413,4.963431,4.0,0.00023231,5,705,0.04328,0.07948,0.09,0.0,100,0.6,0.0,,,-0.01,0.0137,0.0004,-0.00639,0.00213,0.3901
663,678912,44.06788,188.66667,0.66667,0.84,0.827734,-0.001781,0.094857,0.00206,0.375557,0.016985,0.281828,55.865181,5.62517,54.07608,7.832433,4.0,0.00023221,3,652,0.04402,0.08277,0.09,0.0,100,0.33333,0.0,,,-0.01,0.01278,0.00037,-0.00783,-0.00577,0.19579
664,679936,59.47631,160.28571,0.85714,0.83,0.852721,-0.002087,0.082582,0.002668,0.209289,0.029053,0.374358,53.75058,3.815703,53.219826,7.884018,4.0,0.00023211,7,678,0.03543,0.06512,0.09,0.0,100,0.71429,0.0,,,-0.01,0.00998,0.00038,-0.00531,0.00804,0.59698
665,680960,34.74108,203.83333,0.5,0.8,0.917878,-0.001291,0.103811,0.001739,0.551888,0.012905,0.481259,53.543636,4.87831,51.531208,10.125316,4.0,0.00023201,6,653,0.04435,0.08551,0.1,0.0,100,0.5,1.0,,,-0.01,0.01429,0.00044,-0.00431,-0.00029,0.27745
666,681984,62.75073,175.0,0.875,0.8,0.975951,-0.00264,0.047166,0.003078,0.35069,0.029681,0.681325,52.372387,7.360834,53.564201,8.485615,4.0,0.0002319,8,662,0.04974,0.0889,0.11,0.0,100,0.5,0.0,,,-0.01,0.01478,0.00017,-0.00511,0.00156,0.65688
667,683008,53.41056,148.25,0.75,0.78,0.834819,-0.001894,0.082436,0.001375,0.192993,0.007882,0.713647,51.384071,8.852604,51.762035,11.864328,4.0,0.0002318,8,661,0.06293,0.11331,0.12,0.0,100,0.5,0.0,,,-0.01,0.0157,0.00104,-0.00733,0.00133,0.58866
668,684032,34.15597,112.83333,0.5,0.76,0.798432,-0.002417,0.184962,0.002467,0.701841,0.024344,0.525234,52.294258,8.951712,50.078754,13.718488,4.0,0.0002317,6,672,0.05513,0.11025,0.12,0.0,100,0.83333,0.0,,,-0.01,0.01765,0.00043,-0.00692,-0.00286,0.29746
669,685056,52.64461,127.75,0.75,0.75,0.880018,-0.001929,0.07102,0.001779,0.383681,0.016636,0.753079,52.326782,9.416502,51.798382,11.485054,4.0,0.0002316,4,672,0.07175,0.1259,0.12,0.0,100,0.5,0.0,,,-0.01,0.01373,4e-05,-0.00194,0.00409,0.28712
670,686080,61.03336,191.0,0.85714,0.76,0.895471,-0.003704,0.062699,0.003248,0.27449,0.038888,0.758679,50.321796,9.873262,50.451172,10.975343,4.0,0.00023149,7,635,0.06645,0.11526,0.12,0.0,100,0.42857,0.0,,,-0.01,0.01462,-0.00029,-0.00647,0.00121,0.55563
671,687104,34.35617,194.83333,0.5,0.73,0.835031,-0.002479,0.090567,0.001568,0.351134,0.00994,0.77183,49.714031,10.420252,48.123634,13.712276,4.0,0.00023139,6,684,0.06238,0.11107,0.13,0.0,100,0.66667,1.0,,,-0.01,0.01729,0.00014,-0.00302,-0.00261,0.29562
672,688128,56.2209,133.4,0.8,0.72,0.940175,-0.002605,0.048894,0.003374,0.50215,0.031948,0.856818,47.881123,12.180339,49.457264,13.029131,4.0,0.00023129,5,655,0.07316,0.12785,0.13,0.0,100,0.4,1.0,,,-0.01,0.01341,-5e-05,-0.00402,0.00681,0.36668
673,689152,56.32482,207.66667,0.83333,0.74,1.015199,-0.002594,0.085743,0.003106,0.270642,0.037249,0.688752,56.153645,10.405441,55.858555,11.430405,4.0,0.00023119,6,682,0.06665,0.12381,0.12,0.0,100,0.33333,0.0,,,-0.01,0.00962,7e-05,-0.00512,0.00254,0.42285
674,690176,69.83415,176.83333,1.0,0.75,1.014417,-0.00416,0.040408,0.004219,0.279954,0.04841,0.734975,52.956638,7.747321,53.666504,8.486476,4.0,0.00023108,6,642,0.07603,0.13305,0.11,0.0,100,0.16667,0.0,,,-0.01,0.01466,0.00032,-0.00451,0.00238,0.51377
675,691200,60.28254,195.14286,0.85714,0.75,1.025949,-0.002416,0.042107,0.003264,0.392584,0.034912,0.665554,54.901142,8.22716,56.418865,8.016106,4.0,0.00023098,7,640,0.08693,0.1496,0.11,0.0,100,0.42857,0.0,,,-0.01,0.01252,0.00025,-0.00517,0.00508,0.50836
676,692224,71.50997,145.5,1.0,0.76,1.021731,-0.002787,0.022347,0.003001,0.360768,0.027518,0.755554,57.161926,6.605215,58.306725,6.687413,4.0,0.00023088,6,626,0.06787,0.12026,0.11,0.0,100,0.16667,0.0,,,-0.01,0.01247,0.00019,-0.00306,0.00171,0.48815
677,693248,62.71361,121.375,0.875,0.78,0.882118,-0.001484,0.100494,0.001573,0.175677,0.009696,0.266536,59.204716,6.789376,59.155659,8.766304,4.0,0.00023078,8,648,0.05589,0.10418,0.08,0.0,100,0.5,0.0,,,-0.01,0.01043,0.00043,-0.00169,0.00606,0.66198
678,694272,60.25609,141.0,0.85714,0.79,0.981749,-0.00111,0.086109,0.00261,0.199681,0.011823,0.521177,58.251972,6.398206,58.416359,9.264451,4.0,0.00023068,7,629,0.06741,0.11946,0.06,0.0,100,0.42857,1.0,,,-0.01,0.01426,0.0005,-0.0048,0.0049,0.51904
679,695296,55.57756,144.0,0.77778,0.78,0.898216,-0.002218,0.09627,0.003154,0.343536,0.029122,0.632667,58.191204,8.182321,57.041668,11.348166,4.0,0.00023057,9,649,0.05084,0.09872,0.07,0.0,100,0.55556,0.0,,,-0.01,0.0141,0.00065,-0.00383,-0.00338,0.64737
680,696320,34.78954,109.66667,0.5,0.79,0.91994,-0.002356,0.125383,0.002737,0.410634,0.02424,0.713004,55.971775,10.26369,54.543999,14.582975,4.0,0.00023047,6,661,0.07365,0.13063,0.06,0.0,100,0.5,0.0,,,-0.01,0.01308,0.00059,-0.00532,0.0047,0.27618
681,697344,59.76236,164.14286,0.85714,0.78,0.93722,-0.002707,0.079023,0.001993,0.273486,0.019148,0.794331,55.067757,11.642124,54.142483,13.473305,4.0,0.00023037,7,658,0.06846,0.13025,0.06,0.0,100,0.42857,0.0,,,-0.01,0.01145,0.00058,-0.0061,0.00116,0.53846
682,698368,70.75444,142.33333,1.0,0.8,0.765329,-0.00282,0.045246,0.002354,0.272234,0.023542,0.846045,51.916485,11.072414,52.613461,11.82797,4.0,0.00023027,6,717,0.05935,0.10641,0.05,0.0,100,0.5,0.0,,,-0.01,0.01437,0.00028,-0.00625,0.00392,0.67475
683,699392,56.59932,155.1,0.8,0.82,1.050318,-0.002984,0.109352,0.004799,0.304759,0.061872,0.567206,53.756721,8.910573,54.759766,11.083828,4.0,0.00023016,10,587,0.07852,0.1382,0.05,0.0,100,0.4,0.0,,,-0.01,0.01397,-0.00026,-0.00719,0.00417,0.65108
684,700416,70.90067,134.16667,1.0,0.84,0.986927,-0.003036,0.03588,0.003557,0.365917,0.042376,0.765465,55.728874,8.437445,56.872051,8.606762,4.0,0.00023006,6,626,0.07247,0.12722,0.04,0.0,100,0.0,0.0,,,-0.01,0.01107,0.00066,-0.00566,0.00411,0.52272
685,701440,71.10512,137.0,1.0,0.86,1.069648,-0.004283,0.027617,0.003529,0.451745,0.03132,0.696505,58.480793,7.032256,59.999256,6.934805,4.0,0.00022996,8,606,0.0718,0.12536,0.04,0.0,100,0.125,0.0,,,-0.01,0.01487,0.00042,-0.00658,0.00514,0.63999
686,702464,60.28905,119.57143,0.85714,0.87,0.984561,-0.003159,0.087377,0.002634,0.251908,0.02403,0.530956,60.258625,6.910694,60.04821,9.571739,4.0,0.00022986,7,636,0.07107,0.12406,0.03,0.0,100,0.71429,0.0,,,-0.01,0.0115,0.00064,-0.0114,0.00361,0.5228
687,703488,70.81041,144.25,1.0,0.88,0.954809,-0.003763,0.023865,0.003416,0.263022,0.045515,0.741115,60.740601,6.780569,61.501274,6.532039,4.0,0.00022975,8,638,0.05549,0.10225,0.03,0.0,100,0.0,1.0,,,-0.01,0.0101,0.00044,-0.01089,0.00441,0.68978
688,704512,70.6394,129.85714,1.0,0.88,0.880365,-0.004675,0.008434,0.003994,0.267237,0.045271,0.837915,61.977367,5.468265,62.498806,5.255603,4.0,0.00022965,7,672,0.06588,0.11196,0.03,0.0,100,0.71429,0.0,,,-0.01,0.01294,0.00051,-0.00674,0.00697,0.68284
689,705536,70.37789,145.55556,1.0,0.89,0.930589,-0.003947,0.013465,0.004461,0.38339,0.052072,0.723034,61.878902,5.029515,63.336193,4.689113,4.0,0.00022955,9,617,0.05836,0.09771,0.02,0.0,100,0.33333,0.0,,,-0.01,0.01392,8e-05,-0.00962,0.00647,0.74748
690,706560,72.53764,99.0,1.0,0.9,0.978892,-0.004019,0.006915,0.004541,0.380799,0.047015,0.822871,64.588028,4.407137,65.868782,4.043571,4.0,0.00022945,10,586,0.07154,0.12286,0.02,0.0,100,0.3,0.0,,,-0.01,0.01162,0.00065,-0.00618,0.00715,0.81693
691,707584,65.36829,97.18182,0.90909,0.9,0.888912,-0.002036,0.071725,0.002275,0.269582,0.021066,0.484187,65.008301,4.878142,64.526634,8.839401,4.0,0.00022934,11,600,0.0625,0.11442,0.02,0.0,100,0.54545,0.0,,,-0.01,0.01243,0.00104,-0.00771,0.00238,0.84599
692,708608,72.66935,98.25,1.0,0.95,0.89494,-0.001894,0.027908,0.001884,0.196215,0.007429,0.460765,66.010719,5.332804,66.032585,4.909955,4.0,0.00022924,8,650,0.06579,0.11319,0.01,0.0,100,0.25,0.0,,,-0.01,0.01156,0.00014,-0.00812,0.00904,0.72801
693,709632,58.77383,111.91667,0.83333,0.94,0.953021,-0.00336,0.159697,0.00251,0.648219,0.030099,0.524708,64.608589,6.93867,62.256836,12.601735,4.0,0.00022914,12,587,0.06189,0.11584,0.01,0.0,100,0.5,0.0,,,-0.01,0.01298,0.00052,-0.00636,-0.00042,0.7889
694,710656,63.11784,95.375,0.875,0.95,0.941992,-0.002035,0.088161,0.001621,0.171713,0.016427,0.432823,65.306374,5.858682,64.828362,8.437839,4.0,0.00022904,8,608,0.07304,0.12712,0.0,0.0,100,0.375,0.0,,,-0.01,0.01163,0.00027,-0.00638,0.00858,0.5759
695,711680,64.44379,100.1,0.9,0.94,1.026369,-0.002532,0.10157,0.004379,0.362325,0.052246,0.382997,65.230103,4.660544,64.011642,8.62323,4.0,0.00022893,10,609,0.07331,0.13095,0.0,0.0,100,0.3,0.0,,,-0.01,0.01071,0.00035,-0.00711,0.00364,0.73003
696,712704,71.55118,117.3,1.0,0.94,1.067065,-0.002582,0.047716,0.004379,0.233849,0.050886,-0.026898,63.128441,6.403152,63.557415,5.317585,4.0,0.00022883,10,577,0.08042,0.13408,0.0,0.0,100,0.4,0.0,,,-0.01,0.01304,0.00053,-0.01068,0.00515,0.7922
697,713728,71.00867,119.66667,1.0,0.95,0.964702,-0.004352,0.022503,0.003943,0.258763,0.04977,0.542235,62.816494,4.613768,63.337734,4.914426,4.0,0.00022873,9,617,0.08788,0.14345,0.0,0.0,100,0.77778,0.0,,,-0.01,0.01301,-0.00031,-0.00605,0.00385,0.78133
698,714752,72.46887,111.0,1.0,0.95,1.076732,-0.004736,0.006706,0.004423,0.274972,0.051444,0.713273,63.965248,3.150961,64.764168,3.304777,4.0,0.00022863,8,584,0.10343,0.16726,0.0,0.0,100,0.25,0.0,,,-0.01,0.01441,0.00024,-0.00486,0.00824,0.62358
699,715776,72.46074,106.16667,1.0,0.95,1.055585,-0.007356,0.004086,0.006846,0.413801,0.098703,0.875395,64.995407,3.507703,65.880203,3.707465,4.0,0.00022852,12,578,0.08559,0.14392,0.0,0.0,100,0.16667,1.0,,,-0.01,0.01294,-0.0,-0.00728,0.00844,0.91446
700,716800,63.71321,94.44444,0.88889,0.94,0.987295,-0.000266,0.076245,0.004602,0.279047,0.057582,0.321342,65.300346,3.579522,64.761559,8.016629,4.0,0.00022842,9,579,0.0812,0.14131,0.0,0.0,100,0.44444,0.0,,,-0.01,0.01693,0.00018,-0.00834,7e-05,0.63409
701,717824,72.1965,101.66667,1.0,0.94,0.754746,-0.002678,0.029667,0.00314,0.203584,0.038958,0.636397,64.40152,6.829958,64.346375,6.313821,4.0,0.00022832,6,694,0.08051,0.13644,0.0,0.0,100,0.33333,0.0,,,-0.01,0.01189,-0.00056,-0.00598,0.00478,0.64078
702,718848,71.98932,116.625,1.0,0.95,0.823404,-0.003216,0.008921,0.003212,0.163109,0.036342,0.826405,64.793922,4.925951,64.826614,5.024392,4.0,0.00022822,8,642,0.07782,0.12843,0.0,0.0,100,0.375,0.0,,,-0.01,0.01279,9e-05,-0.00634,0.00746,0.8074
703,719872,64.0222,165.5,0.9,0.94,0.880578,-0.00415,0.008682,0.003808,0.18483,0.045271,0.817517,64.71199,4.213823,64.901932,4.641019,4.0,0.00022812,10,633,0.07363,0.12272,0.01,0.0,100,0.0,0.0,,,-0.01,0.01683,0.00047,-0.00392,0.00442,0.8247
704,720896,73.08022,101.375,1.0,0.96,0.973289,-0.004285,0.007814,0.003786,0.295201,0.048793,0.609334,66.426285,2.534137,66.742722,2.980142,4.0,0.00022801,8,600,0.08018,0.12984,0.01,0.0,100,0.375,0.0,,,-0.01,0.01431,0.00019,-0.00855,0.01031,0.63786
705,721920,72.52855,99.46154,1.0,0.97,1.041796,-0.003716,0.005501,0.00284,0.218726,0.03275,0.695176,67.034256,2.822714,67.598976,2.904696,4.0,0.00022791,13,586,0.09284,0.15337,0.01,0.0,100,0.30769,0.0,,,-0.01,0.0133,0.00156,-0.00834,0.01111,0.9951
706,722944,51.01639,92.28571,0.71429,0.96,0.978885,-0.003196,0.178799,0.002724,0.705244,0.020926,0.325256,66.604813,4.553739,63.856495,11.030758,4.0,0.00022781,7,621,0.071,0.12986,0.01,0.0,100,0.28571,0.0,,,-0.01,0.01455,0.00129,-0.0074,-4e-05,0.41549
707,723968,71.6141,122.0,1.0,0.96,0.980121,-0.002507,0.023288,0.004511,0.276976,0.055873,0.263418,65.635704,4.567388,65.804771,4.069731,4.0,0.00022771,10,604,0.07937,0.13396,0.01,0.0,100,0.2,1.0,,,-0.01,0.01466,-6e-05,-0.01148,0.00451,0.81378
708,724992,63.92109,102.0,0.88889,0.95,0.952343,-0.001648,0.109265,0.002534,0.415002,0.021205,0.316969,65.314018,4.462488,63.727055,8.456076,4.0,0.0002276,9,575,0.12146,0.19021,0.01,0.0,100,0.33333,0.0,,,-0.01,0.0155,0.00033,-0.01092,0.00266,0.6573
709,726016,72.32832,104.28571,1.0,0.95,0.864348,-0.003031,0.019044,0.001925,0.218523,0.02403,0.703054,63.511864,5.296776,63.612019,5.433373,4.0,0.0002275,7,640,0.09323,0.14908,0.01,0.0,100,0.42857,0.0,,,-0.01,0.01224,-0.00047,-0.01032,0.00735,0.66508
710,727040,55.58933,163.33333,0.83333,0.94,0.826604,-0.00241,0.098356,0.004013,0.399642,0.058175,0.408681,63.633575,5.430706,62.225132,8.624597,4.0,0.0002274,6,682,0.07276,0.12604,0.01,0.0,100,0.33333,1.0,,,-0.01,0.01336,0.00044,-0.00263,0.00184,0.48012
711,728064,71.42818,143.28571,1.0,0.94,0.919579,-0.004044,0.017049,0.0036,0.223649,0.040109,0.698964,63.267109,5.136955,63.333366,5.1194,4.0,0.0002273,7,665,0.06452,0.1125,0.01,0.0,100,0.57143,0.0,,,-0.01,0.01238,0.00052,-0.00375,0.00535,0.63613
712,729088,65.92987,144.75,0.91667,0.94,1.035326,-0.003245,0.010208,0.002536,0.273714,0.023961,0.623759,63.571392,3.009303,64.393814,3.645176,4.0,0.00022719,12,600,0.08744,0.14942,0.02,0.0,100,0.25,0.0,,,-0.01,0.01515,0.00067,-0.0078,0.00711,0.88173
713,730112,72.52772,104.0,1.0,0.94,1.024647,-0.002931,0.015691,0.003127,0.283139,0.035714,0.566768,64.12336,3.349651,64.721771,3.971642,4.0,0.00022709,9,589,0.08174,0.14332,0.02,0.0,100,0.11111,0.0,,,-0.01,0.01852,0.00113,-0.00822,0.00511,0.69763
714,731136,57.7682,97.0,0.8,0.93,0.99448,-0.002916,0.127201,0.004193,0.442458,0.051583,0.403732,64.700829,4.333913,63.523285,10.820894,4.0,0.00022699,10,586,0.07184,0.1232,0.01,0.0,100,0.3,1.0,,,-0.01,0.01641,0.00063,-0.00676,0.00752,0.62194
715,732160,72.33265,109.88889,1.0,0.93,1.057899,-0.003017,0.017235,0.002338,0.232231,0.020682,0.389306,65.790718,4.125464,66.175789,3.539691,4.0,0.00022689,9,572,0.06407,0.10996,0.01,0.0,100,0.33333,0.0,,,-0.01,0.01532,0.00073,-0.00735,0.00865,0.69605
716,733184,65.13084,103.1,0.9,0.92,1.006735,-0.002957,0.085774,0.00289,0.318065,0.024449,0.622816,64.700012,6.757637,63.844398,10.227746,4.0,0.00022678,10,585,0.07407,0.12471,0.01,0.0,100,0.3,0.0,,,-0.01,0.01752,0.00084,-0.00645,0.00143,0.70598
717,734208,55.5487,105.33333,0.77778,0.92,0.988218,-0.001824,0.163394,0.00302,0.462849,0.03118,0.28271,64.581711,4.590308,62.734043,10.034924,4.0,0.00022668,9,599,0.08541,0.14159,0.01,0.0,100,0.55556,0.0,,,-0.01,0.01634,0.0,-0.00706,0.00366,0.57214
718,735232,72.2604,114.83333,1.0,0.92,1.021454,-0.002336,0.039829,0.003525,0.261378,0.039376,0.109985,62.794243,6.814064,63.241478,5.331159,4.0,0.00022658,6,636,0.08305,0.13373,0.01,0.0,100,0.33333,0.0,,,-0.01,0.01332,1e-05,-0.00724,0.00579,0.5095
719,736256,71.59738,127.16667,1.0,0.92,0.937745,-0.003361,0.017849,0.00302,0.2715,0.041783,0.754049,62.882969,4.620846,62.292961,5.560417,4.0,0.00022648,6,664,0.07984,0.12517,0.01,0.0,100,0.33333,1.0,,,-0.01,0.01159,-0.0002,-0.00885,0.00154,0.56681
720,737280,57.25773,182.0,0.8,0.91,0.87926,-0.003074,0.018394,0.00227,0.201145,0.021973,0.747773,60.836506,5.674257,60.516705,5.839753,4.0,0.00022637,5,677,0.08314,0.12685,0.02,0.0,100,0.4,0.0,,,-0.01,0.01388,-3e-05,-0.00829,0.00291,0.38925
721,738304,47.03495,238.33333,0.66667,0.91,0.767472,-0.003105,0.017308,0.002724,0.196903,0.032471,0.809246,59.359993,6.351548,58.879448,6.469006,4.0,0.00022627,3,687,0.0565,0.08971,0.03,0.0,100,0.66667,0.0,,,-0.01,0.01072,-5e-05,-0.00548,0.00276,0.22919
722,739328,41.08811,265.2,0.6,0.89,0.715603,-0.003598,0.008765,0.003267,0.217905,0.042585,0.906981,58.368816,6.3058,58.477776,6.659188,4.0,0.00022617,5,719,0.04313,0.07678,0.05,0.0,100,0.6,0.0,,,-0.01,0.01296,0.00017,-0.0023,0.00868,0.33514
723,740352,70.23349,177.25,1.0,0.9,0.955729,-0.004519,0.009439,0.003735,0.267184,0.047538,0.867222,60.838474,5.486853,61.306854,5.664916,4.0,0.00022607,8,669,0.04455,0.07868,0.05,0.0,100,0.375,0.0,,,-0.01,0.01304,0.00041,-0.00242,0.00762,0.69904
724,741376,63.80198,166.88889,0.88889,0.89,0.980717,-0.004809,0.006531,0.003435,0.296573,0.036551,0.843724,62.465172,3.960209,63.213234,4.181049,4.0,0.00022596,9,618,0.04339,0.07666,0.06,0.0,100,0.22222,1.0,,,-0.01,0.01476,0.00022,-0.00604,0.00651,0.63917
725,742400,56.26398,101.66667,0.77778,0.88,0.964047,-0.001477,0.190031,0.003013,0.385961,0.038714,0.131315,63.568626,3.434343,62.097553,9.934318,4.0,0.00022586,9,602,0.04748,0.08241,0.05,0.0,100,0.22222,0.0,,,-0.01,0.01619,5e-05,-0.00678,0.0074,0.56153
726,743424,63.16513,120.44444,0.88889,0.87,0.916667,-0.004231,0.109855,0.004032,0.29959,0.047852,0.344856,61.126396,5.129917,60.521999,8.622819,4.0,0.00022576,9,624,0.05141,0.08535,0.05,0.0,100,0.33333,1.0,,,-0.01,0.01424,-2e-05,-0.00958,0.00282,0.6684
727,744448,39.16094,111.42857,0.57143,0.86,0.948212,-0.00241,0.19187,0.001952,0.822601,0.016218,0.542298,59.029579,7.539477,55.467804,13.699356,4.0,0.00022566,7,629,0.05736,0.09377,0.05,0.0,100,0.57143,0.0,,,-0.01,0.01576,1e-05,-0.01021,0.0004,0.33592
728,745472,72.33736,108.8,1.0,0.86,0.941927,-0.003159,0.031393,0.003152,0.220747,0.034668,0.774915,57.950859,7.817712,58.02145,8.061995,4.0,0.00022556,5,651,0.04646,0.08026,0.05,0.0,100,0.2,0.0,,,-0.01,0.01112,-3e-05,-0.00393,0.00444,0.46135
729,746496,53.28565,121.0,0.75,0.85,0.917359,-0.002868,0.086308,0.004029,0.305004,0.04677,0.680599,56.964024,8.527763,55.714878,10.831994,4.0,0.00022545,4,680,0.05081,0.07962,0.05,0.0,100,0.25,0.0,,,-0.01,0.01499,-0.00024,-0.00117,0.00528,0.27991
730,747520,27.7266,322.8,0.4,0.82,1.056165,-0.005373,0.009758,0.004238,0.246372,0.05385,0.940817,57.01498,8.133136,56.757992,8.492623,4.0,0.00022535,5,669,0.0558,0.08447,0.08,0.0,100,0.2,0.0,,,-0.01,0.01279,-0.00022,-0.0033,0.00459,0.1717
731,748544,71.76967,135.28571,1.0,0.83,1.060316,-0.002972,0.022504,0.003601,0.280533,0.038609,0.478389,58.506714,4.11195,59.313854,4.531749,4.0,0.00022525,7,648,0.05797,0.09332,0.08,0.0,100,0.28571,1.0,,,-0.01,0.01499,0.0001,-0.00397,0.00282,0.58195
732,749568,60.42858,220.14286,0.85714,0.83,1.058543,-0.003625,0.040578,0.003384,0.220732,0.037702,0.588978,57.926697,5.877505,58.025486,6.671899,4.0,0.00022515,7,632,0.05434,0.08752,0.09,0.0,100,0.14286,0.0,,,-0.01,0.01304,-0.00022,-0.00785,0.004,0.47361
733,750592,70.17807,155.5,1.0,0.84,0.931174,-0.002955,0.021154,0.00267,0.244535,0.029053,0.863593,56.510647,7.553804,57.090115,8.22889,4.0,0.00022504,6,662,0.06209,0.09569,0.09,0.0,100,0.5,1.0,,,-0.01,0.01569,3e-05,-0.00713,0.00136,0.53855
734,751616,59.47295,111.66667,0.83333,0.83,0.849814,-0.002319,0.096278,0.00206,0.2621,0.020857,0.689547,56.193317,9.404701,55.490772,11.62799,4.0,0.00022494,6,639,0.04548,0.07701,0.09,0.0,100,0.33333,0.0,,,-0.01,0.01472,0.00011,-0.00516,0.00461,0.4755
735,752640,63.68978,157.33333,0.88889,0.83,0.884959,-0.00258,0.021772,0.002003,0.358662,0.020299,0.903454,54.578705,8.974247,55.818111,10.19803,4.0,0.00022484,9,645,0.05964,0.0903,0.09,0.0,100,0.44444,0.0,,,-0.01,0.01417,-0.00016,-0.00729,0.00657,0.74266
736,753664,72.07106,120.16667,1.0,0.85,0.978351,-0.004588,0.010211,0.003258,0.273598,0.038853,0.922661,59.316498,7.7045,60.029926,8.09659,4.0,0.00022474,6,651,0.0626,0.0932,0.07,0.0,100,0.16667,1.0,,,-0.01,0.01404,-0.00018,-0.00697,0.00807,0.51851
737,754688,61.56615,173.57143,0.85714,0.85,0.986093,-0.005741,0.010688,0.00406,0.314441,0.052141,0.89039,61.239643,6.548356,62.118835,6.650995,4.0,0.00022463,7,624,0.06292,0.09841,0.07,0.0,100,0.28571,0.0,,,-0.01,0.01498,9e-05,-0.00717,0.00704,0.49093
738,755712,63.76454,131.0,0.9,0.85,1.01568,-0.001899,0.099642,0.003048,0.178313,0.030797,0.362756,62.629131,5.148909,62.729683,8.473249,4.0,0.00022453,10,571,0.06328,0.10167,0.06,0.0,100,0.3,0.0,,,-0.01,0.0135,-0.00012,-0.0077,0.00732,0.68359
739,756736,65.5579,103.09091,0.90909,0.86,1.006031,-0.002189,0.114656,0.002987,0.26075,0.021449,0.370239,63.150372,5.337625,62.641174,9.036109,4.0,0.00022443,11,589,0.06893,0.11267,0.06,0.0,100,0.09091,1.0,,,-0.01,0.01416,-0.00014,-0.00598,0.004,0.7757
740,757760,57.24152,109.8,0.8,0.85,0.922053,-0.001264,0.086715,0.000616,0.38575,0.001848,0.779379,59.633427,10.636783,59.105583,14.071311,4.0,0.00022433,10,616,0.07173,0.11426,0.06,0.0,100,0.2,1.0,,,-0.01,0.01467,0.00019,-0.00792,0.00267,0.68406
741,758784,71.71912,108.42857,1.0,0.88,0.946575,-0.002814,0.058846,0.003188,0.309415,0.032959,0.197791,61.20816,7.304306,61.904938,6.354263,4.0,0.00022422,7,593,0.05978,0.10266,0.06,0.0,100,0.42857,0.0,,,-0.01,0.01369,0.00023,-0.00916,0.00789,0.57139
742,759808,60.56619,104.84615,0.84615,0.89,0.957251,-0.002534,0.142339,0.002676,0.253974,0.021973,0.470154,61.483799,5.714561,60.827847,11.129032,4.0,0.00022412,13,600,0.06438,0.10465,0.04,0.0,100,0.30769,1.0,,,-0.01,0.01385,-0.0001,-0.0077,0.00289,0.89557
743,760832,72.0945,100.625,1.0,0.9,1.011342,-0.003818,0.037705,0.00412,0.303303,0.039028,0.436097,61.283352,5.762568,62.17469,5.809961,4.0,0.00022402,8,597,0.06903,0.11336,0.03,0.0,100,0.25,0.0,,,-0.01,0.01674,0.00011,-0.01014,0.00329,0.63437
744,761856,72.48065,105.14286,1.0,0.91,0.925696,-0.003525,0.007724,0.003548,0.329341,0.046422,0.802355,63.33271,4.490483,64.289223,4.58708,4.0,0.00022392,7,626,0.07171,0.10611,0.02,0.0,100,0.0,0.0,,,-0.01,0.01857,9e-05,-0.00598,0.00815,0.60292
745,762880,72.78619,106.33333,1.0,0.92,0.986139,-0.002949,0.006037,0.002203,0.288662,0.019985,0.875189,64.737915,5.016229,65.449593,5.096614,4.0,0.00022381,9,619,0.08909,0.13413,0.02,0.0,100,0.11111,0.0,,,-0.01,0.01386,0.00018,-0.00758,0.01009,0.75524
746,763904,63.21808,151.375,0.875,0.91,0.999054,-0.004802,0.004619,0.003794,0.303524,0.045585,0.90788,66.218811,5.606345,66.56031,5.507625,4.0,0.00022371,8,626,0.07304,0.11137,0.03,0.0,100,0.125,0.0,,,-0.01,0.01598,-0.00023,-0.00747,0.00883,0.57855
747,764928,62.29225,120.75,0.875,0.91,1.157991,-0.002248,0.090581,0.00453,0.360444,0.057826,0.460955,67.996803,5.12003,66.871902,8.823701,4.0,0.00022361,8,585,0.06424,0.10206,0.02,0.0,100,0.125,1.0,,,-0.01,0.01418,0.00014,-0.00647,0.00415,0.50704
748,765952,71.35116,153.0,1.0,0.92,1.10438,-0.003275,0.013218,0.00398,0.254766,0.049212,0.739966,66.69323,4.771029,66.521866,4.587251,4.0,0.00022351,7,611,0.07732,0.11777,0.01,0.0,100,0.14286,0.0,,,-0.01,0.01687,-1e-05,-0.00638,0.00737,0.53589
749,766976,70.35334,151.33333,1.0,0.93,1.200998,-0.003262,0.005943,0.00381,0.212344,0.0512,0.765609,66.61544,4.082348,66.411331,3.568199,4.0,0.0002234,6,621,0.06744,0.10389,0.01,0.0,100,0.16667,0.0,,,-0.01,0.01506,-0.00013,-0.00735,0.00519,0.44881
750,768000,72.48704,123.5,1.0,0.93,1.169158,-0.005313,0.004982,0.005276,0.309998,0.070905,0.721788,66.819267,2.57147,66.501884,2.793738,4.0,0.0002233,6,623,0.07048,0.09969,0.01,0.0,100,0.0,0.0,,,-0.01,0.01713,-0.00022,-0.00598,0.00719,0.46274
751,769024,60.26338,156.57143,0.85714,0.92,1.095104,-0.001792,0.084784,0.003593,0.537108,0.035052,0.435079,65.485817,4.032764,63.645061,8.406703,4.0,0.0002232,7,621,0.06297,0.10088,0.01,0.0,100,0.42857,0.0,,,-0.01,0.01697,-0.00013,-0.00676,0.00216,0.45749
752,770048,62.01971,165.57143,0.85714,0.93,0.926486,-0.002943,0.043535,0.004296,0.217479,0.060721,0.46178,63.562809,6.619745,62.99667,6.138571,4.0,0.0002231,7,642,0.0726,0.09517,0.02,0.0,100,0.28571,0.0,,,-0.01,0.01824,4e-05,-0.00668,0.00523,0.52508
753,771072,72.66475,108.71429,1.0,0.94,0.965232,-0.0027,0.020819,0.003115,0.167775,0.027867,0.707887,62.349663,5.657146,62.35688,5.874792,4.0,0.000223,7,632,0.08688,0.12215,0.02,0.0,100,0.0,0.0,,,-0.01,0.01781,9e-05,-0.00673,0.0073,0.65287
754,772096,57.33244,184.0,0.83333,0.93,0.995202,-0.003053,0.104053,0.003113,0.423876,0.034598,0.47712,61.690655,6.194959,59.831665,9.163445,4.0,0.00022289,6,629,0.11152,0.13984,0.02,0.0,100,0.16667,0.0,,,-0.01,0.01895,-0.00025,-0.00834,0.00203,0.41736
755,773120,60.36543,198.14286,0.85714,0.93,1.024376,-0.003042,0.017103,0.003117,0.217251,0.030029,0.679326,60.82037,4.67995,60.896431,4.948661,4.0,0.00022279,7,639,0.10623,0.14792,0.03,0.0,100,0.42857,1.0,,,-0.01,0.01755,0.00015,-0.00813,0.0027,0.51006
756,774144,53.01792,129.875,0.75,0.92,1.100068,-0.001545,0.126916,0.002728,0.521169,0.023926,0.449911,61.385159,4.797131,59.764675,10.454023,4.0,0.00022269,8,607,0.11878,0.16169,0.03,0.0,100,0.375,0.0,,,-0.01,0.01863,0.00018,-0.00792,0.00191,0.4803
757,775168,71.99185,134.4,1.0,0.92,1.15589,-0.003016,0.03824,0.004338,0.319393,0.056606,-0.071155,60.778965,5.192905,60.947304,4.28985,4.0,0.00022259,5,632,0.09374,0.1291,0.03,0.0,100,0.0,0.0,,,-0.01,0.01817,-9e-05,-0.00761,0.00416,0.40256
758,776192,60.60856,202.28571,0.85714,0.91,1.092199,-0.004242,0.017671,0.004297,0.282085,0.051444,0.528136,59.735687,3.988388,60.123371,4.415843,4.0,0.00022248,7,611,0.08884,0.1246,0.04,0.0,100,0.85714,0.0,,,-0.01,0.01792,-0.00032,-0.0055,0.00613,0.46748
759,777216,72.0656,136.16667,1.0,0.91,1.02538,-0.003302,0.017039,0.003011,0.250378,0.030622,0.608615,60.564056,3.808994,61.028835,4.3697,4.0,0.00022238,6,634,0.09309,0.13825,0.04,0.0,100,0.5,1.0,,,-0.01,0.01704,-0.00033,-0.00663,0.00496,0.51304
760,778240,70.82821,153.0,1.0,0.91,1.016592,-0.004348,0.008965,0.003616,0.206654,0.037005,0.835078,61.31731,4.241756,61.395962,4.838889,4.0,0.00022228,6,643,0.08947,0.1369,0.04,0.0,100,0.5,0.0,,,-0.01,0.01468,-0.0002,-0.00648,0.0036,0.53258
761,779264,61.82417,166.66667,0.88889,0.91,1.085451,-0.001128,0.077066,0.002263,0.152361,0.013986,0.328353,60.904045,4.186104,61.28574,7.09812,4.0,0.00022218,9,609,0.08762,0.12895,0.03,0.0,100,0.44444,1.0,,,-0.01,0.01727,0.00014,-0.00412,0.0063,0.61949
762,780288,72.62771,129.85714,1.0,0.92,1.019557,-0.002577,0.012683,0.002003,0.250057,0.018834,0.612102,62.181816,3.53608,62.831596,3.724161,4.0,0.00022207,7,626,0.10019,0.14228,0.03,0.0,100,0.28571,0.0,,,-0.01,0.01681,0.00076,-0.00406,0.00414,0.58638
763,781312,64.16442,125.4,0.9,0.91,1.012184,-0.002738,0.104408,0.003398,0.206861,0.038435,0.30056,62.051353,3.590847,61.638947,8.011344,4.0,0.00022197,10,615,0.11958,0.16114,0.03,0.0,100,0.8,1.0,,,-0.01,0.01647,-0.00037,-0.0062,0.00218,0.73357
764,782336,63.99587,110.44444,0.88889,0.9,1.048946,-0.001505,0.074706,0.001941,0.179675,0.01845,0.492881,62.203224,4.325895,62.118477,8.477095,4.0,0.00022187,9,592,0.09038,0.13589,0.03,0.0,100,0.33333,0.0,,,-0.01,0.01487,3e-05,-0.0075,0.00713,0.62324
765,783360,72.19192,118.57143,1.0,0.91,1.031668,-0.002447,0.040053,0.002129,0.244239,0.017613,0.386268,62.326931,6.17126,62.9935,5.685562,4.0,0.00022177,7,606,0.08766,0.12577,0.03,0.0,100,0.28571,0.0,,,-0.01,0.01658,-0.00016,-0.0035,0.00553,0.55597
766,784384,62.70563,110.75,0.875,0.91,0.931897,-0.001705,0.073818,0.002602,0.149539,0.022531,0.545877,61.775032,5.591144,61.719707,8.312899,4.0,0.00022166,8,615,0.09977,0.13917,0.02,0.0,100,0.25,0.0,,,-0.01,0.01475,0.00072,-0.00834,0.00351,0.62548
767,785408,70.96712,137.22222,1.0,0.91,1.000989,-0.003134,0.021973,0.003502,0.324915,0.039342,0.643246,61.484993,5.709763,62.509579,5.403774,4.0,0.00022156,9,616,0.093,0.13857,0.02,0.0,100,0.44444,0.0,,,-0.01,0.01535,-0.00026,-0.00805,0.00635,0.74766
768,786432,72.4412,113.75,1.0,0.93,1.054566,-0.004193,0.016598,0.003778,0.303427,0.047049,0.62463,64.218559,4.545872,65.011894,4.383506,4.0,0.00022146,8,597,0.09085,0.13713,0.01,0.0,100,0.25,0.0,,,-0.01,0.01509,0.00059,-0.00696,0.01046,0.62066
769,787456,71.99342,117.55556,1.0,0.95,1.123495,-0.003332,0.008623,0.003266,0.228374,0.037144,0.684394,65.983627,3.935549,66.505211,3.618761,4.0,0.00022136,9,599,0.09181,0.1374,0.01,0.0,100,0.33333,0.0,,,-0.01,0.01506,0.00043,-0.0048,0.00757,0.69367
770,788480,66.86878,105.33333,0.91667,0.95,1.135747,-0.001082,0.063388,0.002591,0.136551,0.021484,0.344225,66.230812,3.40879,66.518044,6.514205,4.0,0.00022125,12,581,0.10302,0.13898,0.0,0.0,100,0.16667,0.0,,,-0.01,0.01586,-2e-05,-0.00542,0.01244,0.81414
771,789504,72.67577,112.875,1.0,0.95,0.924177,-0.00291,0.013073,0.002292,0.155136,0.016218,0.636768,66.012733,3.917737,66.096596,3.826586,4.0,0.00022115,8,640,0.07474,0.10609,0.0,0.0,100,0.125,1.0,,,-0.01,0.01742,0.00019,-0.00561,0.00392,0.71054
772,790528,62.64328,110.5,0.875,0.95,0.888843,-0.002098,0.110697,0.004147,0.378828,0.059884,0.264931,65.187454,3.832053,63.992554,8.045026,4.0,0.00022105,8,621,0.07477,0.11234,0.0,0.0,100,0.5,1.0,,,-0.01,0.0192,0.00015,-0.0074,-0.00014,0.6532
773,791552,62.09501,158.0,0.85714,0.94,0.884437,-0.00321,0.01758,0.002757,0.225269,0.036237,0.762865,63.396389,5.068942,63.302559,5.487576,4.0,0.00022095,7,646,0.08917,0.12368,0.01,0.0,100,0.85714,0.5,,,-0.01,0.01806,0.00061,-0.00808,0.00228,0.5779
774,792576,71.47322,115.33333,1.0,0.94,0.777126,-0.002512,0.030812,0.001718,0.202056,0.016741,0.5051,62.812866,5.633001,62.703526,5.493453,4.0,0.00022084,6,675,0.06579,0.10311,0.01,0.0,100,0.33333,1.0,,,-0.01,0.01385,0.00066,-0.01299,0.00306,0.61978
775,793600,70.99655,118.33333,1.0,0.94,0.848261,-0.002706,0.010488,0.002278,0.165129,0.02274,0.822596,62.921875,4.759988,63.045147,5.21715,4.0,0.00022074,6,688,0.06948,0.09732,0.01,0.0,100,0.66667,0.0,,,-0.01,0.01613,9e-05,-0.00764,0.00763,0.60974
776,794624,64.69272,148.55556,0.88889,0.95,0.97488,-0.003864,0.004924,0.002643,0.232916,0.025879,0.917806,63.004665,4.747569,63.226246,5.449681,4.0,0.00022064,9,636,0.07941,0.10902,0.02,0.0,100,0.22222,0.0,,,-0.01,0.01476,0.00029,-0.00974,0.00864,0.69931
777,795648,64.93682,142.3,0.9,0.94,0.972393,-0.002854,0.006196,0.003023,0.249168,0.034389,0.893885,63.759087,4.348676,64.409729,4.896076,4.0,0.00022054,10,618,0.07169,0.10328,0.03,0.0,100,0.3,0.0,,,-0.01,0.02066,0.00036,-0.00591,0.00364,0.75588
778,796672,72.75204,102.7,1.0,0.95,0.959967,-0.002758,0.006038,0.002138,0.253532,0.023961,0.745744,65.577286,2.943454,66.328278,3.142913,4.0,0.00022044,10,584,0.05782,0.09492,0.03,0.0,100,0.5,1.0,,,-0.01,0.01715,0.0002,-0.0061,0.00712,0.80925
779,797696,65.30458,101.2,0.9,0.94,1.046703,-0.001264,0.095238,0.001069,0.278061,0.009312,0.317648,66.006699,3.404478,65.155663,8.026891,4.0,0.00022033,10,592,0.06967,0.10262,0.03,0.0,100,0.2,1.0,,,-0.01,0.0181,0.00082,-0.00568,0.00465,0.70594
780,798720,72.11611,118.28571,1.0,0.94,0.933398,-0.001605,0.032479,0.003023,0.23156,0.033831,0.540816,64.369728,5.925873,64.606651,5.587748,4.0,0.00022023,7,634,0.0796,0.12291,0.03,0.0,100,0.42857,0.0,,,-0.01,0.01787,0.00224,-0.00441,0.0052,0.62918
781,799744,60.63451,110.83333,0.83333,0.93,0.9387,-0.001823,0.095479,0.002034,0.403515,0.014893,0.465605,64.864334,4.771949,63.370495,8.668841,4.0,0.00022013,6,683,0.10099,0.13563,0.03,0.0,100,0.5,1.0,,,-0.01,0.017,0.00194,-0.00445,0.00419,0.48419
782,800768,62.42953,138.125,0.875,0.93,1.008735,-0.002933,0.093089,0.003049,0.368331,0.035714,0.547085,62.319695,5.857677,61.221657,9.424013,4.0,0.00022003,8,637,0.08456,0.1201,0.03,0.0,100,0.625,0.75,,,-0.01,0.02015,0.00076,-0.00409,0.00341,0.60245
783,801792,63.55288,164.375,0.875,0.92,1.057682,-0.002807,0.024351,0.00232,0.264909,0.010184,0.588498,61.841557,5.468689,62.475529,5.403299,4.0,0.00021992,8,616,0.07977,0.11739,0.04,0.0,100,0.375,0.0,,,-0.01,0.01896,0.00131,-0.00436,0.0064,0.56399
784,802816,72.69895,116.66667,1.0,0.93,1.205177,-0.004206,0.014895,0.003972,0.25809,0.046735,0.591191,63.446281,3.429739,63.988155,4.094586,4.0,0.00021982,9,565,0.08598,0.12689,0.04,0.0,100,0.33333,1.0,,,-0.01,0.01866,0.00118,-0.00579,0.00739,0.66783
785,803840,72.30575,130.0,1.0,0.93,1.094938,-0.004543,0.00701,0.003644,0.304318,0.04133,0.745278,64.259827,3.63588,65.017143,3.631697,4.0,0.00021972,8,562,0.07179,0.10692,0.04,0.0,100,0.5,1.0,,,-0.01,0.01675,0.00111,-0.00623,0.00979,0.61577
786,804864,62.94337,117.125,0.875,0.93,1.122896,-0.002521,0.097615,0.002185,0.282079,0.020368,0.411903,64.74691,4.629801,64.042191,8.478551,4.0,0.00021962,8,595,0.05798,0.08743,0.03,0.0,100,0.5,1.0,,,-0.01,0.01586,0.0009,-0.00424,0.00422,0.53697
787,805888,64.38516,114.88889,0.88889,0.92,1.096926,-0.001578,0.086805,0.002344,0.25805,0.025495,0.525412,63.75219,5.40165,63.152195,8.966434,4.0,0.00021951,9,569,0.06475,0.0988,0.03,0.0,100,0.44444,0.0,,,-0.01,0.01639,0.00132,-0.00495,0.00403,0.63793
788,806912,71.65716,130.42857,1.0,0.93,1.045238,-0.002395,0.031142,0.003249,0.223553,0.039516,0.321923,63.118706,5.872212,63.478607,5.014564,4.0,0.00021941,7,595,0.06978,0.10417,0.02,0.0,100,0.42857,0.0,,,-0.01,0.01743,0.00212,-0.00448,0.00332,0.5897
789,807936,70.99227,160.125,1.0,0.94,1.112421,-0.004815,0.005551,0.003397,0.275818,0.036272,0.803732,64.593239,3.47644,64.494385,3.485534,4.0,0.00021931,8,625,0.07387,0.10977,0.01,0.0,100,0.75,0.0,,,-0.01,0.01371,0.00106,-0.00607,0.00076,0.67403
790,808960,62.66759,120.25,0.875,0.93,1.136093,-0.001255,0.10929,0.003204,0.276414,0.03275,0.227635,63.946331,3.328725,63.191387,7.716671,4.0,0.00021921,8,584,0.06547,0.0929,0.01,0.0,100,0.625,1.0,,,-0.01,0.01702,0.00037,-0.0037,0.0058,0.55163
791,809984,71.54315,139.66667,1.0,0.93,0.975359,-0.002479,0.026709,0.003359,0.236334,0.04112,0.588347,62.794106,5.208744,62.677986,5.257561,4.0,0.0002191,6,642,0.06397,0.09067,0.01,0.0,100,0.5,0.0,,,-0.01,0.0169,0.00041,-0.00527,0.00161,0.55095
792,811008,70.53471,161.4,1.0,0.93,0.937965,-0.003261,0.02008,0.003,0.196938,0.023054,0.749609,61.201328,5.661433,61.10471,5.948135,4.0,0.000219,5,687,0.05324,0.08542,0.01,0.0,100,0.8,1.0,,,-0.01,0.01272,0.00117,-0.00228,0.00249,0.48683
793,812032,60.22669,147.42857,0.85714,0.93,0.912,-0.002371,0.033659,0.00159,0.176102,0.010289,0.531232,59.557575,5.391057,59.543354,5.709089,4.0,0.0002189,7,669,0.0671,0.10645,0.01,0.0,100,0.28571,0.0,,,-0.01,0.01543,0.00177,-0.00372,-0.00016,0.57787
794,813056,60.93224,181.57143,0.85714,0.92,0.922298,-0.003021,0.014965,0.003006,0.23689,0.022984,0.715583,60.149971,4.123656,60.708096,4.765097,4.0,0.0002188,7,639,0.05797,0.0865,0.02,0.0,100,0.71429,0.0,,,-0.01,0.01518,0.00084,-0.00435,0.00118,0.54412
795,814080,71.74749,128.3,1.0,0.94,1.0093,-0.002916,0.00768,0.003251,0.34041,0.035993,0.809731,62.182686,3.553281,63.346478,4.022387,4.0,0.00021869,10,617,0.05401,0.08343,0.02,0.0,100,0.4,0.0,,,-0.01,0.01632,0.00074,-0.00393,0.00671,0.82743
796,815104,62.78343,115.0,0.875,0.94,1.04222,-0.001656,0.109076,0.002979,0.230193,0.025774,0.215453,63.472576,3.83951,63.125797,7.780071,4.0,0.00021859,8,609,0.07311,0.11169,0.01,0.0,100,0.5,0.0,,,-0.01,0.01656,0.00088,-0.00268,0.00331,0.56584
797,816128,64.50102,111.0,0.88889,0.93,1.102344,-0.001979,0.100896,0.002297,0.179396,0.014788,0.338452,63.543266,3.478289,63.085518,8.060653,4.0,0.00021849,9,578,0.08101,0.12418,0.01,0.0,100,0.33333,1.0,,,-0.01,0.0162,0.00128,-0.00406,0.00547,0.62483
798,817152,72.44495,118.875,1.0,0.93,0.99729,-0.003638,0.016515,0.003173,0.274504,0.036272,0.54329,63.35535,4.207165,63.96629,4.057745,4.0,0.00021839,8,602,0.07669,0.11571,0.01,0.0,100,0.5,0.0,,,-0.01,0.01703,0.00174,-0.00205,0.00501,0.66988
799,818176,71.9669,128.33333,1.0,0.94,0.997698,-0.003227,0.012116,0.003716,0.234165,0.040179,0.710786,63.97459,4.352341,64.555496,4.44594,4.0,0.00021828,9,606,0.09574,0.13668,0.01,0.0,100,0.55556,1.0,,,-0.01,0.01329,0.00151,-0.00555,0.00488,0.73083
800,819200,72.52137,111.0,1.0,0.95,0.833705,-0.002427,0.024564,0.002489,0.17448,0.032401,0.734354,62.368534,5.931399,62.308704,6.253333,4.0,0.00021818,7,643,0.10821,0.14847,0.01,0.0,100,0.57143,1.0,,,-0.01,0.01699,0.00103,-0.00817,-0.00196,0.67048
801,820224,72.84792,116.83333,1.0,0.95,0.811193,-0.003807,0.009238,0.002689,0.186861,0.027309,0.90991,62.217937,6.223771,62.280403,6.758687,4.0,0.00021808,6,673,0.10942,0.15117,0.01,0.0,100,0.33333,0.0,,,-0.01,0.01483,0.0017,-0.01009,0.00504,0.6177
802,821248,58.37083,170.33333,0.83333,0.94,0.800404,-0.004845,0.005591,0.003006,0.20519,0.030518,0.956306,61.452759,7.410594,61.342278,8.003405,4.0,0.00021798,6,675,0.10513,0.14901,0.02,0.0,100,0.16667,1.0,,,-0.01,0.01619,9e-05,-0.01379,0.00247,0.51853
803,822272,55.5023,184.55556,0.77778,0.93,0.946869,-0.003568,0.009185,0.003619,0.282482,0.036726,0.900589,63.937748,5.876034,64.814659,6.064383,4.0,0.00021788,9,584,0.07206,0.1143,0.04,0.0,100,0.44444,1.0,,,-0.01,0.01743,0.00141,-0.0069,0.00794,0.58941
804,823296,65.16536,103.8,0.9,0.92,1.071088,-0.003848,0.108664,0.004279,0.328115,0.055036,0.296095,66.720833,3.714779,65.899025,8.113976,4.0,0.00021777,10,574,0.06153,0.09437,0.04,0.0,100,0.6,0.5,,,-0.01,0.0153,0.00116,-0.0074,0.00565,0.69216
805,824320,72.70405,106.44444,1.0,0.93,1.014361,-0.00342,0.031892,0.004083,0.275819,0.050188,0.537181,65.404182,4.656583,65.248238,5.235961,4.0,0.00021767,9,599,0.06365,0.09588,0.04,0.0,100,0.33333,1.0,,,-0.01,0.01737,0.00077,-0.00579,0.00515,0.72578
806,825344,72.16202,117.33333,1.0,0.94,0.967568,-0.002176,0.015722,0.004018,0.314651,0.046491,0.334933,64.386642,4.76287,65.32386,3.769582,4.0,0.00021757,9,620,0.05415,0.08476,0.03,0.0,100,0.22222,1.0,,,-0.01,0.01715,0.00142,-0.00274,0.00728,0.75745
807,826368,72.60712,111.90909,1.0,0.94,1.024504,-0.003472,0.004105,0.00347,0.347689,0.03983,0.809249,66.206421,2.889507,66.540909,2.945073,4.0,0.00021747,11,605,0.08075,0.1217,0.03,0.0,100,0.45455,0.5,,,-0.01,0.01571,0.00131,-0.0049,0.00418,0.91503
808,827392,72.84529,108.375,1.0,0.95,1.075583,-0.004334,0.003731,0.003514,0.232079,0.03125,0.804768,66.30069,2.706601,66.72477,2.799913,4.0,0.00021736,8,588,0.05884,0.08571,0.03,0.0,100,0.0,1.0,,,-0.01,0.01599,0.0005,-0.00727,0.00971,0.60344
809,828416,72.85553,99.72727,1.0,0.96,1.044347,-0.004012,0.003609,0.002675,0.272946,0.020682,0.829816,66.732407,2.641606,67.379967,2.808458,4.0,0.00021726,11,588,0.06129,0.08877,0.03,0.0,100,0.36364,1.0,,,-0.01,0.01169,0.00143,-0.00669,0.00984,0.83784
810,829440,65.46182,97.72727,0.90909,0.95,0.93076,-0.001551,0.11419,0.001365,0.277404,0.009801,0.132431,67.49662,2.836195,66.560165,7.566871,4.0,0.00021716,11,584,0.06979,0.11113,0.03,0.0,100,0.45455,0.33333,,,-0.01,0.01653,0.00148,-0.00482,0.00198,0.83177
811,830464,73.28899,91.90909,1.0,0.95,0.974473,-0.002858,0.007883,0.003098,0.249571,0.030622,0.702993,67.119469,2.839065,67.61927,3.058637,4.0,0.00021706,11,588,0.06008,0.09098,0.03,0.0,100,0.27273,1.0,,,-0.01,0.01647,0.00047,-0.00671,0.00838,0.86476
812,831488,57.75817,91.7,0.8,0.93,0.985992,-0.001306,0.146834,0.003176,0.476817,0.032087,0.252592,66.917709,3.59026,65.36158,9.633945,4.0,0.00021695,10,584,0.0688,0.10025,0.03,0.0,100,0.7,1.0,,,-0.01,0.01718,0.00097,-0.00694,0.00498,0.62536
813,832512,72.6532,100.5,1.0,0.96,1.02752,-0.002546,0.021434,0.003818,0.222838,0.046317,0.259475,66.79335,3.772569,67.183922,3.450648,4.0,0.00021685,10,597,0.06266,0.09669,0.0,0.0,100,0.6,1.0,,,-0.01,0.01548,0.00089,-0.00683,0.00868,0.77652
814,833536,73.02707,95.83333,1.0,0.97,1.036839,-0.002256,0.0112,0.002293,0.173849,0.011893,0.343721,67.046921,3.144025,67.330551,3.008826,4.0,0.00021675,12,596,0.1059,0.15039,0.0,0.0,100,0.58333,1.0,,,-0.01,0.01566,0.00191,-0.00554,0.006,0.96015
815,834560,72.82729,104.66667,1.0,0.97,1.012608,-0.003126,0.009598,0.003364,0.197857,0.031703,0.432829,67.143822,3.158118,67.443398,2.925472,4.0,0.00021665,9,597,0.086,0.12007,0.0,0.0,100,0.22222,1.0,,,-0.01,0.01484,0.00218,-0.00485,0.0099,0.69827
816,835584,73.5084,93.5,1.0,0.97,1.062254,-0.005005,0.003474,0.00455,0.279818,0.044678,0.760506,67.702065,2.342262,68.104042,2.440637,4.0,0.00021654,10,573,0.08223,0.11429,0.0,0.0,100,0.2,0.83333,,,-0.01,0.01667,0.00145,-0.00418,0.01122,0.75791
817,836608,66.56869,101.25,0.91667,0.96,1.048386,-0.001066,0.10378,0.003249,0.205537,0.033901,0.128297,68.069664,2.399513,67.385902,6.983424,4.0,0.00021644,12,580,0.09371,0.13228,0.0,0.0,100,0.58333,1.0,,,-0.01,0.01562,0.00099,-0.00615,0.00418,0.86337
818,837632,72.73641,100.22222,1.0,0.96,1.028483,-0.002742,0.011781,0.003548,0.200225,0.041295,0.523576,67.584747,2.459798,67.607018,3.079495,4.0,0.00021634,9,586,0.08819,0.12162,0.0,0.0,100,0.44444,0.0,,,-0.01,0.0165,0.00176,-0.00518,0.00711,0.70242
819,838656,64.02973,93.625,0.875,0.95,0.925958,-0.002139,0.113614,0.003961,0.258985,0.049526,0.362454,65.867241,5.84179,65.104591,8.569934,4.0,0.00021624,8,621,0.07609,0.10397,0.0,0.0,100,0.375,0.0,,,-0.01,0.01615,0.00111,-0.00191,0.00552,0.60225
820,839680,65.97554,112.4,0.9,0.95,0.900651,-0.001034,0.079814,0.002684,0.237055,0.020054,0.450378,65.731697,3.900083,65.004898,8.386574,4.0,0.00021613,10,629,0.08054,0.10936,0.0,0.0,100,0.2,1.0,,,-0.01,0.01445,0.00101,-0.00515,0.00942,0.79164
821,840704,58.0865,111.90909,0.81818,0.94,0.984501,-0.003613,0.211913,0.003252,0.61424,0.039167,0.364108,65.225815,6.069067,62.788391,11.57821,4.0,0.00021603,11,618,0.10161,0.13747,0.0,0.0,100,0.36364,0.0,,,-0.01,0.01332,0.00129,-0.00694,-0.00012,0.75959
822,841728,73.12061,105.85714,1.0,0.95,1.069831,-0.002727,0.019563,0.003406,0.270216,0.036621,0.490745,63.396336,4.832065,63.928493,4.460431,4.0,0.00021593,7,585,0.09985,0.13395,0.0,0.0,100,0.28571,1.0,,,-0.01,0.01654,0.00151,-0.00527,0.00875,0.54347
823,842752,71.09419,140.88889,1.0,0.95,1.096646,-0.00347,0.021439,0.003357,0.256343,0.035993,0.564196,64.339767,3.623078,64.467621,4.542264,4.0,0.00021583,9,605,0.08832,0.12804,0.0,0.0,100,0.22222,1.0,,,-0.01,0.01213,0.00103,-0.00533,0.00812,0.69382
824,843776,61.80483,118.125,0.875,0.94,1.074523,-0.002291,0.078242,0.005115,0.191583,0.072998,0.397729,63.745567,4.818043,63.351971,7.31795,4.0,0.00021572,8,614,0.11613,0.1606,0.0,0.0,100,0.75,1.0,,,-0.01,0.01106,3e-05,-0.00839,0.00249,0.57309
825,844800,71.94353,116.125,1.0,0.94,1.051428,-0.004652,0.015685,0.003462,0.217176,0.041364,0.688841,63.92115,3.719444,64.246819,4.561691,4.0,0.00021562,8,596,0.1152,0.15167,0.0,0.0,100,0.375,1.0,,,-0.01,0.01399,0.00041,-0.00735,0.00726,0.66395
826,845824,64.16013,106.33333,0.88889,0.93,1.051958,-0.004063,0.106786,0.003253,0.273739,0.030762,0.481797,62.300304,5.65548,61.476509,9.157838,4.0,0.00021552,9,551,0.10091,0.13907,0.0,0.0,100,0.33333,0.875,,,-0.01,0.01082,-0.0001,-0.00417,0.00502,0.63912
827,846848,61.42834,160.42857,0.85714,0.92,0.967952,-0.003542,0.033624,0.003541,0.241673,0.04541,0.734143,61.523708,7.349689,61.908611,7.379045,4.0,0.00021542,7,468,0.07126,0.10541,0.01,0.0,100,0.57143,1.0,,,-0.01,0.01317,0.00046,-0.00535,0.00664,0.5218
828,847872,72.71181,112.125,1.0,0.93,0.981455,-0.004014,0.012036,0.00326,0.223832,0.030587,0.844512,63.401363,5.283531,63.78167,5.780529,4.0,0.00021532,8,537,0.06817,0.09704,0.01,0.0,100,0.125,1.0,,,-0.01,0.0141,0.00124,-0.00228,0.00778,0.68565
829,848896,61.38542,109.14286,0.85714,0.92,0.849015,-0.002161,0.099965,0.002932,0.313217,0.028983,0.619358,61.513649,7.803358,60.495441,10.38162,4.0,0.00021521,7,622,0.07917,0.11051,0.01,0.0,100,0.28571,1.0,,,-0.01,0.01369,0.00038,-0.00401,0.00188,0.56158
830,849920,60.69263,180.85714,0.85714,0.91,0.883243,-0.002443,0.032427,0.002118,0.261047,0.016706,0.702383,60.272076,7.215064,60.947449,6.966343,4.0,0.00021511,7,647,0.08764,0.12288,0.02,0.0,100,0.71429,1.0,,,-0.01,0.01294,0.00114,-0.00588,0.00286,0.55499
831,850944,71.24614,127.88889,1.0,0.92,1.039724,-0.003057,0.013286,0.002437,0.314431,0.021519,0.679541,63.012703,4.235942,63.696953,4.269974,4.0,0.00021501,9,594,0.07702,0.11318,0.02,0.0,100,0.44444,1.0,,,-0.01,0.01218,0.00023,-0.00452,0.00774,0.70157
832,851968,72.88363,108.0,1.0,0.93,1.067504,-0.003926,0.007192,0.003345,0.33863,0.035017,0.812855,64.882057,3.974626,66.013527,3.935812,4.0,0.00021491,12,579,0.07784,0.1128,0.02,0.0,100,0.25,1.0,,,-0.01,0.01524,0.00167,-0.00351,0.00832,0.90112
833,852992,72.64268,110.25,1.0,0.94,0.981688,-0.00559,0.005627,0.003915,0.299866,0.047468,0.811649,66.082901,3.691885,66.660263,3.548396,4.0,0.0002148,8,599,0.06761,0.09871,0.02,0.0,100,0.5,1.0,,,-0.01,0.01604,0.00091,-0.00555,0.00662,0.63745
834,854016,72.77587,113.2,1.0,0.95,1.018137,-0.004302,0.004093,0.003217,0.279919,0.034842,0.779787,67.37059,3.219444,67.830704,2.875755,4.0,0.0002147,10,588,0.06654,0.09638,0.02,0.0,100,0.5,1.0,,,-0.01,0.01576,0.00112,-0.00216,0.01061,0.78317
835,855040,73.39572,95.63636,1.0,0.96,0.947956,-0.003448,0.003956,0.003452,0.261362,0.033447,0.751367,67.571091,2.641054,68.124809,2.49938,4.0,0.0002146,11,588,0.05322,0.08297,0.02,0.0,100,0.45455,1.0,,,-0.01,0.01782,0.00025,-0.00313,0.00592,0.87043
836,856064,72.59191,106.2,1.0,0.96,0.880791,-0.00282,0.004172,0.002579,0.204812,0.02267,0.602516,68.202095,2.390863,68.400581,2.121348,4.0,0.0002145,10,613,0.0448,0.07099,0.02,0.0,100,0.4,0.0,,,-0.01,0.01759,0.00051,-0.00448,0.0051,0.82814
837,857088,64.63717,90.22222,0.88889,0.95,0.884624,-0.001508,0.098199,0.003125,0.35043,0.03261,0.34425,67.99955,3.130556,66.766617,8.197857,4.0,0.00021439,9,603,0.04363,0.07168,0.02,0.0,100,0.44444,0.0,,,-0.01,0.01653,0.0002,-0.00988,0.00744,0.65493
838,858112,72.56862,96.08333,1.0,0.97,0.938457,-0.002209,0.016819,0.002506,0.18748,0.019008,0.353901,67.677162,3.558064,67.802742,3.246372,4.0,0.00021429,12,598,0.05432,0.07974,0.01,0.0,100,0.33333,0.0,,,-0.01,0.01566,0.00064,-0.00946,0.00414,0.95761
839,859136,65.09422,97.8,0.9,0.97,0.871487,-0.000882,0.105344,0.001742,0.270563,0.01716,0.290688,67.742844,3.060033,66.841789,7.829013,4.0,0.00021419,10,602,0.05299,0.07827,0.01,0.0,100,0.3,1.0,,,-0.01,0.01935,0.0003,-0.00551,0.00774,0.73816
840,860160,73.66499,95.0,1.0,0.98,0.875091,-0.002056,0.017017,0.002051,0.181704,0.012765,0.491202,67.186943,3.68971,67.130852,3.62941,4.0,0.00021409,9,612,0.06184,0.09091,0.0,0.0,100,0.22222,0.0,,,-0.01,0.01793,0.00049,-0.00108,0.0063,0.80174
841,861184,72.58883,97.8,1.0,0.98,0.730316,-0.002855,0.030722,0.003588,0.225338,0.049595,0.720638,64.568581,6.943685,64.024818,6.966765,4.0,0.00021398,5,706,0.05746,0.08071,0.0,0.0,100,0.6,0.0,,,-0.01,0.01449,-9e-05,-0.00315,0.00249,0.56448
842,862208,52.3982,153.25,0.75,0.96,0.865773,-0.00135,0.197416,0.001289,0.696014,0.00865,0.340962,63.73455,6.078221,61.027992,11.209658,4.0,0.00021388,8,657,0.05695,0.0815,0.0,0.0,100,0.375,1.0,,,-0.01,0.01907,0.00019,-0.00204,0.0028,0.55548
843,863232,73.7578,97.0,1.0,0.96,0.875942,-0.003473,0.022749,0.002181,0.285125,0.022287,0.899963,61.889404,8.482752,61.361248,8.895881,4.0,0.00021378,6,666,0.04904,0.07499,0.0,0.0,100,0.33333,1.0,,,-0.01,0.01766,0.00056,-0.00176,0.00444,0.57832
844,864256,39.50762,199.33333,0.55556,0.92,0.917713,-0.001509,0.15719,0.002206,0.533628,0.021345,0.503616,62.854652,6.290916,60.59708,11.577062,4.0,0.00021368,9,642,0.05622,0.08513,0.02,0.0,100,0.88889,1.0,,,-0.01,0.01779,0.00053,-0.00488,0.00151,0.44018
845,865280,64.11845,108.66667,0.88889,0.91,0.986603,-0.002634,0.096221,0.001351,0.304076,0.007673,0.469246,63.378025,4.974267,62.665791,8.65854,4.0,0.00021357,9,627,0.05041,0.07459,0.02,0.0,100,0.22222,0.0,,,-0.01,0.0159,0.00038,-0.00597,0.00553,0.68552
846,866304,72.31467,116.16667,1.0,0.91,1.010789,-0.002524,0.021505,0.002226,0.250782,0.011928,0.304316,62.753948,4.125757,62.982143,3.89941,4.0,0.00021347,6,629,0.05787,0.079,0.02,0.0,100,0.16667,0.0,,,-0.01,0.01816,0.00039,-0.00239,0.00665,0.51591
847,867328,64.68102,157.44444,0.88889,0.9,1.035087,-0.00372,0.035776,0.003665,0.260455,0.042446,0.262148,62.537537,5.353917,62.979622,4.909597,4.0,0.00021337,9,622,0.04539,0.06707,0.03,0.0,100,0.11111,1.0,,,-0.01,0.01504,0.00033,-0.00111,0.00584,0.67696
848,868352,73.42912,104.71429,1.0,0.9,1.121876,-0.005449,0.007207,0.004608,0.349495,0.06236,0.716662,63.56229,2.563982,64.113419,3.254313,4.0,0.00021327,7,616,0.05096,0.07589,0.03,0.0,100,0.28571,0.0,,,-0.01,0.0158,0.00016,-0.00141,0.00652,0.5491
849,869376,64.6418,159.0,0.88889,0.89,1.0287,-0.003808,0.006984,0.003415,0.262294,0.035331,0.747937,64.050575,3.036267,64.482399,3.29984,4.0,0.00021316,9,609,0.0612,0.0904,0.04,0.0,100,0.11111,0.0,,,-0.01,0.01645,0.00029,-0.00188,0.00426,0.65521
850,870400,63.80252,105.625,0.875,0.89,0.906293,-0.002172,0.11172,0.002544,0.275729,0.023019,0.336302,64.176498,3.913293,63.447021,8.179438,4.0,0.00021306,8,595,0.05345,0.07984,0.04,0.0,100,0.375,0.0,,,-0.01,0.01769,0.00032,-0.00222,0.0057,0.59982
851,871424,72.37509,106.5,1.0,0.9,0.746877,-0.002891,0.019215,0.002665,0.234124,0.025007,0.713843,62.534626,4.779267,62.914715,5.219267,4.0,0.00021296,8,664,0.05416,0.08758,0.04,0.0,100,0.25,0.0,,,-0.01,0.01609,0.00012,-0.0037,0.00123,0.81007
852,872448,55.79334,144.44444,0.77778,0.88,0.883642,-0.002223,0.106468,0.003297,0.28497,0.037388,0.414382,63.109539,4.684281,62.263905,8.640319,4.0,0.00021286,9,624,0.04245,0.07398,0.05,0.0,100,0.55556,0.0,,,-0.01,0.01682,0.00044,-0.00546,0.00159,0.60654
853,873472,72.32652,115.57143,1.0,0.88,0.900449,-0.002893,0.014129,0.003239,0.259033,0.02975,0.61659,63.523884,3.622424,64.076958,3.65749,4.0,0.00021276,7,605,0.03903,0.06183,0.05,0.0,100,0.14286,0.0,,,-0.01,0.01639,0.00058,-0.00232,0.00912,0.6055
854,874496,73.16964,103.66667,1.0,0.88,0.939955,-0.003995,0.012908,0.00262,0.29436,0.029611,0.674114,64.040359,3.457971,64.658051,4.090723,4.0,0.00021265,9,616,0.04064,0.06841,0.05,0.0,100,0.22222,0.0,,,-0.01,0.01471,0.0003,-0.00442,0.00671,0.75807
855,875520,56.01032,120.76923,0.76923,0.89,0.962534,-0.001669,0.127109,0.002735,0.339218,0.02696,0.466823,63.960632,5.077224,62.93803,10.92944,4.0,0.00021255,13,577,0.04544,0.07839,0.04,0.0,100,0.61538,0.0,,,-0.01,0.01613,0.00047,-0.00367,0.0056,0.78493
856,876544,73.26398,94.0,1.0,0.91,1.040327,-0.002216,0.02601,0.002994,0.446941,0.034389,0.113814,64.974136,4.942708,66.319275,3.849516,4.0,0.00021245,9,565,0.04098,0.06516,0.04,0.0,100,0.11111,0.0,,,-0.01,0.01712,0.00057,-0.0042,0.01339,0.67121
857,877568,73.41935,102.63636,1.0,0.92,1.043632,-0.001961,0.018446,0.002408,0.258322,0.028181,0.399856,66.66954,4.764237,67.285446,4.04162,4.0,0.00021235,11,595,0.05691,0.08389,0.04,0.0,100,0.09091,1.0,,,-0.01,0.01548,0.00077,-0.00307,0.00957,0.85941
858,878592,72.4098,108.75,1.0,0.93,1.050468,-0.004884,0.004286,0.003192,0.242505,0.034668,0.815293,67.242325,3.250911,67.384285,3.105631,4.0,0.00021224,8,595,0.07124,0.10348,0.03,0.0,100,0.25,1.0,,,-0.01,0.01343,0.0014,-0.00748,0.00653,0.63208
859,879616,72.10224,113.5,1.0,0.93,0.991924,-0.003093,0.005017,0.00372,0.28187,0.043492,0.67106,67.511124,2.952476,67.918015,2.582915,4.0,0.00021214,8,585,0.06618,0.09177,0.03,0.0,100,0.375,1.0,,,-0.01,0.0167,0.00013,-0.00279,0.00859,0.63348
860,880640,73.2133,105.84615,1.0,0.94,1.035104,-0.005062,0.002602,0.004148,0.300072,0.050956,0.844188,67.79631,2.579678,68.27285,2.508757,4.0,0.00021204,13,578,0.05287,0.08299,0.02,0.0,100,0.23077,1.0,,,-0.01,0.01472,0.00019,-0.00284,0.01077,0.98514
861,881664,73.10247,98.125,1.0,0.95,0.992947,-0.002592,0.006202,0.0035,0.201672,0.032889,0.495164,68.175636,2.592371,68.449089,2.349957,4.0,0.00021194,8,582,0.04855,0.07504,0.02,0.0,100,0.125,0.0,,,-0.01,0.01661,0.00039,-0.00661,0.01002,0.6148
862,882688,73.26847,96.33333,1.0,0.97,0.984635,-0.003019,0.004442,0.003941,0.174633,0.047921,0.639997,68.294914,2.348165,68.564598,2.322995,4.0,0.00021183,12,589,0.04604,0.07149,0.01,0.0,100,0.5,0.0,,,-0.01,0.01467,0.00054,-0.00416,0.00899,0.92437
863,883712,72.01176,109.5,1.0,0.97,0.829575,-0.003315,0.003563,0.002408,0.215789,0.02281,0.648198,68.79966,2.138148,68.635529,2.035544,4.0,0.00021173,12,649,0.04515,0.07589,0.01,0.0,100,0.41667,0.0,,,-0.01,0.01585,0.00061,-0.00648,0.00102,1.14343
864,884736,72.92509,94.125,1.0,0.97,0.987436,-0.005441,0.001886,0.004409,0.239952,0.051235,0.795765,68.359268,1.761625,68.603256,1.857983,4.0,0.00021163,8,582,0.03626,0.05948,0.01,0.0,100,0.625,0.66667,,,-0.01,0.01807,0.00071,-0.00584,0.00676,0.60634
865,885760,64.6255,100.77778,0.88889,0.99,0.91372,-0.001016,0.132435,0.001371,0.309992,0.005859,0.026843,69.205978,1.747728,68.0429,7.228415,4.0,0.00021153,9,586,0.02747,0.04893,0.0,0.0,100,0.22222,0.0,,,-0.01,0.01886,0.00046,-0.00236,0.00655,0.65255
866,886784,66.80788,92.25,0.91667,0.98,0.997238,-0.000935,0.10647,0.002419,0.249976,0.023961,0.147229,68.023788,1.646461,67.141891,7.146221,4.0,0.00021142,12,588,0.03882,0.06786,0.0,0.0,100,0.5,1.0,,,-0.01,0.01687,0.00017,-0.00543,0.00303,0.87626
867,887808,73.22391,108.63636,1.0,0.98,1.049692,-0.003587,0.00479,0.003085,0.265568,0.028425,0.527114,67.796371,1.419807,67.943977,1.861409,4.0,0.00021132,11,594,0.03182,0.05218,0.0,0.0,100,0.09091,0.0,,,-0.01,0.01791,0.00042,-0.00075,0.00849,0.8335
868,888832,63.53671,92.375,0.875,0.97,0.931104,-0.001869,0.128506,0.002572,0.289533,0.024798,0.218127,66.835892,3.504735,65.989311,7.947071,4.0,0.00021122,8,599,0.03028,0.05391,0.0,0.0,100,0.625,0.0,,,-0.01,0.01775,0.0007,-0.00166,0.00529,0.55886
869,889856,61.7084,91.61538,0.84615,0.95,1.021089,-0.002307,0.211666,0.002229,0.583536,0.016636,0.248211,66.005852,3.220627,63.712471,10.667184,4.0,0.00021112,13,587,0.04976,0.07849,0.0,0.0,100,0.30769,0.0,,,-0.01,0.01493,0.00057,-0.00298,0.00371,0.86938
870,890880,73.47945,98.63636,1.0,0.95,1.058275,-0.002703,0.025237,0.003391,0.334242,0.039202,-0.060095,64.53582,3.868923,65.224228,3.578405,4.0,0.00021101,11,581,0.04324,0.06867,0.0,0.0,100,0.45455,1.0,,,-0.01,0.02074,0.00053,-0.00136,0.00729,0.83074
871,891904,63.83433,109.625,0.875,0.94,0.989489,-0.001941,0.098103,0.002676,0.285508,0.016915,0.472295,65.126045,4.817472,64.314384,8.858762,4.0,0.00021091,8,577,0.03498,0.05895,0.0,0.0,100,0.375,1.0,,,-0.01,0.01818,0.00086,-0.00292,0.00635,0.55851
872,892928,72.59903,106.0,1.0,0.94,0.935894,-0.002427,0.033519,0.004619,0.360212,0.067906,0.041063,64.386223,5.640269,65.452927,4.347767,4.0,0.00021081,8,620,0.04026,0.06411,0.0,0.0,100,0.125,0.0,,,-0.01,0.01891,0.00051,-0.00459,0.00432,0.69544
873,893952,72.93837,108.4,1.0,0.94,1.062654,-0.004745,0.006469,0.004067,0.309029,0.041574,0.724465,65.929039,3.431301,66.486801,3.265076,4.0,0.00021071,10,593,0.03743,0.06062,0.0,0.0,100,0.1,0.0,,,-0.01,0.01609,0.0004,-0.0016,0.00737,0.77715
874,894976,73.16144,105.8,1.0,0.94,1.074693,-0.005106,0.004269,0.00424,0.271829,0.048165,0.770126,67.011971,3.030026,67.418694,2.835496,4.0,0.0002106,10,612,0.04304,0.06746,0.0,0.0,100,0.2,0.0,,,-0.01,0.01406,0.00025,-0.00139,0.00919,0.78747
875,896000,72.63921,121.4,1.0,0.95,0.957056,-0.003843,0.005146,0.003295,0.264392,0.038679,0.68594,66.80806,2.752607,67.230797,2.577116,4.0,0.0002105,10,599,0.04713,0.06595,0.0,0.0,100,0.2,1.0,,,-0.01,0.01801,0.00064,-0.00222,0.00619,0.78993
876,897024,62.52747,107.42857,0.85714,0.95,0.981696,-0.001177,0.12833,0.002433,0.312193,0.018938,0.05894,67.826782,2.378083,66.772232,7.327884,4.0,0.0002104,7,600,0.03918,0.05173,0.0,0.0,100,0.14286,0.0,,,-0.01,0.01774,0.00038,-0.0013,0.00884,0.45867
877,898048,73.13794,102.92308,1.0,0.95,0.985635,-0.002439,0.012401,0.002183,0.221219,0.015451,0.370093,66.836311,2.108966,67.375931,2.53775,4.0,0.0002103,13,584,0.03953,0.05978,0.0,0.0,100,0.15385,0.0,,,-0.01,0.01723,0.00068,-0.00097,0.00699,1.04403
878,899072,59.67224,95.18182,0.81818,0.94,1.020481,-0.001262,0.187886,0.002912,0.426643,0.028006,0.230453,66.653427,2.818001,65.010406,10.002127,4.0,0.0002102,11,570,0.05496,0.07915,0.0,0.0,100,0.18182,1.0,,,-0.01,0.01853,0.00078,-0.00389,0.00524,0.69157
879,900096,73.40457,101.5,1.0,0.95,1.045665,-0.002285,0.036821,0.003101,0.22827,0.023263,0.243932,65.919189,5.418341,65.893692,4.60298,4.0,0.00021009,8,604,0.04218,0.06123,0.0,0.0,100,0.125,1.0,,,-0.01,0.01712,0.00031,-0.00482,0.00945,0.63481
880,901120,62.99864,107.75,0.875,0.95,1.083088,-0.002205,0.115068,0.002164,0.335674,0.020682,0.273122,66.042618,2.678761,64.80275,7.816034,4.0,0.00020999,8,600,0.04837,0.07148,0.0,0.0,100,0.375,0.0,,,-0.01,0.01636,0.00046,-0.00439,0.00709,0.53549
881,902144,72.78756,115.90909,1.0,0.95,1.123022,-0.003583,0.012363,0.004035,0.270871,0.035086,0.28872,64.93203,2.380445,65.49128,2.546143,4.0,0.00020989,11,582,0.05028,0.07066,0.0,0.0,100,0.0,1.0,,,-0.01,0.0173,0.00048,-0.00414,0.00732,0.83169
882,903168,73.62702,104.0,1.0,0.96,1.124271,-0.002262,0.009803,0.002429,0.254657,0.021973,0.296932,65.424149,2.636768,65.982834,2.62854,4.0,0.00020979,9,590,0.04734,0.06469,0.0,0.0,100,0.22222,0.0,,,-0.01,0.01984,0.00046,-0.00123,0.00772,0.68977
883,904192,72.83985,108.0,1.0,0.96,1.128819,-0.003559,0.003735,0.003854,0.300196,0.042411,0.675205,66.259552,1.988581,66.530151,2.168251,4.0,0.00020968,8,569,0.03818,0.05107,0.0,0.0,100,0.0,0.0,,,-0.01,0.01718,0.00053,-0.00589,0.00846,0.61659
884,905216,73.3264,98.125,1.0,0.96,1.064431,-0.004113,0.004207,0.00401,0.278832,0.046701,0.674582,66.591331,1.880219,66.824318,2.233497,4.0,0.00020958,8,602,0.03921,0.05756,0.0,0.0,100,0.0,0.0,,,-0.01,0.01634,0.00049,-0.0038,0.00641,0.63351
885,906240,64.7525,153.77778,0.88889,0.95,0.976095,-0.002111,0.004662,0.001939,0.194014,0.01008,0.599925,66.826141,2.018918,67.055222,2.137316,4.0,0.00020948,9,608,0.0385,0.0584,0.01,0.0,100,0.11111,1.0,,,-0.01,0.01794,0.00058,-0.0068,0.00565,0.64776
886,907264,72.93521,97.38462,1.0,0.96,0.930033,-0.002781,0.005744,0.002732,0.247094,0.026681,0.619982,66.942345,2.239342,67.49704,2.487332,4.0,0.00020938,13,611,0.05159,0.07953,0.01,0.0,100,0.07692,1.0,,,-0.01,0.01752,0.001,-0.00233,0.00904,1.08565
887,908288,73.56274,97.88889,1.0,0.96,1.008358,-0.004892,0.00263,0.003579,0.27441,0.039934,0.801605,67.48983,2.149975,67.852806,2.204843,4.0,0.00020927,9,588,0.04688,0.05935,0.01,0.0,100,0.22222,0.0,,,-0.01,0.01929,0.00062,-0.00516,0.00763,0.67428
888,909312,73.16319,108.625,1.0,0.97,0.895525,-0.004769,0.002408,0.004399,0.258368,0.050746,0.800266,68.188454,2.006318,68.220047,2.163162,4.0,0.00020917,8,617,0.0435,0.06937,0.01,0.0,100,0.25,1.0,,,-0.01,0.01657,0.00036,-0.00278,0.00624,0.66232
889,910336,65.97594,108.58333,0.91667,0.97,0.903138,-0.001088,0.127048,0.003376,0.368715,0.044085,0.104014,68.076157,2.1021,66.91069,7.433494,4.0,0.00020907,12,596,0.04298,0.06569,0.01,0.0,100,0.33333,1.0,,,-0.01,0.01727,0.00059,-0.00388,0.00416,0.89303
890,911360,73.90642,86.77778,1.0,0.97,0.998717,-0.004655,0.005054,0.003617,0.280668,0.034807,0.656441,67.365318,1.546702,67.727455,2.157797,4.0,0.00020897,9,568,0.04284,0.06564,0.01,0.0,100,0.11111,0.0,,,-0.01,0.01836,0.0006,-0.00574,0.01336,0.66337
891,912384,73.94591,92.27273,1.0,0.98,0.875459,-0.002268,0.005242,0.002037,0.177537,0.017892,0.659405,67.584892,2.23114,67.815155,2.510739,4.0,0.00020886,11,633,0.04068,0.06198,0.01,0.0,100,0.09091,0.0,,,-0.01,0.01854,0.00034,-0.003,0.01093,0.97224
892,913408,72.07087,128.5,1.0,0.98,0.831049,-0.001886,0.00781,0.002393,0.18271,0.028216,0.491616,67.451981,2.688674,67.173729,2.567641,4.0,0.00020876,6,649,0.02757,0.04875,0.01,0.0,100,0.5,0.0,,,-0.01,0.01739,0.0006,-0.00227,0.0039,0.54535
893,914432,73.19586,107.71429,1.0,0.98,0.906129,-0.003901,0.00457,0.002732,0.221094,0.025809,0.800785,67.495232,2.512107,67.356056,2.961047,4.0,0.00020866,7,613,0.03446,0.05244,0.01,0.0,100,0.14286,0.0,,,-0.01,0.01644,0.00031,-0.00236,0.01104,0.58576
894,915456,59.11186,160.6,0.8,0.97,1.026646,-0.003642,0.005242,0.003163,0.281987,0.033622,0.799977,67.427902,2.911644,66.918198,3.122399,4.0,0.00020856,5,652,0.03389,0.05158,0.02,0.0,100,0.4,0.0,,,-0.01,0.01523,0.00087,-0.00349,0.00328,0.3354
895,916480,47.54821,179.0,0.66667,0.95,0.966947,-0.001181,0.123497,0.00294,0.457574,0.030413,0.191928,66.435326,2.804174,64.792625,7.546841,4.0,0.00020845,6,626,0.02837,0.04108,0.03,0.0,100,0.5,0.0,,,-0.01,0.01718,0.00065,-0.00354,0.00206,0.34271
896,917504,40.70679,170.44444,0.55556,0.92,0.937675,-0.001981,0.189841,0.002735,0.743273,0.028948,0.290897,64.943581,3.564234,62.056091,10.478283,4.0,0.00020835,9,627,0.02904,0.04757,0.04,0.0,100,0.33333,0.0,,,-0.01,0.01552,0.00057,-0.0012,0.00094,0.44551
897,918528,62.87396,168.0,0.85714,0.91,0.963222,-0.002511,0.067647,0.001364,0.267698,0.006313,0.577219,64.421486,6.455429,63.70536,7.720036,4.0,0.00020825,7,617,0.03387,0.05203,0.05,0.0,100,0.0,0.0,,,-0.01,0.01999,0.00092,-0.00369,0.00589,0.4858
898,919552,52.00422,104.0,0.72727,0.88,0.93931,-0.001425,0.211664,0.001605,0.433773,0.014439,0.371573,63.090176,5.320359,61.538609,11.424072,4.0,0.00020815,11,620,0.04242,0.0673,0.05,0.0,100,0.27273,0.0,,,-0.01,0.01864,0.00072,-0.00363,0.00165,0.66263
899,920576,72.66437,127.42857,1.0,0.88,0.92861,-0.003223,0.04881,0.002624,0.277184,0.027588,0.366876,61.290474,6.487485,61.925961,5.961425,4.0,0.00020804,7,629,0.0402,0.05662,0.05,0.0,100,0.28571,0.5,,,-0.01,0.01962,0.00087,-0.00016,0.00799,0.584
900,921600,73.28063,104.58333,1.0,0.88,0.989383,-0.002818,0.023133,0.003578,0.432799,0.040771,0.35674,62.123688,4.004598,63.467293,4.184283,4.0,0.00020794,12,604,0.04586,0.07186,0.05,0.0,100,0.25,0.5,,,-0.01,0.01759,0.0011,-0.00135,0.00441,0.97542
901,922624,65.95761,106.36364,0.90909,0.88,0.987243,-0.000292,0.074512,0.001129,0.200074,0.002267,0.259909,63.722271,3.301509,64.22184,6.158863,4.0,0.00020784,11,599,0.05911,0.08318,0.05,0.0,100,0.27273,0.0,,,-0.01,0.0184,0.0013,-0.00346,0.00369,0.82043
902,923648,73.26274,109.375,1.0,0.88,1.081166,-0.004949,0.005033,0.003785,0.303571,0.040527,0.803654,65.040123,2.941939,65.768135,3.032542,4.0,0.00020774,8,578,0.05181,0.07171,0.05,0.0,100,0.25,0.0,,,-0.01,0.01815,0.00139,-0.00286,0.0065,0.61049
903,924672,73.04826,109.55556,1.0,0.88,1.002356,-0.005073,0.003738,0.003651,0.307386,0.041888,0.855951,65.662468,2.857362,66.468788,2.949964,4.0,0.00020764,9,592,0.05953,0.08039,0.05,0.0,100,0.33333,0.0,,,-0.01,0.01685,0.00133,-0.00348,0.00891,0.69348
904,925696,66.0013,96.9,0.9,0.87,0.949909,-0.001582,0.124454,0.002576,0.285531,0.0241,0.270934,66.71962,3.481148,65.887894,8.073077,4.0,0.00020753,10,612,0.07419,0.08682,0.05,0.0,100,0.1,1.0,,,-0.01,0.01802,0.0014,-0.00587,0.00873,0.72388
905,926720,73.35111,102.625,1.0,0.88,0.985015,-0.003416,0.006777,0.003307,0.270572,0.036342,0.87494,66.012131,4.266319,66.151695,4.516507,4.0,0.00020743,8,634,0.07107,0.09493,0.04,0.0,100,0.0,0.0,,,-0.01,0.01768,0.00053,-0.00483,0.0052,0.67722
906,927744,63.05653,125.875,0.875,0.89,0.82919,-0.0024,0.109693,0.002976,0.339823,0.02975,0.476915,64.974205,5.301271,63.797974,9.09529,4.0,0.00020733,8,646,0.07713,0.10291,0.03,0.0,100,0.25,0.0,,,-0.01,0.0209,6e-05,-0.00349,0.00313,0.63308
907,928768,62.03719,150.42857,0.85714,0.9,1.049749,-0.003051,0.011033,0.004144,0.257242,0.043492,0.811845,65.557877,4.726484,65.947762,4.8178,4.0,0.00020723,7,588,0.06034,0.07444,0.03,0.0,100,0.28571,1.0,,,-0.01,0.02062,0.00086,-0.00384,0.00857,0.45878
908,929792,73.51713,111.1,1.0,0.94,1.070801,-0.003726,0.007501,0.003682,0.242317,0.03826,0.644785,66.373108,2.573465,66.594582,2.873853,4.0,0.00020712,10,575,0.06913,0.08107,0.01,0.0,100,0.0,0.0,,,-0.01,0.01944,0.00118,-0.00394,0.00778,0.74929
909,930816,63.22838,123.75,0.875,0.95,1.033567,-0.001567,0.106877,0.00364,0.288075,0.044747,0.354158,66.310715,4.024519,65.404495,8.020446,4.0,0.00020702,8,618,0.05065,0.07113,0.01,0.0,100,0.5,0.0,,,-0.01,0.01845,0.00028,-0.00276,0.00502,0.55962
910,931840,71.91386,132.0,1.0,0.95,1.111826,-0.005359,0.005256,0.00497,0.370054,0.06958,0.76968,66.816582,2.917043,66.375656,2.804812,4.0,0.00020692,3,657,0.0462,0.06617,0.01,0.0,100,0.0,0.0,,,-0.01,0.01373,0.00043,-0.00087,0.00652,0.24604
911,932864,71.00263,171.0,1.0,0.95,1.190792,-0.00268,0.011501,0.003875,0.260456,0.040458,0.061973,66.146004,2.4757,65.835854,2.269662,4.0,0.00020682,9,631,0.05568,0.07763,0.01,0.0,100,0.11111,0.0,,,-0.01,0.01588,0.00052,-0.00348,0.00209,0.68869
912,933888,59.2027,143.66667,0.83333,0.94,1.083521,-0.001256,0.092908,0.002276,0.406998,0.019287,0.516973,64.882576,4.627866,63.321873,8.754234,4.0,0.00020671,6,628,0.05382,0.07052,0.01,0.0,100,0.5,0.0,,,-0.01,0.01848,0.0004,-0.00446,0.00195,0.39241
913,934912,61.95972,170.85714,0.85714,0.94,1.085523,-0.002445,0.019527,0.002766,0.232386,0.02846,0.445067,63.64959,4.033259,63.664715,3.914858,4.0,0.00020661,7,615,0.07154,0.09194,0.02,0.0,100,0.28571,0.0,,,-0.01,0.01821,0.00039,-0.00525,0.00575,0.47685
914,935936,72.28968,128.33333,1.0,0.94,1.159854,-0.003132,0.019351,0.002779,0.202417,0.020333,0.289393,63.389263,3.561847,63.721825,3.560031,4.0,0.00020651,9,598,0.06167,0.08326,0.02,0.0,100,0.11111,0.0,,,-0.01,0.01875,0.00074,-0.004,0.00544,0.69598
915,936960,71.52892,154.57143,1.0,0.94,1.179774,-0.003143,0.012332,0.003964,0.188556,0.040771,0.31276,64.236092,3.016568,64.274216,2.891453,4.0,0.00020641,7,615,0.0577,0.08422,0.02,0.0,100,0.28571,1.0,,,-0.01,0.01825,0.00058,-0.00228,0.00521,0.53683
916,937984,63.55202,116.375,0.875,0.93,1.183608,-0.001296,0.11459,0.001717,0.249322,0.010917,0.216111,63.728771,2.208666,62.996235,7.452233,4.0,0.0002063,8,599,0.05506,0.08064,0.02,0.0,100,0.375,0.0,,,-0.01,0.02121,0.00065,-0.00176,0.00498,0.52106
917,939008,58.05306,119.1,0.8,0.92,1.15397,-0.002212,0.141959,0.002643,0.423779,0.031459,0.453572,61.964405,4.694044,60.821377,10.927926,4.0,0.0002062,10,592,0.05463,0.08533,0.02,0.0,100,0.4,0.0,,,-0.01,0.02103,0.00065,-0.00169,0.00348,0.60733
918,940032,60.60011,117.33333,0.83333,0.91,1.18937,-0.002775,0.107836,0.002983,0.323616,0.03554,0.535381,62.410648,6.244114,61.400524,9.350242,4.0,0.0002061,6,633,0.04738,0.07138,0.02,0.0,100,0.33333,0.0,,,-0.01,0.01727,0.00042,-0.00233,0.00429,0.39691
919,941056,71.11111,181.0,1.0,0.91,1.169768,-0.003372,0.033218,0.004218,0.301868,0.050886,0.304962,61.293831,6.038658,61.494514,5.037208,4.0,0.000206,5,654,0.03631,0.05706,0.02,0.0,100,0.2,1.0,,,-0.01,0.01787,0.00048,-0.00314,0.00398,0.40626
920,942080,58.51349,152.5,0.83333,0.91,1.098624,-0.002662,0.078238,0.0034,0.330914,0.032401,0.578483,60.728893,4.961901,59.819782,8.755812,4.0,0.00020589,6,628,0.03756,0.05504,0.02,0.0,100,0.16667,0.0,,,-0.01,0.01692,0.0003,-0.00038,0.00161,0.42124
921,943104,71.44324,173.5,1.0,0.92,1.146252,-0.004456,0.022992,0.003802,0.315994,0.044189,0.554366,61.793911,4.065845,61.673035,4.344567,4.0,0.00020579,4,661,0.0323,0.0481,0.01,0.0,100,0.0,1.0,,,-0.01,0.01684,0.00032,-6e-05,0.00488,0.34216
922,944128,48.09044,195.16667,0.66667,0.9,1.115317,-0.001535,0.07671,0.003375,0.287789,0.034494,0.489706,59.668919,5.155024,58.873363,7.984181,4.0,0.00020569,6,643,0.04016,0.05727,0.02,0.0,100,0.16667,0.0,,,-0.01,0.01616,0.00046,-0.00093,0.00264,0.3309
923,945152,70.834,184.0,1.0,0.91,1.238555,-0.003504,0.01755,0.003992,0.311203,0.040492,0.667701,60.719299,4.360833,61.358356,4.558252,4.0,0.00020559,9,637,0.03341,0.05291,0.02,0.0,100,0.22222,1.0,,,-0.01,0.01426,0.00033,-0.00088,0.00472,0.69754
924,946176,72.09399,142.5,1.0,0.91,1.147777,-0.003142,0.025843,0.004315,0.305028,0.042515,0.226187,60.771248,4.011397,61.753105,3.969242,4.0,0.00020548,8,610,0.04581,0.06652,0.02,0.0,100,0.0,0.0,,,-0.01,0.01733,0.00071,-0.0048,0.00721,0.62071
925,947200,72.91008,117.0,1.0,0.91,1.135834,-0.002475,0.027633,0.002661,0.210794,0.02138,0.519221,62.217731,5.195475,62.26173,4.918386,4.0,0.00020538,3,644,0.04707,0.06663,0.02,0.0,100,0.0,0.0,,,-0.01,0.01559,0.00033,-0.0044,0.00577,0.24888
926,948224,69.2495,195.57143,1.0,0.91,1.135393,-0.002634,0.010631,0.002316,0.210517,0.017439,0.661264,62.484776,3.881712,62.69355,3.626076,4.0,0.00020528,7,638,0.03725,0.05849,0.02,0.0,100,0.14286,0.5,,,-0.01,0.01359,0.00073,-0.00441,0.00372,0.56888
927,949248,71.51858,141.0,1.0,0.93,1.15824,-0.003726,0.016935,0.002606,0.234788,0.026297,0.536709,62.582222,2.794962,62.834637,3.655332,4.0,0.00020518,7,598,0.04333,0.06964,0.01,0.0,100,0.28571,0.0,,,-0.01,0.01648,0.00081,-0.00251,0.00314,0.54582
928,950272,72.10631,133.0,1.0,0.93,1.047752,-0.00353,0.014507,0.003684,0.296258,0.038086,0.398819,62.749275,2.819708,63.28503,3.080339,4.0,0.00020508,8,617,0.02999,0.05371,0.01,0.0,100,0.375,0.0,,,-0.01,0.01566,0.00072,-0.00205,0.00413,0.69296
929,951296,52.47052,134.90909,0.72727,0.9,1.058155,-0.002767,0.188849,0.003999,0.514376,0.045306,0.312688,62.528156,3.847286,60.92823,10.712563,4.0,0.00020497,11,593,0.04882,0.08101,0.02,0.0,100,0.45455,0.0,,,-0.01,0.01838,0.00208,-0.00311,0.00093,0.61447
930,952320,72.71678,115.375,1.0,0.91,1.104888,-0.003379,0.027121,0.002949,0.418178,0.029925,0.388822,61.98777,3.746439,63.248238,3.654708,4.0,0.00020487,8,599,0.04992,0.08025,0.02,0.0,100,0.625,0.0,,,-0.01,0.01677,0.00084,-0.00126,0.0069,0.61363
931,953344,73.1368,117.875,1.0,0.92,1.106661,-0.002423,0.018386,0.002968,0.314032,0.028216,0.469285,63.324421,4.486819,64.072792,4.222214,4.0,0.00020477,8,612,0.04109,0.0668,0.02,0.0,100,0.0,0.0,,,-0.01,0.01702,0.00062,-0.00095,0.00652,0.62763
932,954368,72.92254,119.66667,1.0,0.93,1.061318,-0.003851,0.010881,0.004627,0.283342,0.063442,0.682329,64.585747,3.820512,64.989433,3.709531,4.0,0.00020467,6,627,0.03425,0.05872,0.02,0.0,100,0.33333,0.0,,,-0.01,0.01418,0.00049,-0.00299,0.00654,0.4892
933,955392,53.59954,114.41667,0.75,0.91,1.090424,-0.001745,0.229885,0.002455,0.786863,0.011265,0.287266,64.374321,3.880687,61.988262,12.130998,4.0,0.00020456,12,585,0.04356,0.07357,0.02,0.0,100,0.41667,0.0,,,-0.01,0.01845,0.00077,-0.0026,0.00601,0.68502
934,956416,73.62737,110.5,1.0,0.92,1.105864,-0.002816,0.037903,0.003973,0.254118,0.037179,0.545426,63.660839,5.174337,63.793034,5.117767,4.0,0.00020446,8,605,0.04145,0.06618,0.02,0.0,100,0.25,0.0,,,-0.01,0.01632,0.00021,-9e-05,0.00715,0.64516
935,957440,72.01379,130.14286,1.0,0.94,0.950552,-0.002629,0.024707,0.003526,0.227259,0.040946,0.381736,62.894833,4.918135,63.507393,4.287191,4.0,0.00020436,7,649,0.04081,0.06639,0.01,0.0,100,0.57143,0.0,,,-0.01,0.01485,0.00099,-0.00154,0.00634,0.6316
936,958464,72.89743,125.57143,1.0,0.94,1.068544,-0.002454,0.018902,0.002173,0.232188,0.016881,0.646058,64.357986,3.6536,64.20002,4.438458,4.0,0.00020426,7,626,0.03052,0.05242,0.01,0.0,100,0.14286,1.0,,,-0.01,0.01537,0.00048,-0.0025,0.00555,0.57888
937,959488,64.05831,151.66667,0.88889,0.93,0.918631,-0.002428,0.016456,0.001681,0.26712,0.013288,0.576201,63.325344,3.563051,64.094704,3.842072,4.0,0.00020415,9,642,0.04375,0.07225,0.02,0.0,100,0.44444,0.0,,,-0.01,0.01713,0.00094,-0.00135,0.00524,0.7277
938,960512,73.19185,100.8,1.0,0.93,1.07575,-0.003265,0.012083,0.003677,0.288163,0.039655,0.574762,65.160095,3.221809,65.820786,3.31026,4.0,0.00020405,10,608,0.04671,0.07237,0.02,0.0,100,0.5,0.0,,,-0.01,0.01495,0.00045,-0.00231,0.00807,0.79854
939,961536,72.98882,106.75,1.0,0.93,1.039897,-0.002847,0.008108,0.003581,0.201795,0.034005,0.583289,66.003662,2.997201,66.254715,2.855334,4.0,0.00020395,8,593,0.04434,0.07143,0.02,0.0,100,0.5,0.0,,,-0.01,0.01265,0.0003,-0.00319,0.00396,0.64868
940,962560,70.77386,158.375,1.0,0.94,1.046494,-0.002609,0.010588,0.00234,0.224794,0.023019,0.457616,66.748955,2.603527,66.590469,2.739035,4.0,0.00020385,8,600,0.04071,0.06895,0.01,0.0,100,0.375,1.0,,,-0.01,0.01354,0.00036,-0.00087,0.00597,0.61956
941,963584,56.71154,98.88889,0.77778,0.94,0.961928,-0.000752,0.190157,0.001603,0.604476,0.008371,0.280922,66.223366,3.368254,64.303215,10.352745,4.0,0.00020374,9,631,0.05357,0.07864,0.01,0.0,100,0.22222,0.0,,,-0.01,0.01628,0.00051,-0.00249,0.00719,0.60184
942,964608,64.36699,104.77778,0.88889,0.93,0.928929,-0.00252,0.122783,0.003337,0.466855,0.038574,0.513749,64.863747,5.636499,63.383984,9.86456,4.0,0.00020364,9,623,0.04157,0.0748,0.01,0.0,100,0.44444,0.0,,,-0.01,0.0185,0.0004,-0.00154,0.00113,0.68286
943,965632,73.17502,111.83333,1.0,0.93,0.853005,-0.001506,0.020253,0.003388,0.226426,0.033378,0.601391,63.834572,5.189131,64.009384,4.640715,4.0,0.00020354,6,682,0.03668,0.0592,0.01,0.0,100,0.5,0.0,,,-0.01,0.01509,0.00051,-0.00139,0.00903,0.58428
944,966656,64.0449,151.0,0.875,0.92,0.980197,-0.003057,0.013775,0.002609,0.184929,0.023403,0.808252,63.346809,4.690978,63.395252,5.401574,4.0,0.00020344,8,643,0.04179,0.06728,0.02,0.0,100,0.125,0.0,,,-0.01,0.01379,0.00076,-0.0014,0.00492,0.60998
945,967680,70.7536,153.11111,1.0,0.94,0.998608,-0.002489,0.01563,0.003466,0.223849,0.039307,0.729928,63.053204,5.328625,63.554508,5.054126,4.0,0.00020333,9,594,0.05598,0.08814,0.02,0.0,100,0.44444,1.0,,,-0.01,0.01411,0.00052,-0.0033,0.00563,0.75336
946,968704,73.0206,113.33333,1.0,0.95,1.148525,-0.003368,0.006275,0.001811,0.295273,0.011126,0.792952,64.768394,3.199909,65.489555,3.457791,4.0,0.00020323,9,581,0.05144,0.0784,0.02,0.0,100,0.11111,0.0,,,-0.01,0.01491,0.00065,-0.00167,0.01027,0.66123
947,969728,62.40762,131.25,0.875,0.94,0.965387,-0.00097,0.121015,0.001807,0.302579,0.012451,0.16449,65.720619,3.53505,64.726418,7.62747,4.0,0.00020313,8,620,0.04603,0.07845,0.02,0.0,100,0.375,1.0,,,-0.01,0.01519,0.00107,-0.00114,0.00101,0.59778
948,970752,72.99463,112.625,1.0,0.94,1.069238,-0.003031,0.012118,0.00345,0.246,0.022496,0.566673,66.036667,3.217412,66.441841,3.054832,4.0,0.00020303,8,603,0.04966,0.07563,0.02,0.0,100,0.375,0.0,,,-0.01,0.01602,0.0013,-0.0026,0.00882,0.61301
949,971776,72.73773,119.55556,1.0,0.95,1.060463,-0.003328,0.007608,0.003734,0.240265,0.037109,0.752888,66.321518,3.295177,66.465103,3.435035,4.0,0.00020292,9,614,0.05417,0.07644,0.01,0.0,100,0.0,0.0,,,-0.01,0.016,0.00107,-0.00219,0.00597,0.71054
950,972800,72.40471,127.33333,1.0,0.95,1.105336,-0.002584,0.004912,0.00279,0.201928,0.026053,0.669748,66.758148,2.614799,66.996231,2.394972,4.0,0.00020282,9,604,0.05148,0.07938,0.01,0.0,100,0.11111,0.0,,,-0.01,0.01286,0.0008,-0.00321,0.00891,0.69094
951,973824,72.26152,113.44444,1.0,0.95,1.112145,-0.003101,0.004283,0.002574,0.216825,0.022531,0.684648,66.823174,2.194856,67.179146,2.256139,4.0,0.00020272,9,576,0.05314,0.0821,0.01,0.0,100,0.22222,1.0,,,-0.01,0.01572,0.00055,-0.00504,0.00818,0.67353
952,974848,65.48926,102.4,0.9,0.95,1.081488,-0.001376,0.126939,0.00235,0.341598,0.024693,0.161711,66.919701,2.35916,65.885506,7.572999,4.0,0.00020262,10,580,0.04648,0.07339,0.01,0.0,100,0.4,1.0,,,-0.01,0.01625,0.00048,-0.00205,0.00576,0.6909
953,975872,73.21056,104.77778,1.0,0.97,0.983099,-0.002056,0.014556,0.001249,0.248375,0.011405,0.483404,65.603043,2.792895,65.940773,3.068781,4.0,0.00020252,9,599,0.04049,0.0695,0.01,0.0,100,0.55556,0.0,,,-0.01,0.01725,0.00067,-0.00165,0.00491,0.74253
954,976896,62.53683,124.0,0.875,0.96,0.974563,-0.002099,0.138711,0.003423,0.455824,0.047747,0.474067,65.381775,6.056129,63.908356,9.792489,4.0,0.00020241,8,627,0.04648,0.07331,0.01,0.0,100,0.375,0.0,,,-0.01,0.01823,0.00051,-0.0036,0.00041,0.59222
955,977920,73.64357,103.0,1.0,0.97,0.956687,-0.002104,0.017149,0.002449,0.232291,0.014788,0.902031,63.588753,7.926675,63.880745,7.994157,4.0,0.00020231,8,630,0.04419,0.06434,0.0,0.0,100,0.25,0.0,,,-0.01,0.01665,0.00054,-0.00294,0.00911,0.68238
956,978944,72.24123,126.2,1.0,0.97,0.976251,-0.0039,0.006189,0.003539,0.246552,0.050328,0.966429,63.223728,8.175841,63.047207,8.511207,4.0,0.00020221,5,647,0.03889,0.05553,0.0,0.0,100,0.4,0.0,,,-0.01,0.01517,0.00054,0.00017,0.00585,0.43646
957,979968,62.21699,200.5,0.875,0.96,0.992631,-0.002538,0.024786,0.00391,0.249963,0.039725,0.901386,62.684906,9.186548,62.218086,9.598981,4.0,0.00020211,8,641,0.04856,0.07206,0.01,0.0,100,0.25,0.0,,,-0.01,0.01459,0.00042,-0.00018,0.00731,0.59623
958,980992,73.51049,115.57143,1.0,0.96,0.972508,-0.002654,0.012636,0.001773,0.199859,0.015416,0.929391,62.583302,7.542816,62.500286,8.180236,4.0,0.000202,7,619,0.0485,0.07097,0.01,0.0,100,0.0,0.0,,,-0.01,0.01501,0.00061,-0.00074,0.00591,0.59664
959,982016,58.97565,147.5,0.83333,0.95,0.90582,-0.000733,0.104512,0.002153,0.419584,0.019322,0.670682,61.085938,8.824553,59.54269,11.075018,4.0,0.0002019,6,666,0.05725,0.08577,0.01,0.0,100,0.5,1.0,,,-0.01,0.0132,0.00033,-0.00272,0.00303,0.47024
960,983040,57.66756,183.0,0.8,0.95,0.832725,-0.001517,0.066291,0.001676,0.334974,0.007429,0.759047,60.074707,8.057895,59.344028,10.690619,4.0,0.0002018,5,683,0.04249,0.06831,0.01,0.0,100,0.8,0.0,,,-0.01,0.01762,0.0007,-0.00109,0.00348,0.40405
961,984064,72.04834,135.0,1.0,0.95,1.021742,-0.002252,0.030975,0.001989,0.205691,0.016357,0.636723,60.979607,5.886918,61.506168,5.980917,4.0,0.0002017,8,644,0.04545,0.07128,0.01,0.0,100,0.625,0.0,,,-0.01,0.0145,0.00078,-0.0007,0.00529,0.68361
962,985088,44.36758,169.0,0.625,0.92,1.132036,-0.001542,0.136852,0.002428,0.499833,0.019915,0.497499,61.778412,4.995953,60.043934,10.862595,4.0,0.00020159,8,604,0.05299,0.08364,0.02,0.0,100,0.5,0.0,,,-0.01,0.01609,0.00082,-0.00019,-0.00156,0.39117
963,986112,47.29092,122.33333,0.66667,0.9,1.082542,-0.00246,0.127172,0.002585,0.472892,0.019775,0.655357,61.459076,8.258599,59.937439,12.20407,4.0,0.00020149,6,622,0.04923,0.07124,0.02,0.0,100,0.83333,0.0,,,-0.01,0.01571,0.00027,-0.00078,0.00206,0.32907
964,987136,63.09846,154.88889,0.88889,0.89,1.109435,-0.003769,0.14943,0.00416,0.286127,0.048444,0.55867,59.111401,9.444153,58.766071,11.310122,4.0,0.00020139,9,590,0.0564,0.08671,0.02,0.0,100,0.33333,0.0,,,-0.01,0.01716,0.00064,-0.00142,0.00332,0.63333
965,988160,72.15242,146.8,1.0,0.89,1.154445,-0.002649,0.055318,0.004519,0.301096,0.068883,0.583775,58.304436,8.336355,58.873165,7.549935,4.0,0.00020129,5,617,0.0451,0.06501,0.02,0.0,100,0.0,0.0,,,-0.01,0.01552,0.00065,-0.0013,0.00739,0.3961
966,989184,61.84551,161.875,0.875,0.89,1.18998,-0.001754,0.128467,0.002653,0.195433,0.026751,0.293227,58.539211,5.496213,58.121983,8.405741,4.0,0.00020118,8,589,0.06547,0.09612,0.02,0.0,100,0.5,0.0,,,-0.01,0.01576,0.00062,-0.00551,0.00227,0.52745
967,990208,59.45856,135.66667,0.83333,0.88,1.255065,-0.003058,0.085681,0.002981,0.262745,0.021833,0.574662,58.974041,5.131466,58.271912,8.951898,4.0,0.00020108,6,588,0.06327,0.0952,0.02,0.0,100,0.33333,0.0,,,-0.01,0.0159,0.0004,-0.00288,0.00521,0.37255
968,991232,71.0459,171.33333,1.0,0.89,1.238177,-0.003322,0.032924,0.002821,0.290151,0.028809,0.450721,58.416443,5.380775,58.92733,5.161846,4.0,0.00020098,6,611,0.04976,0.07291,0.02,0.0,100,0.33333,0.0,,,-0.01,0.01333,0.00057,-0.00316,0.0044,0.46093
969,992256,60.05642,160.0,0.85714,0.88,1.153399,-0.001901,0.109406,0.002381,0.266589,0.024135,0.584751,57.522572,6.886028,56.789066,9.933502,4.0,0.00020088,7,607,0.04768,0.07461,0.02,0.0,100,0.42857,0.0,,,-0.01,0.01343,0.00025,-0.00276,0.0031,0.46338
970,993280,55.36665,127.44444,0.77778,0.86,1.116124,-0.001609,0.147297,0.002476,0.224909,0.015695,0.524091,56.494713,6.546453,56.058434,10.997155,4.0,0.00020077,9,579,0.05646,0.09062,0.02,0.0,100,0.44444,1.0,,,-0.01,0.01566,0.00059,-0.00508,0.00076,0.54497
971,994304,72.03349,127.28571,1.0,0.86,1.212862,-0.003385,0.032077,0.003134,0.559941,0.03418,0.640538,58.140694,6.673334,59.72921,6.677297,4.0,0.00020067,7,576,0.05338,0.07713,0.02,0.0,100,0.14286,0.0,,,-0.01,0.01635,0.00081,-0.00223,0.00774,0.51419
972,995328,72.26229,135.85714,1.0,0.87,1.229622,-0.002493,0.053147,0.004139,0.24761,0.05385,0.72447,60.872837,7.638206,61.13308,8.357162,4.0,0.00020057,7,590,0.04905,0.07365,0.01,0.0,100,0.14286,0.0,,,-0.01,0.01445,0.00025,-0.00162,0.00441,0.5241
973,996352,73.02706,125.875,1.0,0.88,1.201283,-0.003834,0.023237,0.004281,0.502389,0.050188,0.72681,60.466648,7.072271,62.078602,6.193809,4.0,0.00020047,8,597,0.04811,0.06823,0.01,0.0,100,0.125,0.0,,,-0.01,0.01622,0.00082,-0.00107,0.00831,0.60324
974,997376,62.27943,170.57143,0.85714,0.88,1.035189,-0.003486,0.01498,0.004464,0.354349,0.049142,0.787519,61.905781,5.347625,62.881775,5.153265,4.0,0.00020036,7,613,0.03982,0.06178,0.02,0.0,100,0.28571,0.0,,,-0.01,0.01584,0.00069,-0.00161,0.00533,0.49053
975,998400,72.85842,111.42857,1.0,0.88,0.989146,-0.003207,0.008526,0.00434,0.363159,0.04541,0.835615,63.150238,4.625142,64.191887,4.49319,4.0,0.00020026,7,623,0.04165,0.06506,0.02,0.0,100,0.42857,0.0,,,-0.01,0.01614,0.00123,-0.00215,0.00642,0.58749
976,999424,63.59403,138.88889,0.88889,0.91,0.94092,-0.000861,0.114647,0.001838,0.239966,0.004708,0.392131,63.811066,5.225619,63.269924,8.704268,4.0,0.00020016,9,600,0.03562,0.06059,0.01,0.0,100,0.22222,0.0,,,-0.01,0.01975,0.00074,-5e-05,0.00548,0.65604
977,1000448,67.71623,98.08333,0.91667,0.92,1.026269,-0.001732,0.095543,0.00183,0.189267,0.017962,0.587445,63.977539,5.972816,63.823139,9.483327,4.0,0.00020006,12,595,0.03929,0.06125,0.01,0.0,100,0.08333,0.0,,,-0.01,0.01612,0.00069,0.00101,0.01024,0.91411
978,1001472,64.23081,101.125,0.875,0.91,1.029044,-0.002316,0.109637,0.003303,0.386388,0.035017,0.626506,63.504116,7.33085,62.507778,10.496098,4.0,0.00019996,8,588,0.03832,0.06122,0.01,0.0,100,0.125,0.0,,,-0.01,0.01766,0.0013,-0.0022,0.00659,0.57003
979,1002496,64.527,140.375,0.875,0.91,1.09649,-0.001646,0.025265,0.002794,0.345532,0.035366,0.75087,62.99638,6.562765,63.905453,6.595984,4.0,0.00019985,8,590,0.03887,0.05846,0.02,0.0,100,0.375,0.0,,,-0.01,0.01818,0.00057,-0.00048,0.01148,0.54999
980,1003520,65.5158,111.6,0.9,0.91,1.05957,-0.002551,0.125224,0.004841,0.360059,0.054792,0.46064,65.2313,5.329199,64.263222,9.157193,4.0,0.00019975,10,594,0.03885,0.06667,0.02,0.0,100,0.4,0.0,,,-0.01,0.01705,0.00035,-0.00145,0.00474,0.71865
981,1004544,73.07416,105.1,1.0,0.92,1.124063,-0.001352,0.117726,0.002933,0.231396,0.015172,0.197896,62.929058,6.380109,62.655334,7.551933,4.0,0.00019965,10,584,0.04293,0.0681,0.02,0.0,100,0.2,1.0,,,-0.01,0.01385,0.00039,-0.00371,0.00349,0.77714
982,1005568,60.45147,125.14286,0.85714,0.93,1.061544,-0.0012,0.045961,0.002818,0.21831,0.022426,0.645896,62.530849,5.605115,62.821514,7.150379,4.0,0.00019955,7,610,0.03456,0.05653,0.02,0.0,100,0.14286,0.0,,,-0.01,0.01446,0.00044,-0.00294,0.00417,0.49837
983,1006592,72.59466,126.44444,1.0,0.93,1.106297,-0.002852,0.009931,0.003924,0.28297,0.042027,0.667768,64.577278,3.35293,65.226799,3.39293,4.0,0.00019944,9,601,0.0346,0.0538,0.02,0.0,100,0.0,1.0,,,-0.01,0.01352,0.00029,-0.00056,0.00831,0.71174
984,1007616,72.46462,124.71429,1.0,0.93,1.056227,-0.002654,0.024521,0.003365,0.203602,0.029367,0.556602,63.806683,4.448469,64.041389,4.530755,4.0,0.00019934,7,603,0.04793,0.07394,0.02,0.0,100,0.28571,0.0,,,-0.01,0.0168,0.00057,-0.00043,0.00487,0.57106
985,1008640,72.76281,123.4,1.0,0.93,0.990526,-0.004125,0.006108,0.0044,0.237922,0.055908,0.870906,64.902367,4.121112,64.781647,4.302988,4.0,0.00019924,5,661,0.03072,0.04808,0.02,0.0,100,0.4,0.0,,,-0.01,0.01211,0.00025,-0.00352,0.00694,0.45094
986,1009664,62.38169,177.0,0.88889,0.93,1.044478,-0.00172,0.084749,0.002125,0.349859,0.024902,0.459294,64.123558,4.10655,63.230717,8.338953,4.0,0.00019914,9,610,0.05053,0.08002,0.01,0.0,100,0.44444,0.0,,,-0.01,0.01397,-2e-05,-0.00581,0.00618,0.64878
987,1010688,72.60235,111.55556,1.0,0.93,0.998444,-0.00269,0.082603,0.002514,0.246631,0.021868,0.413203,64.527634,5.345983,64.14209,7.343861,4.0,0.00019903,9,594,0.03906,0.06244,0.01,0.0,100,0.33333,1.0,,,-0.01,0.01523,0.0004,-0.00469,0.00665,0.70849
988,1011712,54.10616,97.5,0.75,0.92,1.1116,-0.001209,0.193502,0.002427,0.641567,0.023926,0.328891,63.688557,4.262153,61.632298,11.025876,4.0,0.00019893,12,559,0.04419,0.06957,0.01,0.0,100,0.5,0.0,,,-0.01,0.01717,0.00065,-0.00206,0.0022,0.6714
989,1012736,54.00664,98.25,0.75,0.91,0.914586,-0.0031,0.330495,0.002323,0.606586,0.024135,0.571211,56.701958,15.533134,54.113636,17.075151,4.0,0.00019883,8,601,0.04253,0.07251,0.01,0.0,100,0.375,0.0,,,-0.01,0.01736,0.00072,-0.0031,-0.00132,0.52165
990,1013760,51.4281,111.28571,0.71429,0.89,0.92013,-0.002849,0.174788,0.00237,0.35185,0.023507,0.656629,53.657803,12.344642,52.619606,14.01571,4.0,0.00019873,7,648,0.03573,0.05912,0.01,0.0,100,0.28571,0.0,,,-0.01,0.01663,0.00053,-0.00316,0.00462,0.46304
991,1014784,51.56899,149.14286,0.71429,0.88,0.860943,-0.002391,0.082256,0.002759,0.268558,0.018659,0.826375,51.543613,11.770177,51.939079,13.878131,4.0,0.00019862,7,649,0.0343,0.05604,0.01,0.0,100,0.57143,0.0,,,-0.01,0.01707,0.00011,-0.0053,0.00888,0.47043
992,1015808,64.71731,107.0,0.88889,0.88,0.91548,-0.001915,0.153936,0.001378,0.193636,0.007324,0.633143,54.97517,10.416272,55.291962,12.357275,4.0,0.00019852,9,626,0.04525,0.0698,0.01,0.0,100,0.22222,1.0,,,-0.01,0.0161,0.00012,-0.00068,0.00667,0.70217
993,1016832,65.953,145.7,0.9,0.87,1.076458,-0.002836,0.035119,0.002269,0.577186,0.013393,0.734514,57.010315,6.398464,59.012634,7.102712,4.0,0.00019842,10,591,0.04812,0.07503,0.02,0.0,100,0.2,1.0,,,-0.01,0.01607,0.00053,-0.00449,0.00875,0.69422
994,1017856,72.28004,108.25,1.0,0.88,0.991222,-0.002259,0.048308,0.002215,0.482376,0.017473,0.519763,58.818874,6.519821,60.338299,6.239758,4.0,0.00019832,8,603,0.04846,0.08012,0.02,0.0,100,0.375,0.0,,,-0.01,0.01602,0.00029,-0.00666,0.00621,0.64938
995,1018880,72.74587,111.8,1.0,0.88,1.103075,-0.004656,0.010269,0.003785,0.494173,0.047398,0.870262,62.239384,5.178705,63.872135,5.11767,4.0,0.00019821,10,560,0.04086,0.06106,0.02,0.0,100,0.3,0.0,,,-0.01,0.0161,0.00048,-0.00377,0.00968,0.73999
996,1019904,63.55323,124.44444,0.88889,0.87,1.024718,-0.001879,0.135403,0.002138,0.223028,0.014579,0.231603,62.897198,4.633904,62.673943,8.034287,4.0,0.00019811,9,594,0.03729,0.0628,0.02,0.0,100,0.22222,1.0,,,-0.01,0.01651,0.00073,-0.00561,0.00278,0.64074
997,1020928,71.82556,130.0,1.0,0.87,1.093821,-0.004419,0.009724,0.003215,0.262384,0.036656,0.74745,64.575783,3.83794,65.181702,3.56027,4.0,0.00019801,8,607,0.04084,0.06158,0.02,0.0,100,0.125,1.0,,,-0.01,0.01543,0.0004,-0.00562,0.00782,0.63
998,1021952,72.81889,120.28571,1.0,0.88,1.112524,-0.005106,0.007367,0.004431,0.275015,0.058036,0.657791,65.503853,3.212334,66.018715,2.960044,4.0,0.00019791,7,605,0.03418,0.05314,0.02,0.0,100,0.14286,0.0,,,-0.01,0.01819,0.00052,-0.00254,0.00693,0.54353
999,1022976,72.89329,117.77778,1.0,0.89,1.072219,-0.004199,0.009954,0.003207,0.280443,0.040283,0.501742,65.534828,2.606841,66.06707,2.743855,4.0,0.0001978,9,580,0.03099,0.05234,0.02,0.0,100,0.33333,1.0,,,-0.01,0.01784,0.00038,-0.00222,0.00714,0.66768
1000,1024000,62.90969,104.625,0.875,0.9,1.050372,-0.002572,0.115054,0.004448,0.325008,0.049979,0.333119,65.721031,3.365374,64.804764,8.035259,4.0,0.0001977,8,594,0.03975,0.06498,0.02,0.0,100,0.625,1.0,,,-0.01,0.01642,0.00064,-0.00429,0.00312,0.55282
1001,1025024,67.41775,108.92308,0.92308,0.92,1.058456,-0.001519,0.072118,0.002964,0.245944,0.026193,0.636374,64.683266,5.281946,64.235901,9.637458,4.0,0.0001976,13,567,0.03833,0.06323,0.02,0.0,100,0.07692,0.0,,,-0.01,0.01815,0.0006,-0.00493,0.00691,0.91833
1002,1026048,72.98269,93.7,1.0,0.95,1.087329,-0.001785,0.026963,0.004073,0.258826,0.027379,0.341026,65.439171,4.391385,66.008797,4.143044,4.0,0.0001975,10,568,0.03332,0.05349,0.01,0.0,100,0.1,0.0,,,-0.01,0.01692,0.00074,-0.00548,0.00898,0.75592
1003,1027072,73.49819,94.44444,1.0,0.96,1.022136,-0.003415,0.015263,0.005071,0.331791,0.06264,0.316495,65.938568,3.648215,66.674751,3.335338,4.0,0.0001974,9,584,0.02975,0.05029,0.01,0.0,100,0.22222,0.0,,,-0.01,0.0161,0.00038,-0.00497,0.01155,0.69792
1004,1028096,65.7008,104.81818,0.90909,0.96,1.006704,-0.000982,0.137484,0.001041,0.340869,0.002232,0.237498,66.677841,3.632272,65.74511,7.95361,4.0,0.00019729,11,596,0.03482,0.06117,0.0,0.0,100,0.18182,0.0,,,-0.01,0.01503,0.00049,-0.00555,0.00427,0.78644
1005,1029120,72.39201,105.0,1.0,0.96,0.974859,-0.00269,0.012556,0.003271,0.192772,0.032889,0.407328,66.40699,2.513917,66.660942,2.686857,4.0,0.00019719,10,609,0.03837,0.07115,0.0,0.0,100,0.7,1.0,,,-0.01,0.01448,0.00061,-0.00354,0.00575,0.82889
1006,1030144,60.24488,90.08333,0.83333,0.95,1.047952,-0.002446,0.21123,0.003485,0.446045,0.0271,0.238345,65.752548,3.006392,64.157997,10.190878,4.0,0.00019709,12,578,0.04698,0.08078,0.0,0.0,100,0.75,1.0,,,-0.01,0.01498,0.00042,-0.00507,0.00458,0.7632
1007,1031168,72.61658,120.625,1.0,0.95,1.045049,-0.004749,0.061957,0.00362,0.274912,0.04698,0.744,64.050774,9.118331,63.631008,9.246591,4.0,0.00019699,8,611,0.04394,0.07261,0.0,0.0,100,0.125,1.0,,,-0.01,0.01364,0.00039,-0.00326,0.00459,0.67034
1008,1032192,72.31952,123.25,1.0,0.95,1.017737,-0.001895,0.024841,0.001905,0.292559,0.011719,0.30405,64.259232,6.145823,64.958206,4.568367,4.0,0.00019688,8,610,0.0347,0.05285,0.0,0.0,100,0.375,0.0,,,-0.01,0.01738,0.00048,-0.00353,0.00911,0.64727
1009,1033216,72.11529,115.5,1.0,0.95,1.041212,-0.003005,0.052379,0.002895,0.231033,0.034284,0.70759,64.236229,6.870897,64.2491,7.940403,4.0,0.00019678,8,606,0.04724,0.07692,0.0,0.0,100,0.25,1.0,,,-0.01,0.01593,0.00051,-0.00285,0.00676,0.63945
1010,1034240,66.50444,99.0,0.90909,0.95,1.036157,-0.001997,0.049396,0.002004,0.188868,0.016636,0.684218,64.430069,5.913159,64.712242,7.467151,4.0,0.00019668,11,603,0.05091,0.07964,0.0,0.0,100,0.27273,1.0,,,-0.01,0.01409,0.00054,-0.00438,0.00425,0.80319
1011,1035264,73.11926,95.9,1.0,0.95,0.973402,-0.003039,0.009447,0.003235,0.277937,0.03976,0.933712,63.756981,6.712549,64.452957,7.129717,4.0,0.00019658,10,618,0.05194,0.08044,0.0,0.0,100,0.5,1.0,,,-0.01,0.01491,0.00029,-0.00392,0.0088,0.85232
1012,1036288,63.30481,115.25,0.875,0.95,0.909945,-0.000989,0.0942,0.002008,0.399441,0.017473,0.736602,63.40836,8.796444,62.390705,11.697064,4.0,0.00019647,8,641,0.0525,0.07729,0.0,0.0,100,0.375,1.0,,,-0.01,0.01691,0.00011,0.00021,0.00434,0.6365
1013,1037312,65.23511,132.22222,0.88889,0.94,1.012384,-0.004089,0.018478,0.004206,0.299019,0.048793,0.929783,64.439598,9.660369,65.058525,9.874496,4.0,0.00019637,9,588,0.05256,0.07724,0.01,0.0,100,0.55556,1.0,,,-0.01,0.01628,0.00038,-0.00219,0.01042,0.64496
1014,1038336,73.30216,108.1,1.0,0.94,1.149798,-0.003627,0.010554,0.003755,0.269906,0.031669,0.636933,67.328438,3.634134,67.758293,3.3313,4.0,0.00019627,10,576,0.05086,0.07534,0.01,0.0,100,0.2,0.0,,,-0.01,0.0137,0.00036,-0.00567,0.01213,0.73241
1015,1039360,72.8023,106.0,1.0,0.95,1.100931,-0.002888,0.005083,0.004114,0.257661,0.040004,0.700845,68.013412,2.778753,68.316566,2.534657,4.0,0.00019617,11,590,0.05136,0.07545,0.01,0.0,100,0.09091,1.0,,,-0.01,0.0142,0.0005,-0.00061,0.00811,0.83844
1016,1040384,72.94374,108.3,1.0,0.96,1.089731,-0.004791,0.004247,0.005016,0.260023,0.060826,0.667896,67.992622,2.385067,68.191475,2.20653,4.0,0.00019606,10,590,0.06474,0.09384,0.01,0.0,100,0.3,0.0,,,-0.01,0.01506,0.00043,-0.0034,0.00882,0.76187
1017,1041408,72.8219,102.625,1.0,0.97,0.966933,-0.001996,0.005833,0.003057,0.170612,0.025112,0.503057,67.969658,2.196737,68.052933,2.125796,4.0,0.00019596,8,611,0.04518,0.07427,0.01,0.0,100,0.125,1.0,,,-0.01,0.01609,0.00052,-0.0052,0.00569,0.6551
1018,1042432,72.96902,104.77778,1.0,0.97,1.006716,-0.002537,0.004804,0.001862,0.202173,0.012835,0.610918,68.265739,1.910408,68.252701,2.106242,4.0,0.00019586,9,607,0.05565,0.08988,0.01,0.0,100,0.33333,0.0,,,-0.01,0.01418,0.00055,-0.00184,0.01079,0.72448
1019,1043456,73.02249,118.11111,1.0,0.97,1.081898,-0.005041,0.002737,0.005122,0.291383,0.059605,0.813393,68.111801,1.939175,67.991035,2.294963,4.0,0.00019576,9,589,0.05805,0.09076,0.01,0.0,100,0.11111,0.0,,,-0.01,0.0133,0.00111,-0.00205,0.00877,0.69136
1020,1044480,63.32284,101.0,0.875,0.97,0.925222,-0.002502,0.143092,0.002534,0.413952,0.025042,0.15424,67.724907,2.516705,66.36451,7.675463,4.0,0.00019565,8,596,0.05398,0.0898,0.01,0.0,100,0.5,0.0,,,-0.01,0.01597,0.00044,-0.00241,0.00432,0.56871
1021,1045504,72.93854,108.14286,1.0,0.97,0.8792,-0.001955,0.018355,0.002821,0.189388,0.030762,0.469825,66.122498,4.112176,66.201927,3.761328,4.0,0.00019555,7,649,0.04683,0.07971,0.01,0.0,100,0.42857,0.0,,,-0.01,0.0127,0.00053,-0.00379,0.00542,0.64609
1022,1046528,58.92616,129.90909,0.81818,0.95,1.085139,-0.00211,0.104158,0.003021,0.24903,0.025879,0.311988,66.721687,2.574935,66.011703,7.409795,4.0,0.00019545,11,604,0.05096,0.0783,0.02,0.0,100,0.27273,1.0,,,-0.01,0.01352,0.00071,-0.00601,0.00711,0.70294
1023,1047552,72.93064,108.6,1.0,0.96,0.940673,-0.002789,0.010363,0.002557,0.219998,0.027588,0.680376,66.382156,3.040074,66.1726,3.083079,4.0,0.00019535,5,659,0.04444,0.06586,0.02,0.0,100,0.2,0.0,,,-0.01,0.01342,0.00047,-0.0011,0.00452,0.44838
1024,1048576,70.8471,155.2,1.0,0.97,0.988943,-0.002573,0.01651,0.003024,0.209597,0.025286,0.512419,66.101456,3.111043,66.075226,3.520848,4.0,0.00019524,10,608,0.04519,0.06959,0.01,0.0,100,0.3,0.0,,,-0.01,0.01604,0.00054,0.0005,0.00611,0.80496
1025,1049600,64.43203,113.77778,0.88889,0.96,0.986697,-0.001245,0.092123,0.002233,0.124729,0.029715,0.222527,65.750237,3.320788,65.632034,6.442504,4.0,0.00019514,9,605,0.04246,0.06753,0.01,0.0,100,0.22222,1.0,,,-0.01,0.01426,0.00048,-0.00095,0.00931,0.63697
1026,1050624,73.42632,97.41667,1.0,0.96,1.067239,-0.003533,0.006932,0.003378,0.292115,0.029646,0.616786,65.929604,2.06486,66.620796,2.527173,4.0,0.00019504,12,583,0.04971,0.07757,0.01,0.0,100,0.25,0.0,,,-0.01,0.01381,0.00089,-0.00227,0.00869,0.91291
1027,1051648,65.46698,95.7,0.9,0.95,0.964672,-0.002664,0.133825,0.002917,0.406128,0.0241,0.247455,66.077087,3.064972,65.053894,7.910027,4.0,0.00019494,10,608,0.04828,0.07768,0.01,0.0,100,0.5,0.0,,,-0.01,0.01574,0.00121,-0.00354,0.00347,0.74372
1028,1052672,64.44722,106.66667,0.88889,0.94,1.007141,-0.00217,0.122712,0.003964,0.280225,0.040597,0.260775,65.554726,2.969037,64.819191,7.836698,4.0,0.00019484,9,599,0.04141,0.06576,0.01,0.0,100,0.33333,0.0,,,-0.01,0.01856,0.00066,-0.00226,0.00942,0.62108
1029,1053696,73.52696,98.4,1.0,0.94,1.013754,-0.003284,0.017445,0.002895,0.275694,0.027588,0.768755,64.45739,4.957667,64.8965,5.200677,4.0,0.00019473,10,619,0.04669,0.07264,0.01,0.0,100,0.5,0.0,,,-0.01,0.01406,0.00026,-0.00154,0.00661,0.82409
1030,1054720,73.41841,99.9,1.0,0.94,1.086624,-0.002941,0.009186,0.002479,0.246442,0.024519,0.860089,65.055412,4.50173,65.549446,4.991052,4.0,0.00019463,10,595,0.0513,0.07936,0.01,0.0,100,0.0,0.0,,,-0.01,0.01538,0.0006,-0.00332,0.01073,0.78191
1031,1055744,63.72202,100.25,0.875,0.94,1.08797,-0.001646,0.14808,0.003559,0.366512,0.039237,0.422348,64.694862,6.558414,63.524437,9.46442,4.0,0.00019453,8,603,0.04468,0.07046,0.01,0.0,100,0.375,1.0,,,-0.01,0.01513,0.00045,-0.00105,0.00552,0.56224
1032,1056768,63.79483,161.5,0.875,0.94,1.139862,-0.003575,0.010828,0.003479,0.30455,0.030239,0.683433,64.93885,3.355713,65.442268,3.391623,4.0,0.00019443,8,580,0.04903,0.07617,0.01,0.0,100,0.0,0.0,,,-0.01,0.01536,0.00089,-0.00056,0.00817,0.51045
1033,1057792,71.96167,123.0,1.0,0.95,1.000877,-0.003014,0.022814,0.002745,0.213087,0.022356,0.37375,64.908058,4.359163,65.126297,3.932643,4.0,0.00019432,9,617,0.05104,0.08496,0.01,0.0,100,0.44444,1.0,,,-0.01,0.01381,0.00079,-0.00161,0.00081,0.76942
1034,1058816,71.94368,135.42857,1.0,0.95,1.11736,-0.003405,0.005138,0.003254,0.221356,0.032506,0.76834,66.00573,2.925639,66.030617,2.892214,4.0,0.00019422,7,625,0.05466,0.08199,0.01,0.0,100,0.28571,1.0,,,-0.01,0.01387,0.00104,-0.00292,0.00562,0.55842
1035,1059840,46.98143,128.66667,0.66667,0.93,1.060429,-0.001558,0.233633,0.002588,0.646902,0.023856,0.135784,65.735542,2.543915,63.356831,9.767794,4.0,0.00019412,6,641,0.04777,0.07567,0.01,0.0,100,0.5,0.0,,,-0.01,0.01394,0.00071,-0.00164,0.00316,0.33296
1036,1060864,52.35865,153.5,0.75,0.92,1.263481,-0.002142,0.192957,0.003225,0.724879,0.028181,0.26554,64.745018,3.187939,62.163486,10.24799,4.0,0.00019402,8,607,0.04735,0.0702,0.01,0.0,100,0.375,1.0,,,-0.01,0.01232,0.0001,-0.00297,0.00512,0.436
1037,1061888,63.17677,117.125,0.875,0.91,1.249734,-0.002394,0.11826,0.003187,0.259469,0.023682,0.517118,63.3643,6.118683,62.561428,9.393121,4.0,0.00019391,8,600,0.03928,0.06011,0.01,0.0,100,0.375,1.0,,,-0.01,0.01385,0.00043,-0.00017,0.00663,0.51836
1038,1062912,56.59523,145.8,0.8,0.9,1.231529,-0.002478,0.088855,0.002954,0.374182,0.033133,0.691981,61.572205,7.375084,60.43045,10.154861,4.0,0.00019381,5,602,0.02928,0.04444,0.01,0.0,100,0.4,0.0,,,-0.01,0.01362,0.00068,-0.00212,0.00566,0.2899
1039,1063936,58.61566,200.0,0.8,0.89,1.221638,-0.004238,0.040323,0.004579,0.239409,0.049944,0.406612,60.666595,5.484016,60.836365,5.188461,4.0,0.00019371,5,594,0.04667,0.06774,0.02,0.0,100,0.2,0.0,,,-0.01,0.01291,0.001,-0.00173,0.00763,0.30048
1040,1064960,64.05469,139.6,0.9,0.89,1.233182,-0.003142,0.124507,0.003454,0.412203,0.037284,0.614503,59.840969,7.636794,58.848881,10.634046,4.0,0.00019361,10,588,0.06214,0.09031,0.02,0.0,100,0.1,1.0,,,-0.01,0.01295,0.00026,-0.0044,0.00382,0.67566
1041,1065984,63.15172,127.5,0.875,0.89,1.22517,-0.002308,0.162721,0.002909,0.399842,0.025042,0.607777,56.505032,10.314087,55.293297,12.173457,4.0,0.0001935,8,604,0.07154,0.1024,0.02,0.0,100,0.125,1.0,,,-0.01,0.01295,0.00041,-0.00382,0.00299,0.54177
1042,1067008,68.98374,184.5,1.0,0.89,1.171439,-0.003105,0.05223,0.001836,0.315578,0.014788,0.435241,56.893597,7.68436,57.466072,6.544712,4.0,0.0001934,4,634,0.06917,0.09677,0.02,0.0,100,0.0,1.0,,,-0.01,0.01315,0.00066,-0.0048,0.00448,0.31482
1043,1068032,69.91725,190.0,1.0,0.89,1.095897,-0.004328,0.020899,0.002925,0.249642,0.03132,0.710772,57.469234,4.724529,57.876289,5.26535,4.0,0.0001933,5,642,0.05079,0.07417,0.02,0.0,100,0.0,0.0,,,-0.01,0.01205,0.00035,6e-05,0.00586,0.40655
1044,1069056,70.92726,165.25,1.0,0.89,1.238962,-0.003434,0.02432,0.003625,0.295434,0.037388,0.695405,58.077919,4.451411,58.81496,5.530226,4.0,0.0001932,8,588,0.07955,0.11379,0.02,0.0,100,0.0,1.0,,,-0.01,0.01241,0.00038,-0.00385,0.00477,0.59302
1045,1070080,60.55601,153.14286,0.85714,0.88,1.017732,-0.001165,0.111148,0.002516,0.18368,0.021798,0.412138,58.676918,5.040216,58.2374,8.26836,4.0,0.00019309,7,639,0.10063,0.14622,0.02,0.0,100,0.28571,1.0,,,-0.01,0.0134,0.00038,-0.00308,0.00396,0.54744
1046,1071104,71.77171,146.5,1.0,0.9,1.111077,-0.004918,0.011512,0.005005,0.282397,0.067941,0.842061,58.831448,4.803793,59.230091,5.137877,4.0,0.00019299,4,631,0.10132,0.14471,0.01,0.0,100,0.0,1.0,,,-0.01,0.01128,0.00081,-0.00463,0.00549,0.33734
1047,1072128,57.09227,176.83333,0.83333,0.89,0.994919,-0.002144,0.086827,0.003794,0.256661,0.049072,0.602881,57.776192,6.047599,57.292961,9.116927,4.0,0.00019289,6,653,0.08224,0.12254,0.01,0.0,100,0.33333,0.75,,,-0.01,0.01091,0.0008,-0.00457,0.00244,0.4425
1048,1073152,58.27981,212.66667,0.83333,0.88,1.106843,-0.003599,0.033597,0.002716,0.241195,0.02546,0.591637,59.314209,5.342499,59.605461,5.457837,4.0,0.00019279,6,617,0.06598,0.10176,0.02,0.0,100,0.33333,1.0,,,-0.01,0.01151,0.0007,-0.00349,0.00356,0.4149
1049,1074176,58.3874,155.16667,0.83333,0.87,1.141266,-0.003366,0.111547,0.002498,0.346786,0.022321,0.533821,59.007912,6.509704,57.920952,9.223537,4.0,0.00019268,6,631,0.07847,0.11888,0.02,0.0,100,0.33333,1.0,,,-0.01,0.01202,0.00053,-0.00408,0.00203,0.40853
1050,1075200,69.37488,181.6,1.0,0.88,1.030276,-0.003443,0.023077,0.003189,0.238955,0.03547,0.663285,58.16618,4.564695,58.377232,4.888867,4.0,0.00019258,5,664,0.09086,0.12916,0.02,0.0,100,0.4,1.0,,,-0.01,0.00854,0.00016,-0.0065,0.00427,0.44914
1051,1076224,51.93893,244.0,0.75,0.87,1.097521,-0.003567,0.008909,0.00348,0.242466,0.03983,0.846298,58.892948,4.36564,58.819424,4.720517,4.0,0.00019248,4,641,0.07391,0.10778,0.03,0.0,100,0.5,1.0,,,-0.01,0.00939,0.00095,-0.00279,0.00358,0.2499
1052,1077248,57.91467,191.42857,0.85714,0.89,1.142203,-0.003488,0.113008,0.002948,0.295078,0.027553,0.42527,58.148655,4.798225,57.484261,8.344551,4.0,0.00019238,7,591,0.08723,0.12436,0.03,0.0,100,0.57143,1.0,,,-0.01,0.01216,0.0003,-0.00363,0.00026,0.45856
1053,1078272,62.00624,148.125,0.875,0.89,1.176902,-0.001876,0.101896,0.003781,0.259857,0.048375,0.538359,57.610844,6.099902,57.155819,9.242153,4.0,0.00019228,8,597,0.07774,0.11431,0.03,0.0,100,0.5,1.0,,,-0.01,0.00984,-0.00023,-0.00278,0.00682,0.5264
1054,1079296,71.06567,147.71429,1.0,0.9,1.204039,-0.003656,0.031512,0.002442,0.306251,0.01573,0.696632,57.6702,5.372947,58.333294,6.116077,4.0,0.00019217,7,600,0.06745,0.09963,0.03,0.0,100,0.0,1.0,,,-0.01,0.00909,0.00063,-0.00377,0.00476,0.53424
1055,1080320,70.34592,147.5,1.0,0.91,0.967893,-0.003715,0.03937,0.003851,0.2315,0.038016,0.791432,57.014778,7.327882,57.10247,8.130565,4.0,0.00019207,4,661,0.06356,0.10539,0.02,0.0,100,0.5,1.0,,,-0.01,0.00935,0.00097,-0.00343,0.00242,0.36046
1056,1081344,60.02997,148.28571,0.85714,0.9,0.99552,-0.002514,0.092304,0.002863,0.168017,0.026751,0.666787,55.924751,7.845098,56.135284,9.8185,4.0,0.00019197,7,620,0.06252,0.10299,0.02,0.0,100,0.14286,1.0,,,-0.01,0.01158,0.00092,-0.00193,0.00183,0.50966
1057,1082368,47.0199,156.77778,0.66667,0.88,1.155942,-0.002192,0.102423,0.002216,0.215838,0.0143,0.68535,56.023792,7.978781,55.730232,10.974369,4.0,0.00019187,9,582,0.08413,0.12163,0.03,0.0,100,0.55556,1.0,,,-0.01,0.01172,0.00077,-0.00369,0.00327,0.46634
1058,1083392,71.31603,135.57143,1.0,0.89,1.170814,-0.004042,0.018778,0.003238,0.441334,0.033029,0.807893,59.120434,6.120842,60.403816,6.258815,4.0,0.00019176,7,580,0.0585,0.0918,0.03,0.0,100,0.14286,0.0,,,-0.01,0.01,0.00048,-0.00218,0.00565,0.5305
1059,1084416,52.86503,128.375,0.75,0.87,1.099604,-0.002096,0.207645,0.002305,0.428109,0.015381,0.567097,57.596638,9.616623,56.421894,13.193005,4.0,0.00019166,8,593,0.05458,0.08435,0.03,0.0,100,0.375,1.0,,,-0.01,0.01157,0.00032,-0.00299,0.00384,0.47242
1060,1085440,58.85237,131.33333,0.83333,0.86,1.114426,-0.002553,0.149496,0.002764,0.377007,0.026472,0.527968,57.381622,9.23285,56.720833,10.571296,4.0,0.00019156,6,611,0.08066,0.11716,0.03,0.0,100,0.33333,0.0,,,-0.01,0.00878,0.00032,-0.00801,0.00125,0.40123
1061,1086464,70.66297,135.0,1.0,0.87,0.995921,-0.003339,0.052822,0.002311,0.316644,0.025181,0.623008,56.721252,6.608198,57.273701,7.291786,4.0,0.00019146,6,664,0.05123,0.07825,0.03,0.0,100,0.16667,1.0,,,-0.01,0.01177,0.00044,-0.00477,0.00312,0.55879
1062,1087488,69.06668,179.0,1.0,0.88,0.960454,-0.00326,0.036507,0.002499,0.326212,0.017613,0.725018,57.309086,6.729661,58.264393,6.973233,4.0,0.00019135,8,653,0.05039,0.08021,0.03,0.0,100,0.375,1.0,,,-0.01,0.0106,0.00032,-0.00871,0.0053,0.72032
1063,1088512,70.75037,131.33333,1.0,0.89,0.942915,-0.003697,0.024932,0.003836,0.270125,0.046596,0.813706,57.53606,6.274302,58.145092,6.921683,4.0,0.00019125,6,645,0.04421,0.07338,0.02,0.0,100,0.16667,0.0,,,-0.01,0.01327,0.00086,-0.00466,0.00497,0.56123
1064,1089536,58.83084,182.28571,0.85714,0.89,1.074963,-0.003136,0.118375,0.003157,0.21674,0.027937,0.436452,57.993294,5.688098,57.829975,8.671024,4.0,0.00019115,7,609,0.06891,0.10244,0.02,0.0,100,0.28571,1.0,,,-0.01,0.01193,6e-05,-0.00698,0.001,0.48701
1065,1090560,71.00029,136.0,1.0,0.9,1.079121,-0.003255,0.046668,0.003232,0.398595,0.032087,0.666767,58.600647,7.508361,59.736229,7.267724,4.0,0.00019105,8,602,0.07577,0.1101,0.01,0.0,100,0.25,1.0,,,-0.01,0.01213,0.00101,-0.00772,0.00495,0.65509
1066,1091584,71.56572,122.0,1.0,0.9,0.991567,-0.004745,0.01177,0.003664,0.368051,0.045794,0.835524,60.278328,4.669084,61.236614,5.271692,4.0,0.00019094,7,629,0.05492,0.09016,0.01,0.0,100,0.42857,0.66667,,,-0.01,0.01198,0.00038,-0.0066,0.00672,0.60368
1067,1092608,71.83087,120.71429,1.0,0.91,1.020736,-0.004558,0.009248,0.004219,0.353495,0.047852,0.883991,61.959511,5.464411,62.808613,5.615083,4.0,0.00019084,7,615,0.05038,0.07815,0.01,0.0,100,0.0,1.0,,,-0.01,0.01168,0.00071,-0.0032,0.00777,0.58155
1068,1093632,62.67037,161.125,0.875,0.91,0.974627,-0.003865,0.021241,0.003679,0.233306,0.041957,0.763234,62.950256,5.229985,63.137539,5.569056,4.0,0.00019074,8,617,0.06437,0.10588,0.02,0.0,100,0.125,0.0,,,-0.01,0.01111,0.00081,-0.00877,0.00224,0.59272
1069,1094656,71.51699,119.6,1.0,0.92,0.853962,-0.002892,0.011955,0.002747,0.331147,0.030727,0.77148,63.966209,4.41162,64.924034,4.219564,4.0,0.00019064,10,637,0.06294,0.10017,0.02,0.0,100,0.0,0.0,,,-0.01,0.01116,0.00165,-0.00393,0.01025,0.9448
1070,1095680,62.93789,101.125,0.875,0.93,0.972798,-0.002717,0.115193,0.003441,0.452506,0.038749,0.342129,64.944557,4.036438,63.690422,8.189581,4.0,0.00019053,8,616,0.04832,0.07471,0.01,0.0,100,0.125,1.0,,,-0.01,0.01062,0.00037,-0.01168,0.00581,0.60256
1071,1096704,59.60108,163.33333,0.83333,0.93,0.841912,-0.003269,0.019568,0.00212,0.244751,0.020682,0.783793,64.094254,4.819594,63.746418,5.239816,4.0,0.00019043,6,658,0.04032,0.06924,0.02,0.0,100,0.5,0.0,,,-0.01,0.01091,0.00024,-0.0035,0.00353,0.49475
1072,1097728,71.98827,119.3,1.0,0.93,0.925882,-0.002965,0.011191,0.001947,0.239433,0.016567,0.796093,64.158722,4.19522,64.658562,4.507771,4.0,0.00019033,10,619,0.05366,0.08185,0.02,0.0,100,0.1,1.0,,,-0.01,0.01201,0.00042,-0.00769,0.01005,0.84898
1073,1098752,70.56805,154.4,1.0,0.96,0.847468,-0.003635,0.033712,0.003926,0.252796,0.05256,0.704407,63.462818,6.686266,63.216957,6.577716,4.0,0.00019023,5,654,0.04773,0.07845,0.02,0.0,100,0.2,0.0,,,-0.01,0.01185,0.00047,-0.00229,0.00079,0.45492
1074,1099776,54.80309,117.55556,0.77778,0.94,0.880475,-0.001825,0.22312,0.002122,0.651188,0.018311,0.355252,62.503811,5.49385,59.932529,11.050519,4.0,0.00019012,9,644,0.04526,0.07772,0.02,0.0,100,0.33333,1.0,,,-0.01,0.01178,0.0008,-0.00331,0.00121,0.64179
1075,1100800,72.48629,108.0,1.0,0.94,0.865939,-0.002498,0.014205,0.002524,0.242993,0.023682,0.927439,61.302864,7.253668,61.699394,7.945612,4.0,0.00019002,7,642,0.03457,0.06163,0.02,0.0,100,0.0,0.0,,,-0.01,0.01102,0.00042,-0.00509,0.00964,0.66107
1076,1101824,64.98799,138.7,0.9,0.93,0.982609,-0.003202,0.010061,0.002636,0.24593,0.02417,0.876687,63.616238,5.048521,64.131531,5.592775,4.0,0.00018992,10,603,0.04425,0.07083,0.03,0.0,100,0.1,0.0,,,-0.01,0.0112,0.0004,-0.00478,0.01088,0.73445
1077,1102848,57.69499,137.3,0.8,0.92,1.075022,-0.001832,0.132333,0.00146,0.272939,0.011579,0.37101,65.054092,4.467922,64.457451,8.505531,4.0,0.00018982,10,568,0.05503,0.08709,0.04,0.0,100,0.2,1.0,,,-0.01,0.01441,7e-05,-0.00554,0.00942,0.60672
1078,1103872,55.82905,104.77778,0.77778,0.9,0.944608,-0.001683,0.200479,0.001624,0.519094,0.013707,0.531151,62.744148,7.071264,60.64156,12.354619,4.0,0.00018972,9,603,0.04354,0.07548,0.04,0.0,100,0.22222,0.0,,,-0.01,0.01338,0.00068,-0.00397,0.0023,0.57744
1079,1104896,72.89893,105.4,1.0,0.9,1.02544,-0.003352,0.030263,0.003404,0.375861,0.042097,0.277573,63.4748,4.681802,64.352112,4.358411,4.0,0.00018961,10,588,0.04584,0.07267,0.04,0.0,100,0.1,1.0,,,-0.01,0.01285,0.00108,-0.0013,0.00966,0.77143
1080,1105920,72.61689,109.75,1.0,0.91,1.097794,-0.005172,0.016002,0.004502,0.298888,0.052316,0.699743,64.251778,3.996538,64.816528,4.450977,4.0,0.00018951,8,595,0.03936,0.06409,0.03,0.0,100,0.0,0.0,,,-0.01,0.01131,0.00069,-0.00506,0.00857,0.60587
1081,1106944,72.10398,124.11111,1.0,0.91,1.003209,-0.003691,0.008914,0.003981,0.318815,0.049874,0.742178,65.176468,4.215194,65.860779,3.762141,4.0,0.00018941,9,601,0.03661,0.06197,0.03,0.0,100,0.11111,0.0,,,-0.01,0.01441,0.00077,-0.00137,0.00746,0.7115
1082,1107968,72.44404,114.625,1.0,0.92,0.974821,-0.002864,0.010228,0.002731,0.244967,0.023647,0.652852,65.242233,3.7816,65.847824,3.462922,4.0,0.00018931,8,601,0.04582,0.07415,0.03,0.0,100,0.125,0.0,,,-0.01,0.01338,0.00045,-0.00428,0.00602,0.64893
1083,1108992,72.51259,114.54545,1.0,0.93,1.009182,-0.004892,0.003765,0.002899,0.28476,0.027972,0.869549,66.113846,3.064494,66.636368,3.042181,4.0,0.0001892,11,587,0.05805,0.09109,0.02,0.0,100,0.0,1.0,,,-0.01,0.01239,0.0009,-0.00458,0.00909,0.85098
1084,1110016,62.84839,112.75,0.875,0.92,0.964947,-0.001005,0.132013,0.002294,0.262532,0.019706,0.161433,65.965729,2.818843,65.139801,7.48617,4.0,0.0001891,8,594,0.05782,0.09274,0.02,0.0,100,0.375,1.0,,,-0.01,0.0123,0.0016,-0.00266,0.00634,0.5442
1085,1111040,62.93299,113.625,0.875,0.92,1.006604,-0.002521,0.111191,0.003525,0.368224,0.042062,0.305476,66.378906,3.139306,65.346718,7.929549,4.0,0.000189,8,598,0.05617,0.08984,0.02,0.0,100,0.25,0.0,,,-0.01,0.01383,0.00077,-0.00226,0.00356,0.54894
1086,1112064,72.4871,114.6,1.0,0.94,0.981593,-0.002072,0.019823,0.002479,0.19225,0.020368,0.352316,65.723984,3.464642,65.992447,3.161301,4.0,0.0001889,10,615,0.05112,0.08271,0.01,0.0,100,0.1,1.0,,,-0.01,0.01114,0.00043,-0.0014,0.00897,0.82888
1087,1113088,62.2882,121.5,0.875,0.93,0.932785,-0.001921,0.143648,0.002735,0.432685,0.028355,0.364411,64.772575,5.735841,63.395741,8.89118,4.0,0.00018879,8,602,0.04849,0.08279,0.01,0.0,100,0.125,1.0,,,-0.01,0.01264,0.00107,-0.0052,0.00176,0.60839
1088,1114112,61.09525,117.28571,0.85714,0.93,0.981699,-0.002541,0.119466,0.002297,0.235793,0.025949,0.448138,63.906101,6.436607,63.280121,8.690557,4.0,0.00018869,7,602,0.04987,0.08328,0.0,0.0,100,0.28571,0.0,,,-0.01,0.01195,0.00093,-0.00388,0.00352,0.49537
1089,1115136,71.36786,136.14286,1.0,0.94,0.831889,-0.002636,0.029553,0.002834,0.21033,0.031913,0.373333,63.467182,4.391174,63.053135,4.351075,4.0,0.00018859,7,667,0.05163,0.09041,0.0,0.0,100,0.0,1.0,,,-0.01,0.011,0.00098,-0.00548,0.00294,0.70862
1090,1116160,69.88754,159.71429,1.0,0.96,0.880244,-0.003255,0.010046,0.001717,0.223545,0.015206,0.58494,62.449699,2.986495,62.762699,3.17056,4.0,0.00018849,7,650,0.03897,0.06335,0.0,0.0,100,0.0,0.0,,,-0.01,0.01152,0.00037,-0.00363,0.00612,0.63423
1091,1117184,56.58922,126.8,0.8,0.95,0.921165,-0.000847,0.11238,0.001051,0.397288,0.003244,0.278123,62.657368,3.379823,61.252598,7.515064,4.0,0.00018838,5,667,0.04639,0.07139,0.0,0.0,100,0.2,0.0,,,-0.01,0.00945,0.00025,-0.00428,0.00057,0.37459
1092,1118208,60.48785,188.57143,0.85714,0.94,0.943243,-0.003961,0.009367,0.003514,0.271558,0.041051,0.851259,61.985134,4.182459,62.242443,4.569452,4.0,0.00018828,7,656,0.04532,0.06891,0.01,0.0,100,0.0,1.0,,,-0.01,0.01025,0.00046,-0.00491,0.00698,0.55048
1093,1119232,70.07789,171.0,1.0,0.94,1.031543,-0.004985,0.011974,0.00382,0.272985,0.045236,0.734322,63.149158,3.76932,63.509563,3.939065,4.0,0.00018818,8,597,0.05802,0.09145,0.01,0.0,100,0.0,0.0,,,-0.01,0.01054,0.00066,-0.00214,0.0066,0.62732
1094,1120256,72.25554,116.57143,1.0,0.94,0.978281,-0.002299,0.022306,0.00329,0.257357,0.037528,0.607872,62.139824,4.290006,62.730198,4.553119,4.0,0.00018808,7,612,0.05336,0.08381,0.01,0.0,100,0.0,1.0,,,-0.01,0.01066,0.00058,-0.00133,0.00624,0.58618
1095,1121280,50.22473,124.57143,0.71429,0.92,0.911984,-0.001937,0.205878,0.003173,0.57526,0.038853,0.372055,62.499348,4.696562,60.605652,10.614704,4.0,0.00018797,7,640,0.05969,0.09675,0.01,0.0,100,0.28571,0.0,,,-0.01,0.01186,0.00104,-0.00502,0.00149,0.44677
1096,1122304,62.66344,141.0,0.88889,0.91,1.146604,-0.001279,0.114689,0.001709,0.256234,0.010219,0.397633,63.041142,4.813163,62.466167,8.441377,4.0,0.00018787,9,578,0.05469,0.07905,0.01,0.0,100,0.22222,1.0,,,-0.01,0.01058,0.00112,-0.00352,0.00672,0.58766
1097,1123328,63.97698,117.66667,0.88889,0.91,1.050647,-0.003208,0.155234,0.003073,0.319822,0.025809,0.419631,60.620911,7.287915,59.796658,9.660309,4.0,0.00018777,9,603,0.06472,0.10222,0.01,0.0,100,0.11111,0.0,,,-0.01,0.01295,0.00126,-0.00478,0.00526,0.63033
1098,1124352,62.27456,127.875,0.875,0.91,1.112884,-0.003498,0.159452,0.004168,0.331138,0.04691,0.385363,60.159252,5.458649,59.412819,9.373035,4.0,0.00018767,8,593,0.05375,0.08617,0.01,0.0,100,0.125,0.0,,,-0.01,0.01231,0.00109,-0.00412,0.00394,0.52044
1099,1125376,50.34684,115.71429,0.71429,0.89,1.1331,-0.002373,0.105704,0.002463,0.26833,0.018903,0.69117,59.385006,7.572098,58.977043,11.589732,4.0,0.00018756,7,595,0.04963,0.07702,0.01,0.0,100,0.42857,1.0,,,-0.01,0.01131,0.00042,-0.00439,0.00729,0.37314
1100,1126400,71.68526,133.5,1.0,0.89,1.125992,-0.003343,0.061022,0.003014,0.38571,0.029436,0.560101,59.609295,7.906999,60.504208,7.338687,4.0,0.00018746,8,589,0.05854,0.09042,0.01,0.0,100,0.0,1.0,,,-0.01,0.01198,0.00056,-0.0036,0.00589,0.60892
1101,1127424,63.5443,124.0,0.88889,0.9,1.011156,-0.001399,0.194919,0.002042,0.353598,0.015834,0.344695,59.566044,9.188445,58.994637,10.401219,4.0,0.00018736,9,621,0.05679,0.08382,0.01,0.0,100,0.33333,1.0,,,-0.01,0.01435,-0.00017,-0.00295,0.00327,0.67952
1102,1128448,71.35247,135.0,1.0,0.9,1.122784,-0.002948,0.030583,0.002163,0.315775,0.014614,0.634475,59.65374,4.805814,60.514942,5.600096,4.0,0.00018726,9,583,0.0623,0.09569,0.01,0.0,100,0.11111,1.0,,,-0.01,0.01079,0.00114,-0.00629,0.00513,0.69048
1103,1129472,70.74648,137.16667,1.0,0.9,1.026168,-0.002104,0.023045,0.002055,0.310645,0.014648,0.70797,59.073566,5.592531,59.917458,5.634351,4.0,0.00018716,6,632,0.05193,0.08401,0.01,0.0,100,0.0,1.0,,,-0.01,0.00999,0.00013,-0.00614,0.00459,0.50488
1104,1130496,53.42869,124.375,0.75,0.89,1.081579,-0.001879,0.221234,0.001658,0.390528,0.010498,0.220345,59.918404,4.368643,58.821499,9.991985,4.0,0.00018705,8,614,0.05179,0.08046,0.01,0.0,100,0.25,1.0,,,-0.01,0.01348,-0.00022,-0.00195,0.00327,0.48232
1105,1131520,60.15837,147.71429,0.85714,0.89,1.029415,-0.00148,0.115754,0.00272,0.226013,0.029053,0.295034,59.690311,4.25082,59.681984,7.751341,4.0,0.00018695,7,619,0.03827,0.06407,0.0,0.0,100,0.28571,1.0,,,-0.01,0.01378,0.00023,-0.00353,0.00311,0.49582
1106,1132544,71.81687,120.5,1.0,0.89,1.034982,-0.002967,0.030215,0.003414,0.314578,0.029855,0.735649,59.241978,6.035551,60.171864,6.413294,4.0,0.00018685,8,619,0.04729,0.07416,0.0,0.0,100,0.125,1.0,,,-0.01,0.01278,0.00051,-0.00525,0.0053,0.67996
1107,1133568,72.19802,118.71429,1.0,0.9,0.995502,-0.003002,0.038746,0.002448,0.21511,0.01859,0.806547,58.887276,7.106299,58.98658,8.288195,4.0,0.00018675,7,631,0.04558,0.07764,0.0,0.0,100,0.0,0.0,,,-0.01,0.01164,0.00055,-0.00565,0.00466,0.62334
1108,1134592,48.07775,145.0,0.7,0.88,1.040954,-0.002218,0.226651,0.001553,0.782088,0.010149,0.545233,59.255531,7.459449,56.478497,13.619472,4.0,0.00018664,10,607,0.03498,0.06143,0.0,0.0,100,0.5,1.0,,,-0.01,0.01256,0.00016,-0.0038,-0.0003,0.56748
1109,1135616,60.41144,133.85714,0.85714,0.88,0.976899,-0.001402,0.148142,0.003079,0.280128,0.038679,0.709991,56.559723,11.636286,55.98428,13.092651,4.0,0.00018654,7,644,0.04142,0.06701,0.0,0.0,100,0.28571,1.0,,,-0.01,0.01339,0.00041,-0.00367,0.00136,0.54463
1110,1136640,61.05508,152.28571,0.85714,0.88,1.170515,-0.001867,0.06013,0.002991,0.261553,0.032471,0.661355,59.6385,6.397243,60.363224,8.475803,4.0,0.00018644,7,597,0.03319,0.05405,0.0,0.0,100,0.14286,1.0,,,-0.01,0.01322,0.00019,-0.00507,0.00738,0.45157
1111,1137664,71.98456,131.57143,1.0,0.89,1.171943,-0.004461,0.014839,0.00415,0.370558,0.057129,0.760198,61.266029,4.659994,62.167881,4.899701,4.0,0.00018634,7,594,0.03936,0.06235,0.0,0.0,100,0.0,0.0,,,-0.01,0.0129,0.00047,-0.00514,0.00812,0.52279
1112,1138688,71.01688,142.33333,1.0,0.91,1.173153,-0.002483,0.023302,0.00444,0.290349,0.044085,0.581023,61.798138,5.478259,62.531555,4.840034,4.0,0.00018623,6,604,0.02892,0.048,0.0,0.0,100,0.0,1.0,,,-0.01,0.01065,0.00021,-0.0048,0.00616,0.45654
1113,1139712,70.84027,135.4,1.0,0.91,1.134643,-0.003281,0.009404,0.00289,0.322155,0.024937,0.829605,63.710598,4.579168,64.473038,4.433887,4.0,0.00018613,10,591,0.04263,0.06434,0.0,0.0,100,0.2,1.0,,,-0.01,0.01119,0.00042,-0.00533,0.00588,0.78057
1114,1140736,71.95705,127.5,1.0,0.92,1.088874,-0.003888,0.012478,0.005042,0.3061,0.056571,0.732097,64.084663,4.272061,64.670082,4.037491,4.0,0.00018603,8,598,0.03658,0.05956,0.0,0.0,100,0.0,1.0,,,-0.01,0.01298,0.00062,-0.00351,0.00553,0.62285
1115,1141760,72.01344,123.375,1.0,0.92,1.083091,-0.002008,0.017075,0.003124,0.25501,0.029402,0.691298,64.962425,3.908491,65.291008,4.286421,4.0,0.00018593,8,589,0.03697,0.05912,0.0,0.0,100,0.125,0.0,,,-0.01,0.01216,0.00052,-0.00319,0.00583,0.6227
1116,1142784,72.03061,123.57143,1.0,0.92,0.933825,-0.004194,0.008746,0.003586,0.213955,0.043143,0.864606,64.330513,4.378853,64.550362,4.696793,4.0,0.00018582,7,633,0.03048,0.04649,0.0,0.0,100,0.0,1.0,,,-0.01,0.01304,0.00023,-0.00782,0.00704,0.60137
1117,1143808,63.13275,138.66667,0.88889,0.93,0.947039,-0.000669,0.086221,0.003279,0.324835,0.032471,0.558064,64.420189,4.812699,63.628941,8.874535,4.0,0.00018572,9,617,0.03256,0.05535,0.0,0.0,100,0.11111,0.0,,,-0.01,0.01284,0.00052,-0.00907,0.00643,0.68333
1118,1144832,71.47754,114.25,1.0,0.94,1.059255,-0.003373,0.018272,0.003503,0.215819,0.036586,0.496363,66.566216,3.782761,66.614235,3.674896,4.0,0.00018562,8,581,0.03412,0.0594,0.0,0.0,100,0.0,0.0,,,-0.01,0.01156,0.00084,-0.00815,0.00575,0.63335
1119,1145856,71.98496,106.54545,1.0,0.94,1.095493,-0.002137,0.019802,0.003101,0.188386,0.021345,0.332561,65.826706,3.683529,66.067932,3.46771,4.0,0.00018552,11,565,0.03694,0.06122,0.0,0.0,100,0.36364,1.0,,,-0.01,0.01196,0.00044,-0.00902,0.00663,0.83419
1120,1146880,55.49745,109.0,0.77778,0.94,1.119261,-0.001174,0.182768,0.001917,0.576878,0.013602,0.369575,65.621445,3.960172,63.773952,10.313782,4.0,0.00018541,9,584,0.03321,0.05474,0.0,0.0,100,0.22222,1.0,,,-0.01,0.01279,0.00025,-0.00461,0.00203,0.5354
1121,1147904,60.13709,137.57143,0.85714,0.94,0.964787,-0.001569,0.147864,0.002332,0.393711,0.028495,0.252006,65.266541,4.218671,63.914726,7.996285,4.0,0.00018531,7,538,0.02451,0.04519,0.0,0.0,100,0.14286,1.0,,,-0.01,0.01154,0.00023,-0.00694,0.00222,0.51274
1122,1148928,59.02218,128.71429,0.85714,0.95,0.978642,-0.00247,0.163782,0.002501,0.358353,0.016532,0.268393,63.176323,6.379065,61.751812,8.846477,4.0,0.00018521,7,592,0.02981,0.05294,0.0,0.0,100,0.57143,1.0,,,-0.01,0.01202,0.00059,-0.0097,-0.00161,0.50744
1123,1149952,59.98572,131.28571,0.85714,0.94,1.113962,-0.002165,0.114085,0.004566,0.278595,0.049874,0.420611,63.815815,4.161144,63.046909,8.157688,4.0,0.00018511,7,606,0.03349,0.05748,0.0,0.0,100,0.42857,1.0,,,-0.01,0.013,0.00062,-0.00604,0.00638,0.47662
1124,1150976,71.68537,138.85714,1.0,0.94,1.091383,-0.00323,0.026407,0.004376,0.264686,0.04841,0.317011,62.125179,3.952385,62.460217,3.88505,4.0,0.000185,7,604,0.03293,0.05303,0.0,0.0,100,0.14286,0.0,,,-0.01,0.01245,0.00093,-0.00421,0.00533,0.54896
1125,1152000,71.69607,129.0,1.0,0.94,1.086379,-0.003686,0.012943,0.003026,0.325558,0.034807,0.66807,62.359917,3.558945,63.208549,3.899779,4.0,0.0001849,10,596,0.04339,0.06493,0.0,0.0,100,0.2,1.0,,,-0.01,0.01403,0.00058,-0.00177,0.00746,0.7999
1126,1153024,72.15428,129.42857,1.0,0.94,1.159078,-0.004421,0.010192,0.00353,0.309692,0.03111,0.762646,63.370289,3.853043,63.93166,3.95251,4.0,0.0001848,7,600,0.02514,0.04196,0.0,0.0,100,0.14286,0.0,,,-0.01,0.01424,0.00063,-0.00169,0.00392,0.53728
1127,1154048,62.85832,123.25,0.875,0.93,1.137971,-0.001528,0.121083,0.003801,0.326132,0.033622,0.388787,64.395592,4.43312,63.601624,8.30952,4.0,0.0001847,8,607,0.0306,0.04922,0.0,0.0,100,0.125,1.0,,,-0.01,0.01433,0.00072,-0.00129,0.00416,0.54757
1128,1155072,60.43185,158.85714,0.85714,0.92,1.099588,-0.001234,0.08188,0.001764,0.328056,0.007045,0.594398,64.034485,5.085409,62.970928,8.951025,4.0,0.0001846,7,619,0.03358,0.05472,0.0,0.0,100,0.28571,0.0,,,-0.01,0.01373,0.00057,-0.00382,0.00191,0.47096
1129,1156096,71.31984,127.75,1.0,0.92,1.078573,-0.001705,0.054127,0.003275,0.258921,0.041888,0.298449,63.233192,5.652246,63.494549,5.490721,4.0,0.00018449,8,624,0.03151,0.05202,0.0,0.0,100,0.0,0.0,,,-0.01,0.01239,0.00051,-0.00169,0.00239,0.65375
1130,1157120,71.03573,151.0,1.0,0.93,1.12948,-0.003278,0.012761,0.002049,0.245763,0.017718,0.659276,63.54303,4.036541,64.030151,3.89428,4.0,0.00018439,7,600,0.03273,0.05193,0.0,0.0,100,0.0,0.0,,,-0.01,0.01277,0.00077,-0.00334,0.00571,0.54256
1131,1158144,71.8264,149.5,1.0,0.93,1.156974,-0.002637,0.008991,0.00291,0.262834,0.021205,0.766569,63.326019,3.49938,63.723965,3.696665,4.0,0.00018429,6,576,0.03039,0.04543,0.0,0.0,100,0.0,0.0,,,-0.01,0.0134,0.00048,-0.00169,0.00718,0.44933
1132,1159168,71.73249,138.0,1.0,0.93,1.051542,-0.003255,0.014147,0.003572,0.296057,0.031843,0.6048,63.388691,3.679367,64.105614,3.556919,4.0,0.00018419,8,608,0.02863,0.04489,0.0,0.0,100,0.125,0.0,,,-0.01,0.0159,0.00084,0.00056,0.00349,0.64489
1133,1160192,64.36105,117.22222,0.88889,0.93,1.028034,-0.001058,0.059383,0.002473,0.182369,0.021973,0.388801,63.678326,3.116322,64.157394,5.651053,4.0,0.00018408,9,597,0.02451,0.04519,0.0,0.0,100,0.11111,0.0,,,-0.01,0.01521,0.00048,-0.00284,0.00602,0.63387
1134,1161216,72.357,114.625,1.0,0.95,0.930567,-0.002868,0.019752,0.002899,0.260759,0.029471,0.37952,63.766838,3.42551,64.366425,3.331046,4.0,0.00018398,8,639,0.03491,0.05866,0.0,0.0,100,0.375,0.0,,,-0.01,0.01756,0.00093,-0.00238,0.00153,0.71034
1135,1162240,72.27635,120.375,1.0,0.96,0.89286,-0.002655,0.007588,0.002664,0.222786,0.020229,0.738907,64.745667,2.766634,65.201622,3.058884,4.0,0.00018388,8,635,0.02437,0.04515,0.0,0.0,100,0.375,0.0,,,-0.01,0.01451,0.00088,-0.00148,0.00932,0.71631
1136,1163264,71.6961,141.0,1.0,0.97,0.913582,-0.002365,0.005584,0.001797,0.226359,0.014509,0.789974,65.106606,2.685793,65.524086,2.983602,4.0,0.00018378,9,628,0.0276,0.04901,0.0,0.0,100,0.0,0.0,,,-0.01,0.0129,0.00109,-0.0042,0.00883,0.78806
1137,1164288,72.16273,122.5,1.0,0.97,1.003995,-0.005062,0.005403,0.004427,0.272807,0.055315,0.721156,65.81234,2.614836,65.806023,2.575317,4.0,0.00018367,6,634,0.02231,0.03762,0.0,0.0,100,0.16667,0.0,,,-0.01,0.01053,0.00053,-0.00245,0.00397,0.49863
1138,1165312,72.35435,120.66667,1.0,0.97,0.995393,-0.002929,0.00659,0.002985,0.180488,0.03554,0.560649,65.971794,2.273655,65.953651,2.2818,4.0,0.00018357,6,644,0.02194,0.03486,0.0,0.0,100,0.0,0.0,,,-0.01,0.01157,0.00022,-0.00151,0.0056,0.50984
1139,1166336,70.51133,162.0,1.0,0.97,1.022382,-0.003458,0.005377,0.003481,0.306071,0.04269,0.686396,65.823151,1.944115,66.153427,2.337825,4.0,0.00018347,10,591,0.03255,0.0521,0.0,0.0,100,0.3,0.0,,,-0.01,0.01336,0.00112,-0.0044,0.00801,0.7667
1140,1167360,73.00858,97.2,1.0,0.98,1.033414,-0.004037,0.005334,0.002835,0.329803,0.020299,0.738004,66.101494,1.986283,66.597176,2.566888,4.0,0.00018337,10,580,0.03023,0.04819,0.0,0.0,100,0.3,0.0,,,-0.01,0.0167,0.0006,-0.00646,0.01027,0.75594
1141,1168384,72.82011,109.75,1.0,0.99,0.940494,-0.002352,0.012472,0.002633,0.203532,0.021798,0.467109,66.384445,3.039733,66.485573,2.881295,4.0,0.00018326,8,628,0.02199,0.04085,0.0,0.0,100,0.25,0.0,,,-0.01,0.01648,0.00058,-0.00334,0.00504,0.66438
1142,1169408,64.78523,113.4,0.9,0.98,0.91899,-0.000784,0.089014,0.002279,0.413952,0.018555,0.493986,65.891922,3.582172,64.681236,8.512688,4.0,0.00018316,10,619,0.03376,0.05748,0.0,0.0,100,0.3,0.0,,,-0.01,0.01446,0.00101,-0.00439,0.00276,0.77797
1143,1170432,73.15515,108.0,1.0,0.98,0.959787,-0.002825,0.008124,0.002311,0.213372,0.018206,0.784083,66.60157,3.006803,66.548439,3.138432,4.0,0.00018306,5,574,0.0199,0.03167,0.0,0.0,100,0.2,1.0,,,-0.01,0.01427,0.00051,-0.00145,0.00743,0.41668
1144,1171456,46.33211,206.0,0.66667,0.96,1.020703,-0.001416,0.045932,0.00292,0.396438,0.023856,0.702816,66.945358,5.348946,65.749222,8.155434,4.0,0.00018296,6,462,0.02528,0.03936,0.01,0.0,100,0.33333,0.0,,,-0.01,0.01028,0.00063,-0.00138,0.00425,0.32797
1145,1172480,71.881,136.0,1.0,0.96,1.031003,-0.003372,0.009927,0.003453,0.241404,0.039725,0.316414,67.284744,2.622798,67.131737,2.248909,4.0,0.00018285,5,550,0.01559,0.02709,0.01,0.0,100,0.0,0.0,,,-0.01,0.01407,0.00016,-0.00257,0.00811,0.39067
1146,1173504,59.37468,171.2,0.8,0.96,1.101834,-0.00272,0.007294,0.003318,0.302354,0.028564,0.483413,67.346558,1.823746,66.758232,2.138138,4.0,0.00018275,5,644,0.02015,0.03208,0.02,0.0,100,0.0,1.0,,,-0.01,0.01173,0.00039,0.00036,0.00476,0.32503
1147,1174528,60.67628,190.33333,0.83333,0.95,1.099068,-0.003381,0.006486,0.002874,0.305229,0.027483,0.3755,66.933647,1.624002,66.445183,1.859814,4.0,0.00018265,6,643,0.0295,0.04353,0.03,0.0,100,0.16667,0.0,,,-0.01,0.01289,0.00015,-0.00194,0.00601,0.39078
1148,1175552,56.64067,179.9,0.8,0.93,0.929431,-0.002626,0.125687,0.003858,0.499152,0.050363,0.719269,64.00386,9.948083,62.492805,12.18805,4.0,0.00018255,10,619,0.05875,0.08475,0.04,0.0,100,0.2,0.0,,,-0.01,0.01594,0.00137,-0.00366,0.00268,0.661
1149,1176576,73.37609,100.0,1.0,0.93,0.831245,-0.001716,0.032591,0.001837,0.226651,0.019636,0.673949,63.654671,6.273147,63.592495,6.253942,4.0,0.00018244,7,638,0.04095,0.0638,0.04,0.0,100,0.14286,0.0,,,-0.01,0.0171,0.00099,-0.00064,0.00337,0.64557
1150,1177600,73.24775,100.33333,1.0,0.93,0.874084,-0.002821,0.010295,0.001943,0.202243,0.016671,0.922264,64.117935,6.493931,64.03389,6.924691,4.0,0.00018234,6,639,0.03619,0.05543,0.04,0.0,100,0.16667,0.0,,,-0.01,0.01374,0.00121,-0.0016,0.00831,0.53422
1151,1178624,71.17119,142.625,1.0,0.93,0.970915,-0.002582,0.015353,0.002589,0.193197,0.026542,0.304611,65.623886,2.965559,65.687775,2.866751,4.0,0.00018224,8,638,0.04091,0.06373,0.04,0.0,100,0.375,0.0,,,-0.01,0.01292,0.00035,0.0006,0.00348,0.66872
1152,1179648,62.38693,178.0,0.85714,0.92,0.92556,-0.003723,0.009852,0.003997,0.270024,0.051583,0.561575,64.994316,2.500453,64.830772,2.809534,4.0,0.00018214,7,644,0.03747,0.05691,0.05,0.0,100,0.14286,0.0,,,-0.01,0.0152,0.00013,0.0003,0.00447,0.52199
1153,1180672,64.4995,140.875,0.875,0.91,0.886606,-0.003677,0.005387,0.002235,0.266842,0.023089,0.790439,64.981598,2.294744,65.461464,3.072329,4.0,0.00018204,8,623,0.0379,0.05602,0.06,0.0,100,0.0,0.0,,,-0.01,0.01707,0.00045,-0.00281,0.01067,0.58787
1154,1181696,71.84957,137.33333,1.0,0.91,0.917971,-0.003052,0.006366,0.00227,0.285476,0.01988,0.744405,65.446686,2.662388,66.076927,2.810771,4.0,0.00018193,9,611,0.05908,0.07812,0.06,0.0,100,0.11111,0.0,,,-0.01,0.01555,0.00068,-0.00096,0.00965,0.73228
1155,1182720,65.4653,101.8,0.9,0.9,0.971652,-0.001826,0.122334,0.002154,0.334059,0.014718,0.328693,65.963867,3.159957,65.108139,8.004841,4.0,0.00018183,10,583,0.04967,0.07156,0.06,0.0,100,0.3,0.0,,,-0.01,0.01508,0.00078,-0.00321,0.00653,0.68175
1156,1183744,73.35496,104.63636,1.0,0.91,0.904373,-0.003607,0.012671,0.002672,0.309697,0.028913,0.684406,65.685417,3.168252,66.482582,3.113665,4.0,0.00018173,11,575,0.05733,0.07696,0.06,0.0,100,0.18182,1.0,,,-0.01,0.01851,0.00071,-0.00393,0.00802,0.86263
1157,1184768,59.51987,93.81818,0.81818,0.91,0.891741,-0.00225,0.252966,0.002586,0.734004,0.021763,0.395075,65.03009,6.041595,62.809166,11.735005,4.0,0.00018163,11,574,0.0406,0.06783,0.05,0.0,100,0.36364,0.0,,,-0.01,0.01524,0.00072,-0.00599,0.00437,0.72763
1158,1185792,62.62906,113.5,0.875,0.91,0.960457,-0.001458,0.139342,0.002057,0.265222,0.018415,0.283871,64.556442,5.179528,64.021439,8.487181,4.0,0.00018152,8,595,0.03741,0.05573,0.04,0.0,100,0.375,0.0,,,-0.01,0.01715,0.00095,-0.00535,0.00921,0.54969
1159,1186816,73.23212,102.81818,1.0,0.94,0.974088,-0.002367,0.040364,0.00295,0.257821,0.03268,0.393153,65.127968,5.14287,65.164536,4.969717,4.0,0.00018142,11,601,0.03441,0.05146,0.02,0.0,100,0.0,0.0,,,-0.01,0.01304,0.00041,-0.01051,0.00783,0.85129
1160,1187840,72.30842,105.88889,1.0,0.94,0.999198,-0.0026,0.044416,0.002524,0.202727,0.025949,0.60371,64.626717,5.464084,64.791229,6.153314,4.0,0.00018132,9,589,0.03735,0.05777,0.02,0.0,100,0.11111,0.0,,,-0.01,0.01682,0.00085,-0.0056,0.00807,0.69022
1161,1188864,71.97252,129.16667,1.0,0.94,0.926786,-0.002036,0.040875,0.003105,0.271162,0.036412,0.479135,63.448112,6.2644,63.854759,5.479363,4.0,0.00018122,6,631,0.0318,0.04897,0.02,0.0,100,0.0,0.0,,,-0.01,0.01663,0.00083,-0.00259,0.00742,0.50243
1162,1189888,64.70084,129.5,0.9,0.93,0.959003,-0.001026,0.097303,0.001998,0.21251,0.013567,0.448584,64.143661,3.947802,63.741402,7.899602,4.0,0.00018111,10,613,0.04104,0.06343,0.02,0.0,100,0.2,0.0,,,-0.01,0.01516,0.00149,-0.00035,0.00355,0.7556
1163,1190912,72.89788,125.0,1.0,0.94,0.981556,-0.003788,0.013141,0.004068,0.24542,0.0512,0.58825,64.983948,3.058884,65.172661,3.090737,4.0,0.00018101,7,613,0.0312,0.04622,0.01,0.0,100,0.14286,0.0,,,-0.01,0.01499,0.00071,0.00112,0.00709,0.57617
1164,1191936,72.11805,143.75,1.0,0.95,0.99483,-0.002637,0.023706,0.002745,0.167195,0.023821,0.419717,64.721291,3.448507,64.693062,3.780394,4.0,0.00018091,8,603,0.04052,0.05933,0.0,0.0,100,0.25,0.0,,,-0.01,0.01668,0.00099,-0.00027,0.00378,0.6358
1165,1192960,72.00583,123.71429,1.0,0.95,0.991054,-0.002779,0.011968,0.00268,0.219382,0.028181,0.542828,64.980545,3.353901,65.458649,3.168595,4.0,0.00018081,7,618,0.038,0.05641,0.0,0.0,100,0.42857,0.0,,,-0.01,0.01556,0.00055,0.00021,0.00494,0.57948
1166,1193984,72.05876,135.77778,1.0,0.95,1.04097,-0.003873,0.006161,0.004233,0.314042,0.048375,0.744185,65.475273,2.878731,65.83165,2.908708,4.0,0.0001807,9,598,0.04681,0.06356,0.0,0.0,100,0.22222,0.5,,,-0.01,0.01477,0.00091,-0.00119,0.00459,0.69215
1167,1195008,73.68289,102.09091,1.0,0.96,1.011741,-0.004533,0.004467,0.003308,0.347564,0.035052,0.856481,65.1791,2.549329,66.029961,3.001396,4.0,0.0001806,11,574,0.04211,0.06496,0.0,0.0,100,0.09091,1.0,,,-0.01,0.01986,0.00086,-0.00217,0.00785,0.83365
1168,1196032,72.73796,112.125,1.0,0.96,0.920996,-0.003798,0.004602,0.003579,0.292534,0.043945,0.787023,66.659721,2.888533,67.07692,2.684939,4.0,0.0001805,8,597,0.03557,0.05402,0.0,0.0,100,0.125,0.0,,,-0.01,0.01723,0.00095,-0.00239,0.00466,0.66092
1169,1197056,72.98013,116.3,1.0,0.99,0.974795,-0.004113,0.003521,0.003286,0.282845,0.03118,0.82255,67.07515,2.620001,67.49305,2.570755,4.0,0.0001804,10,595,0.04881,0.06939,0.0,0.0,100,0.3,1.0,,,-0.01,0.01782,0.00103,-0.00298,0.0101,0.7807
1170,1198080,73.29908,103.11111,1.0,0.99,0.967425,-0.004816,0.003589,0.003114,0.287782,0.031808,0.797768,67.125778,2.274909,67.51091,2.339278,4.0,0.00018029,9,589,0.04802,0.07082,0.0,0.0,100,0.44444,0.0,,,-0.01,0.01917,0.00089,-0.00495,0.00658,0.68464
1171,1199104,64.37381,104.33333,0.88889,0.98,0.951922,-0.000456,0.063796,0.00406,0.134606,0.052002,0.28758,67.570976,2.248251,67.35231,5.532894,4.0,0.00018019,9,607,0.05962,0.0807,0.0,0.0,100,0.33333,0.0,,,-0.01,0.01803,0.00104,-0.00457,0.00691,0.63541
1172,1200128,72.78349,118.2,1.0,0.98,0.903869,-0.003085,0.006117,0.00293,0.214,0.026855,0.678783,67.41449,2.299319,67.750793,2.337833,4.0,0.00018009,10,618,0.05173,0.072,0.0,0.0,100,0.0,0.0,,,-0.01,0.01852,0.00089,-0.00249,0.00967,0.81112
1173,1201152,73.8399,96.11111,1.0,0.99,0.899143,-0.002689,0.023494,0.00153,0.182985,0.013532,0.585282,67.0942,4.246987,67.132301,4.443042,4.0,0.00017999,9,586,0.04694,0.07142,0.0,0.0,100,0.22222,0.0,,,-0.01,0.01854,0.00089,-0.00212,0.00582,0.70463
1174,1202176,73.5409,100.0,1.0,0.99,0.840402,-0.00247,0.01167,0.004026,0.184319,0.048968,0.673309,66.812965,3.536404,67.073486,3.58882,4.0,0.00017988,10,563,0.049,0.06972,0.0,0.0,100,0.1,1.0,,,-0.01,0.01685,0.00089,-0.0027,0.01197,0.88596
1175,1203200,73.71917,101.5,1.0,0.99,0.844747,-0.003384,0.004643,0.002487,0.177389,0.030727,0.888623,66.922157,3.509072,66.934784,3.906622,4.0,0.00017978,8,611,0.05547,0.0751,0.0,0.0,100,0.125,0.0,,,-0.01,0.0173,0.00114,-0.00292,0.00713,0.68833
1176,1204224,63.03163,160.375,0.875,0.98,0.930085,-0.003537,0.003079,0.002035,0.202183,0.012974,0.940423,67.335091,4.089003,67.382828,4.340854,4.0,0.00017968,8,606,0.04625,0.06768,0.01,0.0,100,0.375,1.0,,,-0.01,0.01621,0.00078,-0.00189,0.00925,0.56401
1177,1205248,60.2055,94.63636,0.81818,0.96,0.948432,-0.000804,0.208759,0.002563,0.735822,0.021973,0.336148,68.035881,3.818095,65.746536,10.856063,4.0,0.00017958,11,605,0.04114,0.061,0.01,0.0,100,0.18182,0.0,,,-0.01,0.0176,0.00038,-0.00235,0.00479,0.70701
1178,1206272,65.35675,104.09091,0.90909,0.95,0.90724,-0.002766,0.17867,0.001712,0.377661,0.006313,0.321365,65.9226,6.736743,65.006752,9.349619,4.0,0.00017948,11,593,0.04125,0.06513,0.01,0.0,100,0.45455,1.0,,,-0.01,0.01791,0.0009,-0.00678,0.00379,0.77783
1179,1207296,73.88793,94.5,1.0,0.95,0.97797,-0.001989,0.025184,0.002875,0.306919,0.028704,0.216852,65.78508,4.167461,66.406433,3.743274,4.0,0.00017937,10,591,0.05224,0.07625,0.01,0.0,100,0.1,1.0,,,-0.01,0.01962,0.00121,-0.00258,0.01035,0.75916
1180,1208320,73.42368,105.25,1.0,0.95,0.911504,-0.003296,0.005998,0.002332,0.236838,0.022182,0.624873,66.554459,2.246185,66.993088,2.336785,4.0,0.00017927,8,592,0.0448,0.05942,0.01,0.0,100,0.125,1.0,,,-0.01,0.01885,0.00041,-0.00213,0.00964,0.63291
1181,1209344,73.62992,96.66667,1.0,0.96,0.996121,-0.005078,0.005093,0.003123,0.260334,0.036761,0.670522,67.22628,2.178079,67.378494,2.264795,4.0,0.00017917,9,597,0.05562,0.07458,0.01,0.0,100,0.55556,1.0,,,-0.01,0.0146,0.00034,-0.00294,0.00709,0.70653
1182,1210368,72.67283,121.41667,1.0,0.96,0.967739,-0.002386,0.005324,0.00326,0.274772,0.030134,0.669396,66.862724,2.06366,67.290779,2.294632,4.0,0.00017907,12,584,0.0351,0.05958,0.01,0.0,100,0.16667,0.0,,,-0.01,0.01707,0.00071,0.00062,0.00847,0.92267
1183,1211392,72.47456,117.77778,1.0,0.96,0.982773,-0.004552,0.004134,0.003726,0.257748,0.040423,0.74215,67.236801,2.067877,67.306709,2.273643,4.0,0.00017896,9,596,0.02854,0.04536,0.01,0.0,100,0.22222,0.0,,,-0.01,0.01654,0.0005,-0.0059,0.00342,0.69478
1184,1212416,61.67014,100.42857,0.85714,0.95,0.900847,-0.001559,0.128609,0.003153,0.319428,0.035226,0.303564,67.042137,2.906862,66.14048,7.881487,4.0,0.00017886,7,612,0.03477,0.05662,0.01,0.0,100,0.14286,0.0,,,-0.01,0.0165,0.00071,-0.0069,0.00728,0.47973
1185,1213440,72.73318,99.21429,1.0,0.95,0.991015,-0.002647,0.013893,0.002875,0.258317,0.029785,0.371759,66.928299,2.707664,67.445717,2.717027,4.0,0.00017876,14,592,0.05346,0.07989,0.01,0.0,100,0.14286,0.0,,,-0.01,0.0155,0.0009,-0.00436,0.00764,1.07307
1186,1214464,73.94073,98.22222,1.0,0.96,0.967111,-0.002656,0.006894,0.002705,0.245938,0.021275,0.694807,67.10466,2.183225,67.499969,2.648807,4.0,0.00017866,9,581,0.0415,0.06336,0.0,0.0,100,0.0,1.0,,,-0.01,0.01893,0.00114,-0.00082,0.00936,0.67588
1187,1215488,65.03093,97.77778,0.88889,0.96,0.864089,-0.002143,0.148195,0.003884,0.373422,0.052176,0.300455,67.060493,3.763947,65.923264,8.198948,4.0,0.00017855,9,597,0.03966,0.06369,0.0,0.0,100,0.44444,0.0,,,-0.01,0.02052,0.0006,-0.00039,0.00208,0.67549
1188,1216512,64.29664,118.77778,0.88889,0.96,0.885367,-0.001597,0.118126,0.002566,0.302218,0.028774,0.404829,66.557655,3.84073,65.777283,8.296922,4.0,0.00017845,9,585,0.05274,0.07549,0.0,0.0,100,0.22222,0.0,,,-0.01,0.01837,0.00078,-0.00082,0.00754,0.65585
1189,1217536,73.74653,109.4,1.0,0.97,1.037203,-0.001717,0.029643,0.003496,0.175243,0.03826,-0.090186,66.896614,4.038181,66.984924,3.241057,4.0,0.00017835,10,594,0.05464,0.08282,0.0,0.0,100,0.1,0.0,,,-0.01,0.01567,0.00114,-0.00057,0.00735,0.77751
1190,1218560,64.06583,115.22222,0.88889,0.96,0.905766,-0.001993,0.130888,0.002359,0.440875,0.017543,0.483663,66.158699,5.049554,64.820305,8.997882,4.0,0.00017825,9,633,0.04189,0.06541,0.0,0.0,100,0.33333,0.0,,,-0.01,0.01494,0.00083,-0.00371,0.00581,0.68442
1191,1219584,72.8951,115.6,1.0,0.96,0.985982,-0.002591,0.019908,0.003537,0.239257,0.037842,0.459811,65.359291,3.506546,65.263466,3.355692,4.0,0.00017814,5,624,0.05434,0.07472,0.0,0.0,100,0.2,0.0,,,-0.01,0.01494,0.0013,-0.00368,0.00524,0.41487
1192,1220608,62.35792,178.375,0.875,0.95,0.894634,-0.002715,0.02,0.002632,0.19257,0.022705,0.478479,64.648949,3.742163,64.658546,3.760581,4.0,0.00017804,8,642,0.05401,0.08229,0.01,0.0,100,0.625,0.0,,,-0.01,0.0159,0.00078,-0.00052,0.00473,0.62835
1193,1221632,72.72585,112.11111,1.0,0.95,0.913482,-0.002085,0.025945,0.002641,0.249571,0.026437,0.150184,64.683983,3.796706,65.252281,3.539874,4.0,0.00017794,9,593,0.04766,0.07732,0.01,0.0,100,0.22222,0.0,,,-0.01,0.01721,0.00091,-0.00192,0.00522,0.75234
1194,1222656,73.59493,105.625,1.0,0.95,0.915809,-0.003366,0.011091,0.003438,0.256224,0.036098,0.649229,65.307938,2.912847,65.570412,3.291809,4.0,0.00017784,8,620,0.04062,0.06267,0.01,0.0,100,0.25,0.0,,,-0.01,0.01698,0.00087,-0.00117,0.00584,0.66731
1195,1223680,72.814,112.4,1.0,0.96,0.935936,-0.003644,0.005923,0.002405,0.285388,0.024205,0.786973,65.374603,2.592597,65.946991,3.071039,4.0,0.00017773,10,612,0.0474,0.07486,0.01,0.0,100,0.4,0.0,,,-0.01,0.01518,0.0008,-0.00138,0.01032,0.81983
1196,1224704,72.84023,117.3,1.0,0.96,1.047802,-0.004945,0.003658,0.003274,0.311629,0.032052,0.872743,66.286194,2.822844,66.917038,2.964202,4.0,0.00017763,10,590,0.04487,0.06366,0.01,0.0,100,0.1,0.0,,,-0.01,0.01622,0.00094,-0.00398,0.00906,0.72896
1197,1225728,72.31502,124.25,1.0,0.96,0.931807,-0.002793,0.007216,0.002542,0.235357,0.025774,0.739243,67.029541,3.123765,66.978737,3.024291,4.0,0.00017753,8,598,0.04027,0.06546,0.01,0.0,100,0.25,0.0,,,-0.01,0.01355,0.00107,-0.00314,0.00551,0.64022
1198,1226752,72.84874,111.75,1.0,0.96,0.816526,-0.002246,0.005059,0.002211,0.20488,0.017613,0.79697,66.861298,2.747515,67.152588,2.879478,4.0,0.00017743,8,624,0.04298,0.06739,0.01,0.0,100,0.25,0.0,,,-0.01,0.01799,0.00087,0.00029,0.00701,0.69001
1199,1227776,72.60983,132.0,1.0,0.98,0.925838,-0.004396,0.003944,0.003526,0.248098,0.044713,0.843198,66.640945,2.545757,66.808464,2.88304,4.0,0.00017732,9,603,0.04986,0.07502,0.01,0.0,100,0.22222,0.0,,,-0.01,0.01637,0.00147,-0.00011,0.00788,0.71249
1200,1228800,73.05026,118.71429,1.0,0.98,0.938542,-0.003764,0.004989,0.00284,0.23203,0.026821,0.577437,67.9095,2.210408,67.934944,1.998292,4.0,0.00017722,7,615,0.0403,0.06447,0.01,0.0,100,0.0,0.0,,,-0.01,0.01696,0.00116,0.00073,0.00638,0.56426
1201,1229824,63.37974,128.5,0.875,0.97,0.964421,-0.001124,0.121958,0.00462,0.467313,0.060826,0.350762,67.623619,3.252996,66.05349,8.022126,4.0,0.00017712,8,624,0.04733,0.07239,0.01,0.0,100,0.125,0.0,,,-0.01,0.01672,0.00154,-0.00457,0.00324,0.57183
1202,1230848,72.25884,133.33333,1.0,0.97,0.924961,-0.00454,0.007601,0.003558,0.253598,0.043039,0.692593,67.016731,2.41802,66.823204,2.585219,4.0,0.00017702,6,628,0.04003,0.06062,0.01,0.0,100,0.0,0.0,,,-0.01,0.01483,0.00091,-0.00609,0.00682,0.49088
1203,1231872,61.76446,125.625,0.875,0.97,1.003057,-0.00244,0.118596,0.002856,0.514542,0.031913,0.456781,66.712875,4.150496,65.197319,8.574652,4.0,0.00017692,8,614,0.04065,0.06081,0.01,0.0,100,0.25,0.0,,,-0.01,0.01604,0.0007,-0.00278,0.00491,0.55006
1204,1232896,72.22328,142.11111,1.0,0.98,0.978378,-0.002431,0.023649,0.001943,0.249386,0.013567,0.146928,66.696533,3.557798,66.920341,2.945051,4.0,0.00017681,9,600,0.04088,0.06271,0.0,0.0,100,0.33333,1.0,,,-0.01,0.01909,0.00096,-0.00065,0.00699,0.68934
1205,1233920,73.36506,120.57143,1.0,0.98,0.990214,-0.002244,0.047647,0.003042,0.237739,0.030901,0.280829,65.855095,5.048384,65.529671,4.905606,4.0,0.00017671,7,597,0.0404,0.06496,0.0,0.0,100,0.14286,0.0,,,-0.01,0.01636,0.0004,-0.00235,0.00806,0.56523
1206,1234944,72.5838,129.75,1.0,0.98,0.945272,-0.002115,0.020912,0.002366,0.22957,0.019322,0.582875,65.093178,4.115625,64.917099,4.14729,4.0,0.00017661,8,621,0.03732,0.06089,0.0,0.0,100,0.375,0.0,,,-0.01,0.01443,0.00108,-0.00397,0.0077,0.65153
1207,1235968,72.28804,121.36364,1.0,0.98,0.9423,-0.003103,0.011458,0.002332,0.278363,0.019531,0.343778,65.483803,2.1834,66.061348,2.491213,4.0,0.00017651,11,596,0.03474,0.0557,0.0,0.0,100,0.36364,0.0,,,-0.01,0.01782,0.00057,-0.00295,0.00798,0.85969
1208,1236992,73.1224,103.66667,1.0,0.98,0.959612,-0.00348,0.005643,0.002066,0.279075,0.018485,0.720555,66.063965,2.200599,66.515434,2.548491,4.0,0.0001764,9,597,0.05015,0.07797,0.0,0.0,100,0.22222,1.0,,,-0.01,0.01795,0.00091,-0.00112,0.00712,0.69294
1209,1238016,73.10848,106.44444,1.0,0.98,0.947153,-0.003359,0.006159,0.002338,0.215561,0.026855,0.68124,66.296562,2.300256,66.59948,2.499058,4.0,0.0001763,9,606,0.04836,0.07769,0.0,0.0,100,0.77778,0.0,,,-0.01,0.01701,0.00096,0.00052,0.00297,0.72964
1210,1239040,73.10437,106.72727,1.0,0.98,0.867932,-0.002533,0.007482,0.002753,0.302028,0.03254,0.661874,65.957596,2.334618,66.498993,2.696228,4.0,0.0001762,11,609,0.04304,0.07005,0.0,0.0,100,0.45455,0.0,,,-0.01,0.01796,0.00072,-0.00267,0.00306,0.90538
1211,1240064,72.61559,110.1,1.0,0.98,0.911401,-0.003795,0.003888,0.002425,0.299842,0.019775,0.793548,67.126022,2.323611,67.715294,2.368982,4.0,0.0001761,10,575,0.0425,0.06625,0.0,0.0,100,0.3,0.0,,,-0.01,0.0191,0.00078,-0.00184,0.01088,0.78455
1212,1241088,73.60072,111.25,1.0,0.99,0.963257,-0.00338,0.004307,0.002837,0.264845,0.023507,0.722407,67.840385,2.385084,68.007118,2.267097,4.0,0.00017599,8,587,0.02952,0.0468,0.0,0.0,100,0.0,0.0,,,-0.01,0.01685,8e-05,-0.00337,0.00923,0.59267
1213,1242112,73.41585,105.44444,1.0,0.99,0.855828,-0.004312,0.00344,0.002435,0.238112,0.023926,0.792606,67.895615,2.129118,68.138565,2.29375,4.0,0.00017589,9,602,0.03582,0.06188,0.0,0.0,100,0.11111,0.0,,,-0.01,0.0176,0.00076,-0.00254,0.01018,0.72414
1214,1243136,73.4732,106.1,1.0,1.0,0.809478,-0.003397,0.003159,0.00302,0.237811,0.0369,0.823546,67.846642,2.12938,67.958412,2.414484,4.0,0.00017579,10,621,0.03974,0.06672,0.0,0.0,100,0.1,0.0,,,-0.01,0.0176,0.00067,-0.00179,0.00603,0.83285
1215,1244160,72.67766,106.16667,1.0,1.0,0.735578,-0.002522,0.003165,0.002076,0.285679,0.021938,0.819186,68.109543,2.301572,67.91552,2.435887,4.0,0.00017569,6,650,0.03373,0.05555,0.0,0.0,100,0.33333,0.0,,,-0.01,0.01938,0.00081,0.0003,0.00464,0.55328
1216,1245184,64.37229,154.75,0.875,0.99,0.696006,-0.002247,0.003909,0.001731,0.202487,0.013811,0.746618,68.019234,1.973373,67.740837,2.202855,4.0,0.00017558,8,665,0.0371,0.06624,0.01,0.0,100,0.5,1.0,,,-0.01,0.01884,0.00055,-0.00209,0.00534,0.68196
1217,1246208,55.98349,96.33333,0.77778,0.97,0.818999,-0.001019,0.218229,0.001192,0.716449,0.006836,0.257169,67.744583,2.763664,65.434235,10.065445,4.0,0.00017548,9,639,0.03479,0.05992,0.01,0.0,100,0.44444,0.0,,,-0.01,0.01717,0.00045,-0.00383,0.00344,0.61501
1218,1247232,63.19507,152.85714,0.85714,0.96,0.911681,-0.004134,0.007383,0.003128,0.379179,0.031948,0.748415,67.665871,2.26925,67.617775,2.463442,4.0,0.00017538,7,625,0.02377,0.04124,0.02,0.0,100,0.14286,0.0,,,-0.01,0.01709,0.00053,-0.0074,0.01241,0.4887
1219,1248256,70.52624,166.33333,1.0,0.96,0.932414,-0.002615,0.02475,0.00191,0.251188,0.012905,0.262775,67.388222,4.483405,66.838974,3.624976,4.0,0.00017528,9,637,0.02953,0.05027,0.02,0.0,100,0.22222,0.0,,,-0.01,0.01416,0.00026,-0.00487,0.00278,0.7302
1220,1249280,61.79083,106.85714,0.85714,0.95,0.936363,-0.000833,0.153285,0.002471,0.439803,0.018799,0.159279,66.953606,2.4258,65.367271,7.508482,4.0,0.00017517,7,597,0.02712,0.04696,0.02,0.0,100,0.57143,1.0,,,-0.01,0.01583,0.00042,-0.00525,0.00413,0.46471
1221,1250304,71.90051,125.33333,1.0,0.95,0.899097,-0.00253,0.032142,0.003458,0.236046,0.039934,0.626211,64.742249,5.421819,64.27832,5.322711,4.0,0.00017507,6,647,0.03365,0.05449,0.02,0.0,100,0.16667,0.0,,,-0.01,0.01325,1e-05,-0.00272,0.00582,0.51099
1222,1251328,60.43758,94.16667,0.83333,0.94,0.808538,-0.001902,0.125985,0.002252,0.462014,0.020473,0.461085,63.584602,4.690152,62.014153,8.612565,4.0,0.00017497,6,676,0.03283,0.05057,0.02,0.0,100,0.16667,0.0,,,-0.01,0.01438,0.00061,-0.0039,0.00346,0.47367
1223,1252352,62.65204,184.875,0.875,0.93,0.816202,-0.004104,0.012954,0.001827,0.230212,0.012451,0.869833,62.757008,5.144001,62.849522,5.474069,4.0,0.00017487,8,631,0.03904,0.06289,0.03,0.0,100,0.125,0.0,,,-0.01,0.01536,0.00025,-0.00306,0.00653,0.61023
1224,1253376,61.9777,167.85714,0.85714,0.92,0.744536,-0.002798,0.024508,0.002556,0.209958,0.03125,0.714047,62.639706,5.139941,62.813377,5.391232,4.0,0.00017476,7,639,0.03536,0.05856,0.04,0.0,100,0.71429,0.0,,,-0.01,0.01713,0.00035,-0.00021,0.00483,0.55205
1225,1254400,73.0242,122.71429,1.0,0.92,0.813396,-0.003634,0.015428,0.002674,0.238416,0.027797,0.666141,64.263603,3.578305,64.500122,3.898558,4.0,0.00017466,7,642,0.03868,0.05767,0.04,0.0,100,0.42857,0.0,,,-0.01,0.01606,0.00012,0.00062,0.00695,0.61997
1226,1255424,71.2702,150.55556,1.0,0.92,0.893882,-0.002504,0.011018,0.00256,0.218772,0.019496,0.583355,64.98864,3.201344,65.36602,3.064525,4.0,0.00017456,9,610,0.03531,0.05481,0.04,0.0,100,0.33333,1.0,,,-0.01,0.01544,0.00054,-0.00372,0.0055,0.70854
1227,1256448,72.86397,103.8,1.0,0.92,0.872253,-0.003148,0.00963,0.002269,0.204498,0.027379,0.442815,65.573479,2.492161,65.434441,2.446445,4.0,0.00017446,5,648,0.03475,0.05263,0.04,0.0,100,0.0,0.0,,,-0.01,0.01494,0.00062,-0.00277,0.00596,0.4207
1228,1257472,61.80205,202.42857,0.85714,0.91,0.939583,-0.004162,0.004736,0.003199,0.295521,0.038191,0.645717,65.694031,1.848094,65.527802,2.102603,4.0,0.00017436,7,652,0.04298,0.06157,0.05,0.0,100,0.0,0.0,,,-0.01,0.01616,0.00042,0.0018,0.00707,0.48808
1229,1258496,73.84094,120.77778,1.0,0.92,0.907992,-0.004463,0.005865,0.003139,0.312181,0.032645,0.704344,65.273521,1.824839,65.671509,2.518457,4.0,0.00017425,9,614,0.04243,0.0638,0.04,0.0,100,0.0,0.0,,,-0.01,0.01985,0.00063,-0.00101,0.00759,0.70656
1230,1259520,60.56117,150.71429,0.85714,0.92,0.884913,-0.00211,0.134975,0.003394,0.384135,0.042097,0.293509,65.417824,2.898234,64.329239,7.773743,4.0,0.00017415,7,617,0.04461,0.07484,0.04,0.0,100,0.28571,0.0,,,-0.01,0.01859,0.00053,-0.00107,0.00645,0.47772
1231,1260544,73.06751,103.61538,1.0,0.94,0.917653,-0.002944,0.009522,0.003131,0.356346,0.030483,0.660553,64.893448,2.18264,65.746025,2.879763,4.0,0.00017405,13,583,0.0552,0.08879,0.03,0.0,100,0.30769,0.0,,,-0.01,0.02061,0.00074,-0.00646,0.0072,1.01805
1232,1261568,74.03176,96.66667,1.0,0.94,0.938735,-0.004448,0.007206,0.002526,0.334266,0.02281,0.779569,65.379906,2.801403,66.272804,3.12406,4.0,0.00017395,9,569,0.04894,0.08078,0.03,0.0,100,0.22222,0.0,,,-0.01,0.01993,0.00087,-0.00333,0.01011,0.67028
1233,1262592,73.36772,98.7,1.0,0.95,0.958367,-0.002983,0.017028,0.003004,0.281632,0.032471,0.57262,66.811142,3.190116,67.320961,3.532449,4.0,0.00017384,10,581,0.04291,0.07287,0.03,0.0,100,0.0,0.0,,,-0.01,0.01783,0.00111,-0.00299,0.00925,0.75215
1234,1263616,58.64674,94.2,0.8,0.94,0.763393,-0.001116,0.10522,0.001786,0.335549,0.021903,0.572853,67.059006,6.335568,65.967491,8.939856,4.0,0.00017374,5,690,0.05276,0.08905,0.03,0.0,100,0.4,0.0,,,-0.01,0.0163,0.00028,-0.00046,0.00276,0.39813
1235,1264640,72.77979,131.6,1.0,0.95,0.808242,-0.003369,0.00549,0.002054,0.288714,0.020857,0.845095,66.923607,3.149646,66.362282,3.192122,4.0,0.00017364,5,698,0.04864,0.08236,0.03,0.0,100,0.4,1.0,,,-0.01,0.01421,0.00051,0.00085,0.0054,0.50796
1236,1265664,49.29089,232.5,0.66667,0.94,0.870088,-0.003762,0.004559,0.00245,0.281271,0.027483,0.909379,65.946182,3.671169,65.40406,3.974711,4.0,0.00017354,6,683,0.04802,0.07927,0.04,0.0,100,0.5,0.0,,,-0.01,0.01762,0.001,0.00026,0.00563,0.38028
1237,1266688,50.48654,220.0,0.66667,0.92,0.952931,-0.003188,0.019763,0.003213,0.202709,0.03697,0.459902,66.331955,3.5072,66.050919,3.51113,4.0,0.00017343,6,619,0.0597,0.09449,0.06,0.0,100,0.16667,0.0,,,-0.01,0.01991,0.00127,-0.00073,0.00878,0.33199
1238,1267712,73.24938,111.71429,1.0,0.93,0.871938,-0.002256,0.009545,0.002558,0.195757,0.023333,0.760191,65.553139,3.161099,65.493965,3.616392,4.0,0.00017333,7,648,0.05867,0.09272,0.05,0.0,100,0.28571,0.0,,,-0.01,0.02102,0.00095,-0.00102,0.00792,0.63603
1239,1268736,72.86161,143.71429,1.0,0.93,0.918181,-0.003083,0.007033,0.002902,0.235979,0.027902,0.876888,65.187126,3.729162,64.989143,4.293858,4.0,0.00017323,7,637,0.05273,0.08432,0.05,0.0,100,0.28571,1.0,,,-0.01,0.01989,0.00103,0.00096,0.00743,0.61421
1240,1269760,66.93393,153.18182,0.90909,0.92,0.991304,-0.002083,0.021103,0.002483,0.197588,0.021345,0.341409,65.806602,3.758729,66.011253,3.475802,4.0,0.00017313,11,595,0.05162,0.08191,0.06,0.0,100,0.27273,0.0,,,-0.01,0.02117,0.00076,0.0019,0.00584,0.78296
1241,1270784,73.58492,111.0,1.0,0.93,0.972091,-0.003036,0.007087,0.002233,0.198371,0.017125,0.546272,66.177498,1.83685,66.35601,2.258741,4.0,0.00017302,7,600,0.05289,0.07795,0.05,0.0,100,0.28571,0.0,,,-0.01,0.02075,0.00078,-0.00248,0.00714,0.54335
1242,1271808,72.84645,118.0,1.0,0.93,0.927895,-0.003867,0.005723,0.003154,0.20213,0.032261,0.58316,66.514595,1.860173,66.433258,2.081259,4.0,0.00017292,6,625,0.06121,0.08519,0.05,0.0,100,0.33333,0.0,,,-0.01,0.01966,0.0015,-0.00138,0.0047,0.50337
1243,1272832,71.87336,158.4,1.0,0.94,0.973381,-0.003374,0.004833,0.002159,0.214902,0.01702,0.651607,66.649185,1.874341,66.623734,2.100855,4.0,0.00017282,10,615,0.05278,0.07959,0.05,0.0,100,0.6,1.0,,,-0.01,0.01646,0.00073,-0.0011,0.00788,0.81725
1244,1273856,63.57353,114.5,0.875,0.93,0.975274,-0.001129,0.148067,0.001192,0.372188,0.003941,0.149787,66.191467,1.829258,64.976631,7.337989,4.0,0.00017272,8,588,0.058,0.08545,0.05,0.0,100,0.25,0.0,,,-0.01,0.02062,0.00103,-0.00176,0.00217,0.53757
1245,1274880,73.46439,103.625,1.0,0.93,0.92352,-0.00373,0.011019,0.00242,0.29681,0.024833,0.476578,65.378563,1.871847,65.862976,2.393949,4.0,0.00017261,8,610,0.05873,0.08761,0.05,0.0,100,0.0,1.0,,,-0.01,0.02037,0.00126,-0.00314,0.00838,0.65004
1246,1275904,63.90326,134.22222,0.88889,0.92,0.901723,-0.001659,0.112732,0.002886,0.387431,0.032854,0.377243,65.443199,2.994944,64.189407,7.955166,4.0,0.00017251,9,645,0.05999,0.08742,0.05,0.0,100,0.44444,1.0,,,-0.01,0.01868,0.00055,0.00015,0.00192,0.69843
1247,1276928,71.6849,134.42857,1.0,0.92,1.032185,-0.002413,0.018274,0.003075,0.2529,0.024449,0.445022,65.11335,3.356293,65.275879,2.986341,4.0,0.00017241,7,611,0.05426,0.0806,0.05,0.0,100,0.14286,0.0,,,-0.01,0.01532,0.00105,-0.00371,0.00363,0.55133
1248,1277952,73.04409,144.0,1.0,0.93,1.071695,-0.003483,0.008506,0.002667,0.229956,0.029402,0.519307,65.259338,2.637829,65.556885,2.573608,4.0,0.00017231,7,601,0.05969,0.08771,0.05,0.0,100,0.28571,1.0,,,-0.01,0.0196,0.00132,0.00038,0.00787,0.52679
1249,1278976,73.13454,127.22222,1.0,0.97,1.084049,-0.00451,0.004543,0.003434,0.292845,0.037563,0.776707,65.434868,2.076665,65.902977,2.548693,4.0,0.0001722,9,576,0.05966,0.0829,0.01,0.0,100,0.11111,1.0,,,-0.01,0.01812,0.00047,-0.00089,0.00973,0.67202
1250,1280000,73.62028,111.28571,1.0,0.97,1.012737,-0.004039,0.00654,0.002184,0.253995,0.01981,0.710629,66.148308,2.626334,66.409103,2.679516,4.0,0.0001721,7,574,0.05909,0.08544,0.01,0.0,100,0.14286,0.0,,,-0.01,0.01953,0.00074,-0.00139,0.00727,0.54768
1251,1281024,73.02589,119.85714,1.0,0.97,1.052198,-0.004344,0.005553,0.002525,0.226915,0.02267,0.674815,66.395569,2.401237,66.485634,2.368565,4.0,0.000172,7,571,0.07132,0.09969,0.01,0.0,100,0.14286,0.0,,,-0.01,0.01707,0.00091,3e-05,0.00587,0.54245
1252,1282048,63.81185,164.5,0.875,0.97,0.920332,-0.002526,0.014341,0.002583,0.200161,0.027309,0.377107,65.916382,2.921741,65.673332,2.778855,4.0,0.0001719,8,642,0.05396,0.08477,0.01,0.0,100,0.5,1.0,,,-0.01,0.01481,0.00088,-0.00406,0.00216,0.622
1253,1283072,71.84182,136.28571,1.0,0.97,0.940715,-0.00366,0.007084,0.002595,0.198269,0.027309,0.501607,65.99144,2.035316,66.236008,2.14845,4.0,0.0001718,7,603,0.0572,0.08605,0.01,0.0,100,0.42857,0.0,,,-0.01,0.01812,0.00049,-0.00337,0.00859,0.56584
1254,1284096,72.58025,128.77778,1.0,0.97,1.006284,-0.005158,0.003867,0.002299,0.278552,0.016636,0.745053,66.346054,1.930102,66.711365,2.143233,4.0,0.00017169,9,603,0.05679,0.08748,0.01,0.0,100,0.22222,1.0,,,-0.01,0.01771,0.00026,0.00045,0.00944,0.68393
1255,1285120,73.77468,110.8,1.0,0.97,0.977755,-0.004488,0.003916,0.003727,0.31318,0.03833,0.78328,66.451553,1.913838,66.991982,2.295455,4.0,0.00017159,10,558,0.06762,0.10749,0.01,0.0,100,0.2,0.0,,,-0.01,0.02089,0.00071,1e-05,0.00659,0.76099
1256,1286144,72.93238,124.0,1.0,0.97,0.907744,-0.003319,0.003119,0.002302,0.283568,0.023228,0.701375,67.728394,1.975589,67.642059,1.824035,4.0,0.00017149,6,539,0.05062,0.08454,0.01,0.0,100,0.83333,1.0,,,-0.01,0.01738,0.00091,0.00061,0.00732,0.5051
1257,1287168,63.00361,97.28571,0.85714,0.97,0.853105,-0.002327,0.160697,0.000751,0.437392,0.005371,0.044616,67.246674,1.82631,65.889961,7.208975,4.0,0.00017139,7,629,0.04374,0.07266,0.01,0.0,100,0.42857,0.0,,,-0.01,0.01811,0.00071,-3e-05,0.00452,0.52521
1258,1288192,72.76871,139.0,1.0,0.97,0.947008,-0.00429,0.005059,0.002638,0.234592,0.025705,0.73626,66.537834,1.789428,66.541191,2.376597,4.0,0.00017128,10,622,0.05162,0.08304,0.01,0.0,100,0.2,1.0,,,-0.01,0.017,0.00052,-0.0007,0.00959,0.79411
1259,1289216,61.21828,169.83333,0.83333,0.97,0.873992,-0.002069,0.027817,0.002552,0.204439,0.028495,0.482435,65.577744,4.827488,65.329308,4.457014,4.0,0.00017118,6,621,0.04874,0.0804,0.02,0.0,100,0.66667,1.0,,,-0.01,0.01877,0.00096,-0.00257,0.00418,0.41549
1260,1290240,65.63792,120.9,0.9,0.96,0.928373,-0.000777,0.103629,0.00044,0.235411,0.001151,0.362504,65.958733,2.469893,65.438126,7.730179,4.0,0.00017108,10,599,0.04224,0.07504,0.02,0.0,100,0.3,1.0,,,-0.01,0.02101,0.00073,-0.00022,0.00945,0.69599
1261,1291264,64.81981,96.875,0.875,0.95,0.878827,-0.002347,0.098073,0.002112,0.413625,0.016218,0.624193,64.903214,5.649275,63.766602,9.629738,4.0,0.00017098,8,615,0.03818,0.0664,0.02,0.0,100,0.125,0.0,,,-0.01,0.01933,0.00102,-0.00153,0.00609,0.58415
1262,1292288,47.2507,110.66667,0.66667,0.93,0.899683,-0.002734,0.195384,0.002233,0.845072,0.021659,0.65135,63.04998,9.296563,60.133904,13.607502,4.0,0.00017087,6,647,0.04598,0.07375,0.02,0.0,100,0.5,0.0,,,-0.01,0.01677,0.0008,-0.0029,0.00124,0.35543
1263,1293312,64.17445,174.5,0.875,0.92,0.896937,-0.003841,0.052999,0.002649,0.295269,0.02982,0.766561,60.528553,8.809851,60.52747,8.979141,4.0,0.00017077,8,636,0.04899,0.08025,0.03,0.0,100,0.125,1.0,,,-0.01,0.01583,0.00132,-0.00187,0.00702,0.5869
1264,1294336,64.50206,146.375,0.875,0.91,0.936827,-0.002632,0.033903,0.002476,0.325756,0.020578,0.464547,62.635902,4.861395,63.403652,4.808881,4.0,0.00017067,8,592,0.04629,0.07924,0.04,0.0,100,0.5,0.0,,,-0.01,0.0199,0.00088,0.00024,0.00802,0.55333
1265,1295360,62.3164,101.14286,0.85714,0.91,0.813219,-0.002288,0.22259,0.002516,0.577248,0.029541,0.535619,60.140961,10.492407,58.388714,12.190863,4.0,0.00017057,7,612,0.04733,0.08096,0.03,0.0,100,0.28571,0.0,,,-0.01,0.01853,0.00092,-0.00461,-0.00093,0.54973
1266,1296384,72.6702,112.66667,1.0,0.91,0.746745,-0.001927,0.033611,0.002704,0.27064,0.027658,0.791031,58.245201,6.663044,58.207607,7.251488,4.0,0.00017046,6,711,0.05329,0.08896,0.03,0.0,100,0.16667,0.0,,,-0.01,0.01596,0.00078,-0.00599,0.00343,0.63887
1267,1297408,47.67636,161.0,0.66667,0.88,0.723918,-0.002886,0.169252,0.002692,0.395105,0.034668,0.628387,57.001717,8.046808,55.838055,12.31979,4.0,0.00017036,9,670,0.05691,0.10131,0.04,0.0,100,0.55556,0.0,,,-0.01,0.0201,0.00133,-0.0008,0.00177,0.614
1268,1298432,61.74642,164.66667,0.83333,0.87,0.831663,-0.002811,0.056094,0.002237,0.222221,0.020124,0.811678,57.176014,8.529132,57.069527,9.474637,4.0,0.00017026,6,658,0.05991,0.10051,0.05,0.0,100,0.33333,0.0,,,-0.01,0.01824,0.00131,0.00095,0.0044,0.49053
1269,1299456,54.37886,155.625,0.75,0.85,0.910785,-0.002771,0.050997,0.002293,0.257432,0.022182,0.659422,59.072083,6.251487,59.702492,7.100992,4.0,0.00017016,8,626,0.05453,0.09309,0.06,0.0,100,0.625,0.0,,,-0.01,0.0192,0.0009,0.00172,0.00361,0.51959
1270,1300480,65.61658,102.55556,0.88889,0.85,0.992743,-0.00275,0.140733,0.00276,0.226677,0.030762,0.475498,60.901134,5.377476,60.845356,9.12559,4.0,0.00017005,9,593,0.05653,0.09189,0.06,0.0,100,0.33333,0.0,,,-0.01,0.02004,0.0011,0.00155,0.00766,0.61978
1271,1301504,65.16928,147.25,0.875,0.84,0.970712,-0.003113,0.019398,0.002887,0.394881,0.026228,0.740374,62.076225,4.408143,63.183872,4.717996,4.0,0.00016995,8,598,0.06416,0.10306,0.07,0.0,100,0.125,0.0,,,-0.01,0.01962,0.00167,-0.00078,0.00971,0.5529
1272,1302528,74.10577,112.625,1.0,0.85,1.027027,-0.004364,0.0149,0.003806,0.317836,0.043562,0.793609,64.710968,5.252832,65.356567,5.080162,4.0,0.00016985,8,623,0.06901,0.10655,0.06,0.0,100,0.125,0.0,,,-0.01,0.01844,0.0019,8e-05,0.00692,0.64092
1273,1303552,64.08478,104.125,0.875,0.85,0.910714,-0.003471,0.148798,0.003534,0.366278,0.044399,0.508711,63.361126,6.539417,62.457695,9.677247,4.0,0.00016975,8,606,0.06411,0.10185,0.06,0.0,100,0.125,0.5,,,-0.01,0.01905,0.00151,0.00056,0.00569,0.57772
1274,1304576,67.21108,132.90909,0.90909,0.85,0.958552,-0.003238,0.020734,0.002215,0.484171,0.018869,0.694281,63.753574,4.450839,65.182007,4.465714,4.0,0.00016964,11,564,0.0694,0.11338,0.07,0.0,100,0.09091,1.0,,,-0.01,0.01881,0.00121,-0.00018,0.01252,0.76729
1275,1305600,74.20398,97.16667,1.0,0.87,1.034463,-0.004431,0.013355,0.002693,0.27795,0.028704,0.647004,66.817924,3.807606,66.921715,3.555692,4.0,0.00016954,6,603,0.06279,0.09296,0.07,0.0,100,0.0,0.0,,,-0.01,0.01754,0.00084,-0.00197,0.00731,0.46413
1276,1306624,72.91402,106.42857,1.0,0.88,0.986725,-0.002167,0.020613,0.002215,0.165669,0.016671,0.353338,66.233505,3.797297,66.21183,3.425776,4.0,0.00016944,7,652,0.06692,0.09935,0.06,0.0,100,0.14286,1.0,,,-0.01,0.0163,0.00058,-0.00043,0.0053,0.59796
1277,1307648,57.34892,182.33333,0.77778,0.87,0.885131,-0.002754,0.017749,0.003102,0.193464,0.033691,0.388782,64.735115,3.469082,64.699867,3.352592,4.0,0.00016934,9,644,0.0686,0.10725,0.07,0.0,100,0.22222,1.0,,,-0.01,0.01496,0.00079,-0.00578,0.00138,0.6243
1278,1308672,72.65703,108.57143,1.0,0.88,0.765365,-0.00414,0.011336,0.002308,0.231151,0.027344,0.6925,64.862076,2.959426,65.249077,3.454105,4.0,0.00016924,7,646,0.05876,0.09697,0.07,0.0,100,0.28571,0.0,,,-0.01,0.01978,0.00114,-0.00158,0.00817,0.63397
1279,1309696,65.85329,135.88889,0.88889,0.89,0.941376,-0.002408,0.012581,0.002076,0.259961,0.018032,0.587694,66.654518,2.557347,66.89753,3.024723,4.0,0.00016913,9,604,0.05208,0.08643,0.07,0.0,100,0.33333,1.0,,,-0.01,0.01867,0.00105,-0.00174,0.00666,0.63987
1280,1310720,61.36461,108.61538,0.84615,0.9,0.99309,-0.002104,0.16186,0.003097,0.334091,0.039202,0.238334,66.301872,2.657741,65.334999,8.292912,4.0,0.00016903,13,575,0.05571,0.09325,0.06,0.0,100,0.46154,0.5,,,-0.01,0.01896,0.00095,-0.00335,0.004,0.83707
1281,1311744,73.36517,97.85714,1.0,0.91,0.934087,-0.002803,0.016447,0.00235,0.272496,0.020159,0.525886,65.322281,2.727261,65.887856,2.982341,4.0,0.00016893,7,583,0.05375,0.09256,0.05,0.0,100,0.14286,0.0,,,-0.01,0.01948,0.00123,-0.0029,0.00781,0.5444
1282,1312768,62.34339,103.85714,0.85714,0.91,0.910734,-0.001526,0.126082,0.002426,0.485596,0.027274,0.511962,65.831108,5.413623,64.481766,9.143748,4.0,0.00016883,7,646,0.05565,0.08758,0.05,0.0,100,0.28571,0.0,,,-0.01,0.01495,0.00088,-0.00039,0.00246,0.5248
1283,1313792,73.49819,99.75,1.0,0.92,0.930349,-0.003932,0.018791,0.003395,0.286859,0.040039,0.793946,65.200706,4.959023,65.360146,5.233574,4.0,0.00016872,8,626,0.04406,0.06974,0.04,0.0,100,0.25,0.0,,,-0.01,0.01695,0.00033,-0.00104,0.00984,0.65619
1284,1314816,59.305,168.7,0.8,0.9,0.937791,-0.002786,0.019952,0.001934,0.179909,0.016846,0.798567,64.944511,5.528564,64.960854,5.773587,4.0,0.00016862,10,611,0.04719,0.07832,0.06,0.0,100,0.2,1.0,,,-0.01,0.01682,0.00075,-0.00045,0.00617,0.6549
1285,1315840,73.58396,98.16667,1.0,0.91,0.893755,-0.002586,0.018085,0.002479,0.203046,0.025426,0.716753,65.513275,4.743788,65.471329,4.63381,4.0,0.00016852,6,633,0.0423,0.07465,0.06,0.0,100,0.16667,0.0,,,-0.01,0.01727,0.00027,-0.00041,0.00563,0.50255
1286,1316864,72.03296,127.75,1.0,0.92,0.98419,-0.004954,0.006628,0.002667,0.26967,0.024798,0.915614,65.437492,4.862137,64.983971,5.160286,4.0,0.00016842,4,643,0.04433,0.07032,0.05,0.0,100,0.5,0.0,,,-0.01,0.01404,0.00034,-0.0001,0.00651,0.32348
1287,1317888,54.93437,205.0,0.75,0.9,0.947132,-0.00292,0.016812,0.002732,0.215804,0.029506,0.879899,63.837933,6.283665,63.572376,6.726407,4.0,0.00016831,8,627,0.04988,0.08548,0.07,0.0,100,0.125,0.0,,,-0.01,0.01663,0.00101,-0.00167,0.00386,0.49124
1288,1318912,65.01677,150.125,0.875,0.89,0.912745,-0.002646,0.009978,0.002052,0.204581,0.016567,0.425971,65.767281,2.15546,65.964706,2.484494,4.0,0.00016821,8,584,0.05025,0.08883,0.08,0.0,100,0.25,0.0,,,-0.01,0.01561,0.00088,-0.0034,0.00939,0.54086
1289,1319936,73.82049,99.18182,1.0,0.9,0.986643,-0.003685,0.007969,0.003061,0.257307,0.028041,0.609154,66.124519,2.156007,66.620117,2.544383,4.0,0.00016811,11,580,0.05929,0.09249,0.07,0.0,100,0.09091,0.0,,,-0.01,0.01887,0.00132,0.00106,0.01043,0.83754
1290,1320960,72.64465,136.125,1.0,0.91,0.887727,-0.002945,0.008442,0.002401,0.224262,0.028285,0.580342,66.411598,2.279253,66.413307,2.499067,4.0,0.00016801,8,629,0.05962,0.09813,0.06,0.0,100,0.125,1.0,,,-0.01,0.01771,0.00091,0.00016,0.00363,0.67021
1291,1321984,72.66319,119.55556,1.0,0.92,0.841093,-0.001766,0.009726,0.001304,0.233763,0.004708,0.596325,66.469131,2.655788,66.849754,2.782039,4.0,0.0001679,9,617,0.05404,0.0899,0.05,0.0,100,0.33333,1.0,,,-0.01,0.0183,-2e-05,-0.00163,0.00837,0.74354
1292,1323008,64.44309,101.55556,0.88889,0.92,0.789617,-0.000896,0.174243,0.001802,0.324646,0.011126,0.15202,65.918457,4.415035,64.919014,7.991234,4.0,0.0001678,9,562,0.05225,0.09075,0.05,0.0,100,0.44444,0.0,,,-0.01,0.01759,0.00132,-0.00371,0.00378,0.68057
1293,1324032,57.90884,103.4,0.8,0.91,0.851156,-0.001537,0.269408,0.002068,0.753084,0.018659,0.166124,65.491035,3.011105,63.539227,10.118211,4.0,0.0001677,10,515,0.05113,0.08537,0.05,0.0,100,0.4,0.0,,,-0.01,0.01749,0.00055,-0.00336,0.00312,0.63019
1294,1325056,57.68768,98.1,0.8,0.9,0.853135,-0.001599,0.247717,0.002078,0.644783,0.022496,0.30943,64.12989,3.820772,62.084419,10.727714,4.0,0.0001676,10,557,0.06931,0.10645,0.05,0.0,100,0.3,0.0,,,-0.01,0.0168,0.00056,-0.00366,0.0029,0.66355
1295,1326080,72.56379,114.625,1.0,0.9,0.924485,-0.002241,0.038816,0.001953,0.252059,0.021833,0.560276,64.227623,5.144941,64.52549,5.097513,4.0,0.00016749,8,592,0.05482,0.08601,0.05,0.0,100,0.125,0.0,,,-0.01,0.01779,0.00084,-0.00165,0.00729,0.63145
1296,1327104,73.38731,106.3,1.0,0.92,0.940461,-0.002382,0.019621,0.002812,0.22541,0.01988,0.728386,64.747223,4.858655,65.148964,4.986773,4.0,0.00016739,10,616,0.06394,0.1008,0.03,0.0,100,0.1,1.0,,,-0.01,0.01531,0.00083,-0.0048,0.00689,0.80608
1297,1328128,71.54861,127.55556,1.0,0.92,0.848235,-0.002365,0.023519,0.002676,0.281929,0.023996,0.373488,64.847168,4.352305,65.443214,3.767383,4.0,0.00016729,9,586,0.06328,0.09802,0.03,0.0,100,0.22222,1.0,,,-0.01,0.01807,0.00084,-0.00367,0.00511,0.75232
1298,1329152,73.13489,110.375,1.0,0.94,1.002236,-0.00379,0.006082,0.002251,0.251926,0.02703,0.716834,66.343697,2.410916,66.619797,2.572901,4.0,0.00016719,8,606,0.07324,0.10852,0.01,0.0,100,0.125,1.0,,,-0.01,0.01753,0.00015,-0.00421,0.00964,0.6326
1299,1330176,73.35562,100.57143,1.0,0.95,0.890983,-0.003293,0.007839,0.002182,0.230209,0.022252,0.639087,65.86731,2.246751,65.805992,2.6124,4.0,0.00016708,7,606,0.0545,0.09339,0.0,0.0,100,0.14286,1.0,,,-0.01,0.01575,0.00073,-0.00483,0.00243,0.58663
1300,1331200,64.13918,163.88889,0.88889,0.94,0.87186,-0.00308,0.00628,0.002838,0.258438,0.031703,0.691093,65.818108,2.075615,66.22831,2.495129,4.0,0.00016698,9,593,0.05544,0.09091,0.01,0.0,100,0.44444,0.6,,,-0.01,0.01773,0.00141,-0.00178,0.01163,0.6364
1301,1332224,73.7422,96.45455,1.0,0.94,0.960145,-0.004272,0.006074,0.002125,0.269353,0.020159,0.775038,66.664101,2.69758,67.073341,2.887002,4.0,0.00016688,11,583,0.08193,0.12714,0.01,0.0,100,0.18182,1.0,,,-0.01,0.01684,0.00149,-0.00189,0.00555,0.85762
1302,1333248,72.87568,116.22222,1.0,0.94,0.937088,-0.002857,0.007384,0.002929,0.226196,0.028285,0.634266,66.883133,2.725496,67.281334,2.546964,4.0,0.00016678,9,584,0.06534,0.10394,0.01,0.0,100,0.0,1.0,,,-0.01,0.01901,0.00069,-0.00036,0.00566,0.68472
1303,1334272,73.28685,116.66667,1.0,0.95,0.916628,-0.003665,0.006771,0.002377,0.232017,0.021136,0.707363,67.337914,2.303809,67.551224,2.621146,4.0,0.00016668,9,589,0.07952,0.11583,0.01,0.0,100,0.11111,0.0,,,-0.01,0.01667,0.00092,-0.00295,0.01038,0.67595
1304,1335296,73.53993,96.42857,1.0,0.97,0.832095,-0.00233,0.013103,0.00242,0.169579,0.029262,0.64558,66.928246,3.230572,66.995155,3.400073,4.0,0.00016657,7,589,0.07011,0.10713,0.01,0.0,100,0.0,1.0,,,-0.01,0.01681,0.00102,-0.00167,0.00846,0.57938
1305,1336320,73.33941,102.375,1.0,0.97,0.778663,-0.00265,0.00527,0.001518,0.21897,0.011614,0.822695,67.223625,2.860801,66.991577,3.080755,4.0,0.00016647,8,664,0.06452,0.09614,0.01,0.0,100,0.0,0.0,,,-0.01,0.01391,0.00015,-0.00277,0.00469,0.74529
1306,1337344,71.60026,134.5,1.0,0.99,0.845797,-0.00338,0.00514,0.001341,0.224905,0.00994,0.76198,67.180672,2.654511,67.028183,2.639625,4.0,0.00016637,6,631,0.07001,0.10157,0.01,0.0,100,0.16667,1.0,,,-0.01,0.01666,0.0013,-0.00275,0.00698,0.51362
1307,1338368,30.64275,133.71429,0.42857,0.95,0.896336,-0.001254,0.383728,0.000814,1.271337,0.00293,0.257535,67.221275,3.176233,63.282269,12.525846,4.0,0.00016627,7,609,0.05802,0.08824,0.02,0.0,100,0.71429,1.0,,,-0.01,0.01619,0.00065,-0.00016,-0.00036,0.23937
1308,1339392,61.72319,161.66667,0.83333,0.93,0.923508,-0.002627,0.019533,0.001556,0.451438,0.012381,0.699817,62.351719,3.070128,63.453941,3.841676,4.0,0.00016616,12,549,0.0808,0.12112,0.04,0.0,100,0.16667,1.0,,,-0.01,0.01881,0.00143,6e-05,0.00747,0.76618
1309,1340416,66.98654,96.0,0.90909,0.92,0.873636,-0.000839,0.110842,0.002076,0.296237,0.011858,0.49878,63.780293,4.345269,63.682194,8.832155,4.0,0.00016606,11,587,0.06535,0.10109,0.04,0.0,100,0.18182,0.0,,,-0.01,0.01833,0.00146,-0.00141,0.00711,0.77388
1310,1341440,73.60541,93.0,1.0,0.92,0.886498,-0.003198,0.02501,0.001715,0.399912,0.010917,0.539096,65.598709,4.377078,66.607491,4.000639,4.0,0.00016596,10,580,0.06417,0.10116,0.04,0.0,100,0.0,0.0,,,-0.01,0.01648,0.00108,-0.0049,0.01101,0.76416
1311,1342464,73.15702,104.7,1.0,0.93,0.915732,-0.003095,0.020799,0.004282,0.317185,0.055804,0.344935,66.317879,4.212854,67.004326,3.571444,4.0,0.00016586,10,588,0.0798,0.11886,0.03,0.0,100,0.2,0.0,,,-0.01,0.01805,0.00181,-0.00268,0.00825,0.76512
1312,1343488,73.44463,101.75,1.0,0.93,0.934957,-0.002975,0.012498,0.002752,0.233111,0.025146,0.639237,67.099815,3.143973,67.113304,3.345951,4.0,0.00016575,8,602,0.08861,0.13087,0.03,0.0,100,0.125,1.0,,,-0.01,0.0157,0.00085,-0.00686,0.00635,0.63354
1313,1344512,55.7029,119.0,0.77778,0.91,0.91271,-0.001981,0.222962,0.002536,0.995135,0.027344,0.403001,66.303131,4.386372,63.804779,10.9105,4.0,0.00016565,9,597,0.11459,0.16191,0.03,0.0,100,0.44444,1.0,,,-0.01,0.01365,0.00046,-0.00999,-0.00058,0.56966
1314,1345536,64.6255,99.33333,0.88889,0.9,0.90148,-0.003074,0.140235,0.002734,0.488783,0.028216,0.428077,64.088898,4.334327,63.253975,8.728474,4.0,0.00016555,9,590,0.10921,0.16216,0.03,0.0,100,0.55556,1.0,,,-0.01,0.01412,0.00157,-0.00588,0.00538,0.63111
1315,1346560,63.69559,128.8,0.9,0.89,0.881179,-0.003799,0.062403,0.003961,0.26065,0.055525,0.556359,64.052727,5.434258,64.200958,6.640466,4.0,0.00016545,10,603,0.09991,0.1455,0.04,0.0,100,0.2,1.0,,,-0.01,0.01555,0.00127,-0.00574,0.00548,0.72113
1316,1347584,66.71395,95.27273,0.90909,0.88,0.859186,-0.00091,0.117994,0.002477,0.196825,0.016915,0.492672,64.171745,5.970962,64.515541,8.601217,4.0,0.00016534,11,588,0.07181,0.11235,0.04,0.0,100,0.18182,0.0,,,-0.01,0.02014,0.0014,-0.00118,0.00732,0.7921
1317,1348608,73.74848,98.5,1.0,0.91,1.020302,-0.002615,0.015239,0.002666,0.286635,0.016671,0.474781,66.555801,3.409985,67.09568,3.12412,4.0,0.00016524,8,583,0.07425,0.11152,0.03,0.0,100,0.0,1.0,,,-0.01,0.01868,0.00102,0.00074,0.01122,0.59026
1318,1349632,66.26215,103.1,0.9,0.93,0.951673,-0.003379,0.174662,0.003926,0.494596,0.047328,0.494637,65.381302,7.102991,63.90131,10.090864,4.0,0.00016514,10,606,0.06617,0.10749,0.01,0.0,100,0.1,0.71429,,,-0.01,0.01702,0.00051,-0.00062,0.00292,0.72877
1319,1350656,72.88103,108.14286,1.0,0.93,1.012078,-0.003627,0.022353,0.003099,0.199581,0.032052,0.646644,64.655052,4.71515,64.673119,4.695132,4.0,0.00016504,7,617,0.08359,0.12778,0.01,0.0,100,0.57143,1.0,,,-0.01,0.01477,0.00043,-0.00186,0.00657,0.56333
1320,1351680,61.4676,158.33333,0.83333,0.93,0.995899,-0.00454,0.017118,0.003463,0.273056,0.041783,0.84073,64.211075,5.202472,63.80891,5.758458,4.0,0.00016493,6,616,0.07926,0.11792,0.02,0.0,100,0.0,0.0,,,-0.01,0.0157,0.00058,-0.00073,0.00295,0.40467
1321,1352704,63.80577,171.44444,0.88889,0.92,0.903285,-0.002777,0.033787,0.002911,0.259526,0.031773,0.610637,63.011913,6.145207,63.495796,5.728749,4.0,0.00016483,9,630,0.09686,0.13756,0.03,0.0,100,0.55556,1.0,,,-0.01,0.01591,0.00093,-0.00197,0.00372,0.68133
1322,1353728,65.58509,106.7,0.9,0.91,0.97655,-0.001554,0.129989,0.002263,0.266777,0.020926,0.412581,64.222099,3.819461,63.780415,8.342288,4.0,0.00016473,10,583,0.09019,0.13302,0.03,0.0,100,0.3,1.0,,,-0.01,0.01813,0.00067,-0.00179,0.00607,0.70214
1323,1354752,56.30059,105.77778,0.77778,0.89,0.8864,-0.003043,0.165213,0.002468,0.587959,0.020368,0.616768,63.023487,7.120199,61.480511,12.191222,4.0,0.00016463,9,579,0.08454,0.12682,0.03,0.0,100,0.22222,0.66667,,,-0.01,0.01775,0.00121,-0.00128,0.00176,0.56293
1324,1355776,72.76795,119.55556,1.0,0.91,0.890598,-0.002771,0.108316,0.003148,0.313057,0.039237,0.646238,61.917751,10.324814,62.03146,10.033514,4.0,0.00016452,9,622,0.08982,0.13742,0.03,0.0,100,0.33333,0.66667,,,-0.01,0.01604,0.00109,-0.00207,0.00541,0.77867
1325,1356800,55.69316,113.22222,0.77778,0.9,0.915461,-0.003184,0.294441,0.002489,0.494379,0.026542,0.392175,61.54829,7.95134,60.348316,12.16563,4.0,0.00016442,9,604,0.0841,0.12934,0.03,0.0,100,0.66667,0.8,,,-0.01,0.01854,0.00068,-0.00082,0.00538,0.55234
1326,1357824,51.64191,100.28571,0.71429,0.88,1.062536,-0.002789,0.2262,0.002619,0.501021,0.018799,0.589841,60.925774,8.575391,59.191139,13.063378,4.0,0.00016432,7,580,0.10192,0.15075,0.03,0.0,100,0.42857,1.0,,,-0.01,0.01737,-0.0001,-0.00333,0.00346,0.37786
1327,1358848,72.08868,128.36364,1.0,0.9,1.046022,-0.002915,0.097018,0.001903,0.683208,0.018032,0.499838,58.83847,9.10178,60.517906,8.078847,4.0,0.00016422,11,606,0.11322,0.16401,0.02,0.0,100,0.36364,0.82353,,,-0.01,0.01651,0.00143,-0.00521,0.00545,0.87203
1328,1359872,73.46651,109.55556,1.0,0.9,1.138493,-0.004043,0.019572,0.002783,0.573452,0.030762,0.740015,60.250359,4.408129,61.937042,4.936092,4.0,0.00016412,9,567,0.09583,0.1489,0.02,0.0,100,0.11111,0.75,,,-0.01,0.01714,0.00085,-0.00296,0.01056,0.64842
1329,1360896,63.44173,114.875,0.875,0.89,0.926968,-0.002496,0.127491,0.001878,0.27913,0.01416,0.577745,61.283356,6.275203,60.798,9.666965,4.0,0.00016401,8,613,0.09518,0.14569,0.02,0.0,100,0.125,1.0,,,-0.01,0.01652,0.00012,-0.00205,0.00227,0.5809
1330,1361920,61.93335,113.42857,0.85714,0.89,0.793806,-0.001937,0.164222,0.002782,0.213016,0.031738,0.703908,56.682686,12.054262,56.359322,13.160616,4.0,0.00016391,7,639,0.09489,0.14934,0.02,0.0,100,0.14286,1.0,,,-0.01,0.01746,0.00035,-0.00127,0.00442,0.58906
1331,1362944,73.27472,114.0,1.0,0.89,0.836525,-0.002946,0.024567,0.002119,0.230296,0.019392,0.938973,56.088169,11.094397,56.562595,11.967504,4.0,0.00016381,6,666,0.09749,0.14766,0.02,0.0,100,0.33333,1.0,,,-0.01,0.01567,0.00024,-0.0041,0.00802,0.57149
1332,1363968,54.09771,197.0,0.75,0.88,0.880753,-0.00202,0.023381,0.001556,0.291957,0.006348,0.949407,57.382927,11.806697,58.295929,12.513151,4.0,0.00016371,8,628,0.08338,0.12887,0.03,0.0,100,0.375,1.0,,,-0.01,0.01916,0.0001,-0.00231,0.00752,0.54542
1333,1364992,72.55532,122.0,1.0,0.9,1.059779,-0.003696,0.015784,0.003401,0.299989,0.034249,0.720618,63.528187,4.761167,64.242485,4.540283,4.0,0.0001636,10,608,0.11108,0.16779,0.02,0.0,100,0.6,1.0,,,-0.01,0.01515,0.00031,-0.00391,0.00611,0.78229
1334,1366016,73.22097,115.0,1.0,0.9,1.03981,-0.002284,0.01606,0.001753,0.39208,0.009835,0.722824,63.837105,4.308108,64.915649,4.267108,4.0,0.0001635,8,594,0.10664,0.15802,0.02,0.0,100,0.0,1.0,,,-0.01,0.01853,0.00083,-0.00089,0.00772,0.61848
1335,1367040,73.26038,112.875,1.0,0.92,1.029431,-0.00455,0.007837,0.002292,0.352305,0.023403,0.80503,65.512596,4.120272,66.300873,3.716221,4.0,0.0001634,8,597,0.11865,0.16325,0.02,0.0,100,0.25,1.0,,,-0.01,0.01807,0.00039,-0.00359,0.01008,0.61899
1336,1368064,55.10052,126.66667,0.77778,0.9,1.039565,-0.003008,0.261228,0.002432,0.88097,0.019985,0.303111,65.590691,4.456405,63.432682,10.862918,4.0,0.0001633,9,605,0.0964,0.14771,0.02,0.0,100,0.33333,1.0,,,-0.01,0.01475,-7e-05,-0.00399,0.00374,0.54824
1337,1369088,73.11185,107.71429,1.0,0.91,1.049947,-0.003752,0.01714,0.003167,0.388532,0.036482,0.713751,63.320915,3.335951,64.044395,3.542886,4.0,0.00016319,7,600,0.0977,0.14032,0.02,0.0,100,0.28571,0.0,,,-0.01,0.01513,0.00018,-0.00364,0.0063,0.5474
1338,1370112,71.51331,131.0,1.0,0.94,1.109293,-0.003593,0.029358,0.003937,0.277466,0.044503,0.685515,64.152206,4.352777,64.332512,5.290183,4.0,0.00016309,9,584,0.10329,0.14721,0.02,0.0,100,0.33333,0.0,,,-0.01,0.01283,0.00066,-0.00518,0.00859,0.67774
1339,1371136,64.49744,108.33333,0.88889,0.93,0.984328,-0.000962,0.10047,0.001696,0.180494,0.00994,0.561103,63.229107,7.003171,63.441158,8.395467,4.0,0.00016299,9,595,0.082,0.12561,0.02,0.0,100,0.33333,1.0,,,-0.01,0.01443,0.00072,-0.00253,0.00503,0.65358
1340,1372160,63.84835,126.33333,0.88889,0.92,1.007449,-0.000746,0.122215,0.001056,0.292698,0.007673,0.453612,63.55875,4.835845,63.223431,8.65313,4.0,0.00016289,9,579,0.066,0.10563,0.02,0.0,100,0.44444,1.0,,,-0.01,0.01658,0.0006,-0.00109,0.00628,0.61232
1341,1373184,73.32408,103.72727,1.0,0.93,1.009257,-0.00377,0.016473,0.003237,0.414012,0.031738,0.682065,64.646782,3.719249,65.777069,3.700579,4.0,0.00016278,11,566,0.08515,0.12742,0.02,0.0,100,0.0,1.0,,,-0.01,0.01664,0.00059,-0.00278,0.00962,0.85146
1342,1374208,73.16232,108.0,1.0,0.94,1.083938,-0.002917,0.022332,0.002869,0.338771,0.026751,0.467663,64.89653,4.445495,65.615547,4.032767,4.0,0.00016268,9,534,0.09139,0.13498,0.02,0.0,100,0.22222,0.66667,,,-0.01,0.01376,0.00042,-0.00222,0.00802,0.6799
1343,1375232,63.70726,103.625,0.875,0.94,0.970416,-0.001096,0.164661,0.002142,0.365321,0.016078,0.242364,64.33065,4.152385,63.229488,8.030316,4.0,0.00016258,8,583,0.08229,0.13392,0.01,0.0,100,0.25,1.0,,,-0.01,0.0146,0.00042,-0.002,0.0059,0.54858
1344,1376256,55.33224,126.11111,0.77778,0.93,1.080256,-0.003312,0.280206,0.002706,0.610248,0.037319,0.244929,63.909756,4.535946,62.038967,10.62843,4.0,0.00016248,9,569,0.07843,0.12291,0.0,0.0,100,0.55556,1.0,,,-0.01,0.01588,0.00051,-0.00092,0.00573,0.52427
1345,1377280,73.25352,113.66667,1.0,0.93,1.021159,-0.003621,0.031843,0.003096,0.276683,0.028774,0.818082,62.376671,6.687915,62.82486,7.390036,4.0,0.00016237,9,588,0.07377,0.11223,0.0,0.0,100,0.11111,1.0,,,-0.01,0.01285,0.00124,-0.00117,0.01012,0.70813
1346,1378304,59.56315,125.16667,0.83333,0.92,0.973306,-0.002162,0.190765,0.002227,0.591563,0.020961,0.697241,59.272209,12.540384,57.565117,13.751394,4.0,0.00016227,6,625,0.07433,0.11558,0.0,0.0,100,0.5,0.0,,,-0.01,0.01406,0.00037,-0.00065,-0.00054,0.43011
1347,1379328,53.83526,169.625,0.75,0.91,0.992461,-0.002848,0.084976,0.002636,0.340539,0.0271,0.808986,58.417568,10.078939,57.560555,12.344487,4.0,0.00016217,8,601,0.12936,0.18188,0.01,0.0,100,0.375,0.85714,,,-0.01,0.01495,0.00049,-0.00633,0.00415,0.52494
1348,1380352,64.47966,123.0,0.88889,0.91,1.210446,-0.003498,0.036406,0.002812,0.268571,0.024554,0.726011,62.542202,4.82541,62.935207,6.615969,4.0,0.00016207,9,558,0.11946,0.16259,0.01,0.0,100,0.22222,1.0,,,-0.01,0.01338,-0.00025,-0.00408,0.00865,0.57827
1349,1381376,72.99944,108.66667,1.0,0.91,1.082225,-0.003137,0.0285,0.003822,0.291316,0.036063,0.709569,60.794392,5.391221,61.462734,5.901485,4.0,0.00016196,6,578,0.07172,0.10774,0.01,0.0,100,0.33333,0.0,,,-0.01,0.01395,0.00027,-0.0026,0.00733,0.44675
1350,1382400,55.16313,161.11111,0.77778,0.9,1.144654,-0.002201,0.152966,0.001296,0.313588,0.007499,0.417159,62.673645,6.021863,61.871052,9.025739,4.0,0.00016186,9,575,0.07986,0.11734,0.02,0.0,100,0.22222,0.875,,,-0.01,0.01316,3e-05,-0.00108,0.00657,0.51636
1351,1383424,72.51477,119.28571,1.0,0.9,1.099635,-0.001736,0.040993,0.002171,0.275937,0.022182,0.114848,63.155273,4.954464,63.740875,4.162708,4.0,0.00016176,7,595,0.06226,0.09668,0.02,0.0,100,0.28571,0.0,,,-0.01,0.01569,0.0,-0.00059,0.00509,0.53538
1352,1384448,71.53301,158.16667,1.0,0.91,1.135815,-0.005266,0.007892,0.002842,0.249085,0.033552,0.712443,64.145401,2.845192,64.27018,2.921456,4.0,0.00016166,6,608,0.08622,0.12052,0.02,0.0,100,0.16667,0.75,,,-0.01,0.01329,0.0003,-0.0028,0.00776,0.45105
1353,1385472,71.91006,142.5,1.0,0.91,1.094841,-0.00442,0.007526,0.003264,0.272045,0.034459,0.672904,64.491974,2.664573,64.56649,2.712906,4.0,0.00016156,6,616,0.08119,0.10784,0.02,0.0,100,0.16667,1.0,,,-0.01,0.0129,0.00025,-0.00092,0.00709,0.46781
1354,1386496,70.95132,170.16667,1.0,0.91,1.068098,-0.003542,0.009165,0.003167,0.245819,0.034319,0.677271,64.217033,2.669967,64.362244,2.92355,4.0,0.00016145,6,586,0.06144,0.08725,0.02,0.0,100,0.0,0.4,,,-0.01,0.0129,0.00042,0.00121,0.00636,0.44986
1355,1387520,71.706,148.875,1.0,0.91,1.013153,-0.003711,0.008884,0.003554,0.218849,0.039097,0.714247,63.9869,2.876672,64.258743,3.06703,4.0,0.00016135,8,575,0.07034,0.10303,0.02,0.0,100,0.0,1.0,,,-0.01,0.01518,0.00022,-0.00018,0.0058,0.63203
1356,1388544,72.8988,124.33333,1.0,0.92,0.987997,-0.004298,0.007443,0.002317,0.318436,0.01838,0.769563,63.993416,2.525966,64.656754,3.085014,4.0,0.00016125,9,606,0.05121,0.07745,0.02,0.0,100,0.22222,1.0,,,-0.01,0.01548,0.00035,-0.00194,0.0082,0.70951
1357,1389568,71.91755,128.125,1.0,0.94,0.949644,-0.002517,0.012296,0.003205,0.297563,0.037563,0.647845,64.664986,2.868109,65.146019,3.200274,4.0,0.00016115,8,629,0.04512,0.07465,0.02,0.0,100,0.25,0.0,,,-0.01,0.01639,0.00048,-0.00144,0.00531,0.65352
1358,1390592,56.6359,104.55556,0.77778,0.92,0.991113,-0.001695,0.259825,0.002238,0.758006,0.018869,0.294594,64.339622,3.995971,62.126019,10.663073,4.0,0.00016104,9,619,0.0562,0.09103,0.02,0.0,100,0.33333,1.0,,,-0.01,0.01638,0.00063,-0.00119,0.00407,0.56538
1359,1391616,72.60454,118.16667,1.0,0.92,1.019166,-0.002717,0.030729,0.002067,0.301554,0.014893,0.586927,63.066223,4.592029,63.408813,4.517752,4.0,0.00016094,6,621,0.05151,0.08113,0.02,0.0,100,0.33333,1.0,,,-0.01,0.0144,5e-05,-0.00285,0.00569,0.48316
1360,1392640,63.44723,163.125,0.875,0.93,1.018785,-0.002908,0.00968,0.003856,0.281146,0.042899,0.872454,63.22826,4.153897,63.602272,4.662531,4.0,0.00016084,8,615,0.04813,0.07926,0.03,0.0,100,0.125,1.0,,,-0.01,0.01448,0.00031,-0.00079,0.00826,0.55513
1361,1393664,72.31763,130.66667,1.0,0.95,1.056797,-0.002958,0.030356,0.004475,0.258925,0.050537,0.296441,64.060303,4.113349,64.542564,3.810187,4.0,0.00016074,9,603,0.05484,0.08875,0.02,0.0,100,0.22222,1.0,,,-0.01,0.01544,0.00061,-7e-05,0.00522,0.69934
1362,1394688,64.1884,122.22222,0.88889,0.94,1.05551,-0.001998,0.126247,0.002108,0.327169,0.011719,0.42592,64.308701,3.62845,63.494465,8.232015,4.0,0.00016063,9,596,0.04533,0.07632,0.02,0.0,100,0.11111,1.0,,,-0.01,0.01326,0.00041,-0.00327,0.00506,0.61272
1363,1395712,72.70488,114.5,1.0,0.95,0.948124,-0.003195,0.022764,0.002664,0.228036,0.022879,0.574447,64.002029,3.848991,64.283012,3.804979,4.0,0.00016053,6,645,0.04297,0.07524,0.01,0.0,100,0.33333,1.0,,,-0.01,0.01484,0.00103,-0.00018,0.00583,0.51061
1364,1396736,72.80882,126.83333,1.0,0.96,0.938166,-0.002465,0.015308,0.002901,0.193445,0.033308,0.737731,63.928089,4.166471,64.095238,4.299168,4.0,0.00016043,6,657,0.03843,0.06447,0.01,0.0,100,0.33333,0.0,,,-0.01,0.01453,0.00048,0.00113,0.00656,0.52944
1365,1397760,63.95199,180.11111,0.88889,0.95,1.006197,-0.003852,0.01046,0.003476,0.272917,0.03983,0.873308,64.012978,4.482071,64.166298,5.041898,4.0,0.00016033,9,614,0.04195,0.06804,0.02,0.0,100,0.22222,0.5,,,-0.01,0.01504,0.00088,-0.00021,0.00776,0.63227
1366,1398784,65.84896,109.6,0.9,0.94,0.934546,-0.002086,0.125827,0.002616,0.192177,0.021415,0.459736,63.841316,5.204107,63.803783,8.376008,4.0,0.00016022,10,602,0.04789,0.07923,0.02,0.0,100,0.3,0.0,,,-0.01,0.01728,0.00086,-0.0001,0.00743,0.72419
1367,1399808,60.93259,111.16667,0.83333,0.93,1.015417,-0.001761,0.132839,0.002489,0.386564,0.028006,0.465365,64.667557,4.651169,63.697502,8.668872,4.0,0.00016012,6,604,0.04274,0.07138,0.02,0.0,100,0.33333,0.5,,,-0.01,0.01612,0.00115,0.00015,0.00716,0.38573
1368,1400832,73.64601,106.5,1.0,0.93,1.075325,-0.004727,0.01276,0.004198,0.274748,0.050816,0.68552,64.973206,2.966846,65.176964,3.363122,4.0,0.00016002,8,616,0.0404,0.06652,0.02,0.0,100,0.125,0.0,,,-0.01,0.01368,0.00071,0.00051,0.0093,0.61112
1369,1401856,71.909,142.5,1.0,0.93,0.99195,-0.002958,0.0213,0.004179,0.253204,0.048514,0.519509,64.191246,3.7727,64.440575,3.80506,4.0,0.00015992,8,639,0.05244,0.07883,0.02,0.0,100,0.25,1.0,,,-0.01,0.01372,0.00031,-0.00078,0.0082,0.64838
1370,1402880,64.76141,143.5,0.875,0.92,0.930422,-0.002796,0.026034,0.00321,0.221535,0.030134,0.398834,64.631721,2.94566,64.844765,3.722987,4.0,0.00015981,8,623,0.04898,0.0812,0.03,0.0,100,0.125,1.0,,,-0.01,0.01597,0.00121,-0.0022,0.00574,0.57473
1371,1403904,72.85251,106.42857,1.0,0.94,0.920966,-0.003719,0.031808,0.002364,0.216026,0.0226,0.459867,64.596992,3.593842,64.652779,4.260418,4.0,0.00015971,7,613,0.05554,0.09092,0.03,0.0,100,0.28571,1.0,,,-0.01,0.01474,0.00125,-0.00163,0.00494,0.59613
1372,1404928,58.30871,138.4,0.8,0.92,0.990443,-0.00166,0.055022,0.001708,0.161987,0.013532,0.516552,64.640625,3.80044,64.872444,5.776071,4.0,0.00015961,10,586,0.05809,0.09438,0.04,0.0,100,0.3,0.5,,,-0.01,0.01682,0.00088,0.00019,0.00844,0.63791
1373,1405952,73.33605,109.81818,1.0,0.93,1.043816,-0.002491,0.011809,0.003063,0.373303,0.036342,0.677234,65.032394,3.316933,66.025902,3.331464,4.0,0.00015951,11,569,0.05578,0.09465,0.03,0.0,100,0.36364,0.0,,,-0.01,0.01694,0.00135,0.00029,0.01078,0.84193
1374,1406976,73.50311,108.9,1.0,0.94,1.060766,-0.004103,0.006344,0.002958,0.303439,0.025495,0.816552,66.098625,3.343879,66.68177,3.265584,4.0,0.0001594,10,563,0.05242,0.08773,0.03,0.0,100,0.2,0.0,,,-0.01,0.01573,0.00084,-0.00162,0.008,0.7612
1375,1408000,62.22575,108.57143,0.85714,0.93,0.982033,-0.001613,0.132414,0.003147,0.355361,0.022008,0.480321,65.053894,5.673498,64.167282,9.146532,4.0,0.0001593,7,593,0.0462,0.07847,0.03,0.0,100,0.42857,1.0,,,-0.01,0.01585,0.00066,-0.00085,0.00654,0.46985
1376,1409024,73.35408,108.33333,1.0,0.93,0.874684,-0.002183,0.055207,0.002493,0.223355,0.028285,0.506643,64.274971,6.425154,64.06144,5.919381,4.0,0.0001592,6,663,0.03788,0.06442,0.03,0.0,100,0.0,1.0,,,-0.01,0.01495,0.00017,-0.0007,0.00455,0.55182
1377,1410048,72.99146,113.66667,1.0,0.93,0.878436,-0.003954,0.012322,0.002151,0.21322,0.021275,0.902559,63.436993,5.567256,63.402924,6.157179,4.0,0.0001591,6,661,0.05573,0.08491,0.03,0.0,100,0.33333,1.0,,,-0.01,0.01566,0.00085,-0.001,0.00703,0.5625
1378,1411072,65.91781,138.55556,0.88889,0.94,0.863258,-0.003494,0.014929,0.0032,0.200978,0.039865,0.925902,62.893494,7.083588,62.935852,7.843641,4.0,0.000159,9,639,0.05559,0.09006,0.03,0.0,100,0.11111,1.0,,,-0.01,0.01556,0.00122,-0.00144,0.00733,0.72847
1379,1412096,56.62485,180.0,0.77778,0.93,0.932154,-0.001591,0.017664,0.002282,0.213588,0.014335,0.796219,64.933403,5.335439,65.398804,5.269166,4.0,0.00015889,9,586,0.06046,0.09723,0.05,0.0,100,0.22222,1.0,,,-0.01,0.01631,0.00107,-0.00264,0.00751,0.56862
1380,1413120,72.96678,104.1,1.0,0.93,0.896939,-0.002076,0.023915,0.002892,0.277976,0.022984,0.389832,65.202133,3.613999,65.819344,3.619097,4.0,0.00015879,10,602,0.05953,0.09746,0.05,0.0,100,0.4,1.0,,,-0.01,0.01583,0.00162,-0.00065,0.00557,0.83033
1381,1414144,73.3069,101.63636,1.0,0.94,1.028629,-0.003518,0.005202,0.001632,0.290126,0.01702,0.821977,66.287918,2.584004,66.93618,2.904654,4.0,0.00015869,11,581,0.05742,0.08959,0.04,0.0,100,0.27273,1.0,,,-0.01,0.01493,0.00091,-0.00092,0.01056,0.81844
1382,1415168,73.8304,101.375,1.0,0.94,0.980937,-0.003399,0.004664,0.002592,0.282557,0.026053,0.81875,66.828789,2.663136,67.454056,2.722677,4.0,0.00015859,8,586,0.05291,0.0875,0.04,0.0,100,0.125,0.0,,,-0.01,0.01547,0.0011,-0.00263,0.01146,0.59609
1383,1416192,73.46617,98.72727,1.0,0.96,0.956105,-0.004128,0.004592,0.003491,0.296825,0.037144,0.831823,66.990395,2.756604,67.594749,2.77477,4.0,0.00015848,11,588,0.05507,0.08544,0.03,0.0,100,0.27273,0.0,,,-0.01,0.014,0.00138,-0.00053,0.01064,0.83082
1384,1417216,73.27812,102.45455,1.0,0.96,0.950421,-0.00252,0.006388,0.002677,0.270861,0.020822,0.712336,67.230949,2.646241,67.864624,2.55332,4.0,0.00015838,11,579,0.06226,0.10027,0.03,0.0,100,0.36364,1.0,,,-0.01,0.01576,0.00074,0.00068,0.00971,0.82952
1385,1418240,58.87188,92.7,0.8,0.94,0.87348,-0.001712,0.256366,0.001028,0.793589,0.009103,0.353112,67.179138,4.098862,65.03614,11.223797,4.0,0.00015828,10,574,0.04779,0.07644,0.03,0.0,100,0.2,0.0,,,-0.01,0.01703,0.0011,0.00145,0.00702,0.61522
1386,1419264,73.97477,93.66667,1.0,0.95,0.898046,-0.002842,0.015967,0.003307,0.435393,0.037667,0.687692,66.183762,3.119978,66.889771,3.189664,4.0,0.00015818,12,593,0.06078,0.09598,0.03,0.0,100,0.08333,0.0,,,-0.01,0.01608,0.00081,-0.00047,0.00826,0.94144
1387,1420288,73.29231,101.83333,1.0,0.95,0.841492,-0.002583,0.030162,0.003053,0.270089,0.035261,0.571454,65.743202,4.848545,65.855957,4.635384,4.0,0.00015807,6,631,0.04938,0.08172,0.03,0.0,100,0.5,0.0,,,-0.01,0.01563,0.00129,-0.00105,0.00657,0.52586
1388,1421312,65.69592,104.2,0.9,0.95,0.839534,-0.001952,0.174943,0.001208,0.507457,0.005824,0.465133,65.474228,5.385207,63.949619,9.739379,4.0,0.00015797,10,623,0.04873,0.08356,0.02,0.0,100,0.2,1.0,,,-0.01,0.01541,0.00117,-0.00043,0.00603,0.7556
1389,1422336,66.17916,129.7,0.9,0.96,0.834631,-0.001326,0.043384,0.003025,0.357707,0.035121,0.820209,63.079094,9.183652,63.958965,8.514008,4.0,0.00015787,10,570,0.05406,0.08612,0.01,0.0,100,0.6,0.0,,,-0.01,0.01581,0.00129,-0.00172,0.0083,0.77636
1390,1423360,62.45719,121.25,0.875,0.95,0.823392,-0.002042,0.165309,0.002502,0.315076,0.019322,0.387371,64.69339,5.676762,63.888603,9.057731,4.0,0.00015777,8,604,0.05414,0.08524,0.01,0.0,100,0.5,1.0,,,-0.01,0.01404,0.00087,-0.0025,0.00803,0.57233
1391,1424384,74.0501,93.33333,1.0,0.95,0.819621,-0.001347,0.029996,0.002295,0.189864,0.026297,0.772347,64.823746,6.098331,65.045113,6.206694,4.0,0.00015766,9,582,0.05601,0.08797,0.01,0.0,100,0.11111,0.0,,,-0.01,0.0151,0.00111,0.00074,0.00799,0.79968
1392,1425408,73.13157,118.625,1.0,0.95,0.828612,-0.002723,0.014498,0.001936,0.195789,0.015032,0.908517,63.884583,6.537219,63.790886,7.000418,4.0,0.00015756,8,599,0.05651,0.09129,0.01,0.0,100,0.0,1.0,,,-0.01,0.01707,0.00112,0.00049,0.00815,0.70651
1393,1426432,63.25169,151.14286,0.85714,0.94,0.889826,-0.003225,0.013854,0.002202,0.224401,0.01995,0.917215,64.676018,6.619768,64.726921,7.130425,4.0,0.00015746,7,553,0.04571,0.07064,0.02,0.0,100,0.28571,0.0,,,-0.01,0.01679,0.001,0.00116,0.01229,0.50281
1394,1427456,74.11417,91.875,1.0,0.94,0.863385,-0.001473,0.032054,0.001741,0.150021,0.014927,0.841679,63.661747,7.911505,63.688179,7.90132,4.0,0.00015736,8,602,0.05586,0.09099,0.02,0.0,100,0.25,0.0,,,-0.01,0.01448,0.00058,0.0007,0.00568,0.72989
1395,1428480,61.6642,206.71429,0.85714,0.93,0.835173,-0.003529,0.010487,0.001518,0.236786,0.014927,0.949535,63.002674,7.456172,62.652794,7.966535,4.0,0.00015725,7,660,0.04832,0.07923,0.03,0.0,100,0.57143,1.0,,,-0.01,0.01548,0.00107,0.00058,0.00476,0.54957
1396,1429504,64.16363,95.0,0.875,0.92,0.779221,-0.001796,0.136163,0.002194,0.345809,0.023298,0.711696,62.241848,9.414956,61.327145,11.810905,4.0,0.00015715,8,616,0.04933,0.08309,0.03,0.0,100,0.125,0.0,,,-0.01,0.01791,0.00182,0.00114,0.0064,0.65313
1397,1430528,65.10433,144.88889,0.88889,0.93,0.893776,-0.001237,0.024236,0.001698,0.217792,0.012626,0.82657,63.859009,6.611504,64.254738,6.646391,4.0,0.00015705,9,622,0.07351,0.11325,0.04,0.0,100,0.22222,1.0,,,-0.01,0.01506,0.00161,-0.00239,0.00982,0.68619
1398,1431552,73.32742,111.0,1.0,0.93,0.80602,-0.003493,0.020045,0.003203,0.226254,0.039028,0.907136,63.367622,7.741028,62.959324,8.086633,4.0,0.00015695,6,693,0.06441,0.10421,0.04,0.0,100,0.0,1.0,,,-0.01,0.01517,0.00117,-0.00109,0.00246,0.61772
1399,1432576,55.9503,153.77778,0.77778,0.91,0.903322,-0.003041,0.158343,0.002771,0.426039,0.03261,0.544234,63.060825,7.140695,61.823708,10.019626,4.0,0.00015684,9,619,0.06095,0.0979,0.05,0.0,100,0.33333,1.0,,,-0.01,0.01765,0.00131,-0.00219,0.00421,0.61841
1400,1433600,73.38334,114.83333,1.0,0.91,0.958603,-0.002708,0.013911,0.003094,0.206337,0.035261,0.879066,63.680012,5.38363,63.658081,5.735981,4.0,0.00015674,6,642,0.07125,0.11074,0.05,0.0,100,0.0,0.0,,,-0.01,0.01625,0.00191,0.00039,0.00579,0.52756
1401,1434624,63.00036,179.125,0.875,0.91,1.065107,-0.002795,0.014659,0.002394,0.210134,0.020612,0.808489,64.384804,4.906274,64.677513,5.017873,4.0,0.00015664,8,622,0.07473,0.11074,0.06,0.0,100,0.375,1.0,,,-0.01,0.01598,0.00094,-0.0018,0.00839,0.55453
1402,1435648,73.10047,122.625,1.0,0.92,1.108724,-0.002959,0.010913,0.003009,0.246806,0.028599,0.585822,64.870491,2.885274,65.238625,2.952804,4.0,0.00015654,8,592,0.05835,0.09003,0.05,0.0,100,0.5,0.0,,,-0.01,0.01704,0.0007,0.00116,0.00773,0.60526
1403,1436672,73.27943,134.57143,1.0,0.93,1.129851,-0.003496,0.014627,0.002644,0.214217,0.028251,0.727285,64.892273,3.795698,65.077499,3.937987,4.0,0.00015644,7,588,0.0644,0.09683,0.05,0.0,100,0.0,0.0,,,-0.01,0.01432,0.00171,-0.00049,0.00743,0.52905
1404,1437696,73.09875,115.5,1.0,0.93,0.95346,-0.003281,0.01437,0.003173,0.261982,0.03397,0.818976,63.834522,4.273494,64.118095,4.873933,4.0,0.00015633,8,631,0.05851,0.09497,0.05,0.0,100,0.125,0.0,,,-0.01,0.01639,0.00144,-0.00067,0.00808,0.69562
1405,1438720,72.10754,137.44444,1.0,0.93,0.966943,-0.003447,0.020416,0.004651,0.257567,0.060407,0.666353,64.051682,4.609111,64.464439,4.36899,4.0,0.00015623,9,585,0.04827,0.07663,0.05,0.0,100,0.55556,0.0,,,-0.01,0.01431,0.00046,0.00014,0.0056,0.74002
1406,1439744,72.68989,112.25,1.0,0.94,0.904755,-0.003806,0.007564,0.003124,0.227478,0.029192,0.86672,64.670952,3.56293,64.92981,4.162016,4.0,0.00015613,8,627,0.05842,0.0859,0.04,0.0,100,0.375,1.0,,,-0.01,0.01415,0.00128,-0.00139,0.00608,0.69777
1407,1440768,62.97437,113.875,0.875,0.93,0.890623,-0.00211,0.170613,0.001545,0.426232,0.012242,0.369834,63.969555,5.066793,62.517487,8.824921,4.0,0.00015603,8,637,0.05047,0.08581,0.04,0.0,100,0.625,0.0,,,-0.01,0.01439,0.00099,-0.00047,0.00175,0.61347
1408,1441792,62.42652,156.42857,0.85714,0.93,0.858699,-0.002952,0.009391,0.00257,0.192537,0.01852,0.917681,63.435581,5.120413,63.639179,5.702027,4.0,0.00015592,7,612,0.04482,0.07759,0.04,0.0,100,0.14286,0.0,,,-0.01,0.01574,0.00113,0.00032,0.00551,0.54299
1409,1442816,72.13162,137.55556,1.0,0.95,0.895437,-0.003612,0.036236,0.003726,0.238495,0.047677,0.704833,63.301056,6.253501,63.57505,6.116644,4.0,0.00015582,9,640,0.04161,0.07552,0.03,0.0,100,0.11111,1.0,,,-0.01,0.01596,0.00098,0.00113,0.00378,0.80024
1410,1443840,72.76718,123.85714,1.0,0.95,0.911259,-0.002561,0.013083,0.002402,0.188862,0.022008,0.728796,64.430122,3.878096,64.616234,3.86586,4.0,0.00015572,7,584,0.0519,0.08408,0.03,0.0,100,0.14286,1.0,,,-0.01,0.01511,0.00101,0.00018,0.00369,0.6042
1411,1444864,71.92397,127.0,1.0,0.95,0.912606,-0.001856,0.010259,0.002152,0.191704,0.014369,0.597225,64.957634,2.628616,65.247734,2.776018,4.0,0.00015562,8,627,0.04829,0.07862,0.03,0.0,100,0.375,0.0,,,-0.01,0.0145,0.00115,0.00055,0.00778,0.67525
1412,1445888,55.89416,131.0,0.77778,0.95,1.073191,-0.001736,0.261374,0.003229,0.736586,0.023647,0.242527,64.997093,3.138672,62.899479,10.3557,4.0,0.00015551,9,581,0.04692,0.07378,0.02,0.0,100,0.33333,1.0,,,-0.01,0.01624,0.00099,-6e-05,0.00643,0.51877
1413,1446912,73.14061,112.125,1.0,0.96,1.054678,-0.002113,0.038714,0.002814,0.315055,0.023786,0.393528,63.046932,3.701248,63.549786,3.875872,4.0,0.00015541,8,498,0.04993,0.08439,0.01,0.0,100,0.125,0.0,,,-0.01,0.01396,0.00087,-0.00037,0.00448,0.61466
1414,1447936,73.01406,121.75,1.0,0.96,1.002101,-0.0023,0.018872,0.002441,0.281271,0.020124,0.756818,63.40522,4.086956,63.935097,4.699857,4.0,0.00015531,8,606,0.04656,0.07407,0.01,0.0,100,0.0,0.0,,,-0.01,0.01519,0.00141,0.00071,0.00802,0.65036
1415,1448960,64.53037,115.0,0.88889,0.95,0.987529,-0.002486,0.142288,0.002819,0.517694,0.030169,0.489706,63.340389,5.121021,61.911083,8.994129,4.0,0.00015521,9,570,0.05428,0.0894,0.01,0.0,100,0.33333,0.0,,,-0.01,0.01348,0.00084,-0.00114,0.00243,0.67645
1416,1449984,62.20756,167.85714,0.85714,0.94,0.946216,-0.002434,0.012702,0.001675,0.208955,0.01552,0.908597,61.852058,5.615829,62.224827,6.188623,4.0,0.0001551,7,609,0.04855,0.07806,0.02,0.0,100,0.0,1.0,,,-0.01,0.01261,0.00052,-4e-05,0.00912,0.52351
1417,1451008,71.35286,156.71429,1.0,0.94,1.030437,-0.003308,0.021415,0.003603,0.217553,0.04691,0.791312,62.573235,5.147828,62.825726,5.478503,4.0,0.000155,7,587,0.04955,0.08072,0.02,0.0,100,0.0,0.0,,,-0.01,0.01185,0.00083,-0.00138,0.00603,0.54965
1418,1452032,73.01258,129.83333,1.0,0.94,0.955626,-0.002494,0.030629,0.003522,0.207983,0.037877,0.758184,62.422211,5.852667,62.229527,6.122885,4.0,0.0001549,6,628,0.05498,0.08893,0.02,0.0,100,0.0,1.0,,,-0.01,0.01227,0.00113,-0.00114,0.00607,0.51448
1419,1453056,71.1023,147.33333,1.0,0.94,0.834249,-0.001942,0.011851,0.001882,0.166355,0.016881,0.929673,61.218964,6.610725,61.277657,7.133342,4.0,0.0001548,6,673,0.05134,0.08254,0.02,0.0,100,0.16667,0.0,,,-0.01,0.01199,0.00126,0.0,0.00375,0.59604
1420,1454080,57.92745,187.6,0.8,0.93,0.909412,-0.004596,0.008854,0.004091,0.266283,0.054408,0.950643,62.067966,6.986112,61.963562,7.538486,4.0,0.00015469,5,595,0.05343,0.08289,0.03,0.0,100,0.2,0.0,,,-0.01,0.01381,0.00077,5e-05,0.00706,0.35451
1421,1455104,61.27224,188.14286,0.85714,0.94,0.890117,-0.002838,0.027786,0.002696,0.220767,0.026925,0.856794,62.101692,7.011656,61.714146,7.45482,4.0,0.00015459,7,628,0.05587,0.09312,0.03,0.0,100,0.14286,1.0,,,-0.01,0.01456,0.0011,-0.0026,9e-05,0.54126
1422,1456128,62.58076,134.0,0.875,0.93,0.819982,-0.001506,0.128532,0.002821,0.257593,0.039376,0.545239,62.284416,6.120868,61.688564,9.113379,4.0,0.00015449,8,623,0.04836,0.07913,0.03,0.0,100,0.25,1.0,,,-0.01,0.01411,0.00093,0.00121,0.00414,0.66017
1423,1457152,72.04645,140.33333,1.0,0.93,0.840384,-0.002218,0.023061,0.000629,0.206056,0.002651,0.900699,60.558178,7.916812,60.687386,8.283393,4.0,0.00015439,6,667,0.0518,0.08305,0.03,0.0,100,0.16667,1.0,,,-0.01,0.0124,0.00126,0.00123,0.00681,0.59874
1424,1458176,60.55763,178.66667,0.83333,0.92,0.813453,-0.002397,0.017754,0.002074,0.229034,0.014648,0.946219,59.441689,9.305183,59.278484,9.957251,4.0,0.00015428,6,656,0.0463,0.07657,0.04,0.0,100,0.33333,0.0,,,-0.01,0.0133,0.0009,0.00152,0.00818,0.49987
1425,1459200,64.11467,152.875,0.875,0.91,0.90804,-0.002284,0.05498,0.003272,0.222104,0.037877,0.779601,60.910648,8.457234,61.063763,8.696057,4.0,0.00015418,8,610,0.04696,0.07404,0.05,0.0,100,0.125,1.0,,,-0.01,0.01518,0.00072,0.0014,0.00521,0.61805
1426,1460224,60.36271,115.83333,0.83333,0.91,0.867832,-0.001553,0.154774,0.002483,0.414836,0.028774,0.495935,61.780758,6.145922,60.555218,9.36474,4.0,0.00015408,6,654,0.04601,0.06665,0.05,0.0,100,0.33333,0.0,,,-0.01,0.01434,0.00056,0.00103,0.00533,0.47011
1427,1461248,72.50653,124.44444,1.0,0.92,0.920794,-0.002067,0.026558,0.001609,0.38664,0.007568,0.860157,60.895569,6.730915,61.919075,7.253684,4.0,0.00015398,9,595,0.04487,0.07162,0.05,0.0,100,0.33333,1.0,,,-0.01,0.01545,0.00088,-0.00035,0.00666,0.78988
1428,1462272,63.95087,155.625,0.875,0.91,1.094129,-0.002378,0.022324,0.003356,0.304462,0.027448,0.805106,62.900005,5.604523,63.599522,5.94143,4.0,0.00015388,8,554,0.05129,0.07344,0.06,0.0,100,0.0,0.0,,,-0.01,0.01399,0.00101,0.00025,0.00933,0.53249
1429,1463296,72.80086,117.28571,1.0,0.91,0.923223,-0.002454,0.027377,0.002518,0.227246,0.029471,0.765927,63.206306,5.598364,63.508636,5.843715,4.0,0.00015377,7,605,0.04176,0.06794,0.06,0.0,100,0.14286,0.0,,,-0.01,0.01422,0.00084,-0.00025,0.00332,0.59953
1430,1464320,71.37729,148.55556,1.0,0.92,0.849184,-0.00173,0.034373,0.001413,0.212323,0.007185,0.669848,62.724922,5.956872,63.019321,5.667771,4.0,0.00015367,9,629,0.04184,0.06993,0.06,0.0,100,0.22222,0.0,,,-0.01,0.01373,0.00055,-0.00111,0.00395,0.82541
1431,1465344,71.94234,124.14286,1.0,0.93,0.910394,-0.002443,0.013576,0.002515,0.261357,0.020508,0.656459,64.174271,3.213488,64.703636,3.464469,4.0,0.00015357,7,604,0.04485,0.06829,0.05,0.0,100,0.28571,0.0,,,-0.01,0.01546,0.00054,0.00156,0.00335,0.58874
1432,1466368,64.61125,119.77778,0.88889,0.92,0.949223,-0.000682,0.130922,0.00305,0.204887,0.029715,0.234952,64.892319,3.417506,64.576408,7.119061,4.0,0.00015347,9,601,0.04653,0.07096,0.05,0.0,100,0.11111,1.0,,,-0.01,0.01506,0.00089,0.00101,0.00669,0.66716
1433,1467392,72.66738,125.625,1.0,0.93,1.04664,-0.002852,0.00946,0.003052,0.30812,0.025426,0.750683,65.025688,3.120342,65.606117,3.099094,4.0,0.00015336,8,575,0.05274,0.0733,0.04,0.0,100,0.125,0.0,,,-0.01,0.01425,0.00119,-0.0003,0.0087,0.60267
1434,1468416,72.76787,121.55556,1.0,0.94,0.969519,-0.002885,0.006175,0.002881,0.284732,0.023717,0.82109,65.578094,3.133056,66.096558,3.22406,4.0,0.00015326,9,581,0.04543,0.06878,0.03,0.0,100,0.11111,1.0,,,-0.01,0.01467,0.00074,0.0001,0.00719,0.7042
1435,1469440,72.99257,116.9,1.0,0.95,0.986822,-0.004478,0.004874,0.00399,0.299853,0.040179,0.826905,66.299049,2.87728,66.894096,2.796584,4.0,0.00015316,10,584,0.04768,0.07283,0.03,0.0,100,0.2,0.0,,,-0.01,0.01591,0.00104,0.00032,0.00734,0.77229
1436,1470464,73.19075,112.55556,1.0,0.96,1.009536,-0.004967,0.003942,0.003925,0.280656,0.047224,0.853926,66.672165,2.862875,67.174034,2.779312,4.0,0.00015306,9,561,0.05757,0.08332,0.02,0.0,100,0.11111,1.0,,,-0.01,0.01574,0.00068,-0.00071,0.00949,0.66802
1437,1471488,73.89049,108.85714,1.0,0.97,0.915321,-0.003821,0.006664,0.003344,0.225405,0.037493,0.808741,66.464912,2.874425,66.688637,3.161039,4.0,0.00015295,7,595,0.04008,0.06174,0.01,0.0,100,0.0,0.0,,,-0.01,0.01728,0.00073,0.00065,0.00963,0.56842
1438,1472512,72.62793,131.0,1.0,0.98,0.923494,-0.002643,0.025015,0.002548,0.238515,0.023368,0.607927,66.308197,3.560799,66.297554,4.26078,4.0,0.00015285,9,595,0.04126,0.06374,0.01,0.0,100,0.44444,1.0,,,-0.01,0.01608,0.00063,0.00112,0.00625,0.72401
1439,1473536,72.71621,125.44444,1.0,0.98,0.902733,-0.001892,0.012354,0.00165,0.210876,0.015625,0.686853,66.319939,4.684674,66.779831,3.755725,4.0,0.00015275,9,605,0.04537,0.07132,0.01,0.0,100,0.11111,1.0,,,-0.01,0.01553,0.0016,-0.00028,0.00871,0.73229
1440,1474560,64.50035,103.55556,0.88889,0.98,0.916165,-0.00225,0.16796,0.002553,0.362815,0.029681,0.154187,66.825394,2.184787,65.892845,7.554866,4.0,0.00015265,9,576,0.04758,0.07821,0.0,0.0,100,0.33333,0.0,,,-0.01,0.01648,0.00052,-0.00067,0.00674,0.62319
1441,1475584,73.77405,105.375,1.0,0.98,0.987547,-0.004689,0.004166,0.003015,0.250151,0.028843,0.823541,66.886345,2.164761,67.19722,2.394628,4.0,0.00015254,8,579,0.05501,0.08402,0.0,0.0,100,0.0,1.0,,,-0.01,0.01563,0.00066,0.00032,0.01109,0.6051
1442,1476608,73.27787,115.54545,1.0,0.98,0.950179,-0.002339,0.009426,0.002484,0.222972,0.018415,0.65906,66.752342,2.99495,67.04557,2.965798,4.0,0.00015244,11,584,0.04137,0.06795,0.0,0.0,100,0.18182,1.0,,,-0.01,0.01582,0.00102,-0.00217,0.00807,0.83183
1443,1477632,73.44628,107.55556,1.0,0.99,0.940422,-0.004006,0.00624,0.0029,0.244711,0.030378,0.805694,66.864662,2.694132,67.085342,3.040452,4.0,0.00015234,9,582,0.04176,0.0667,0.0,0.0,100,0.0,0.0,,,-0.01,0.01561,0.00147,-0.00121,0.00721,0.69211
1444,1478656,71.47706,131.14286,1.0,0.99,0.78829,-0.001831,0.014741,0.002214,0.164377,0.015904,0.560901,66.24511,3.596857,66.287453,3.27773,4.0,0.00015224,7,650,0.04042,0.06706,0.0,0.0,100,0.28571,0.0,,,-0.01,0.01437,0.00107,-0.00218,0.00384,0.63943
1445,1479680,72.42786,133.0,1.0,0.99,0.809318,-0.003182,0.006283,0.002903,0.223921,0.03261,0.801755,66.771744,2.86661,66.537506,3.084623,4.0,0.00015213,5,635,0.03263,0.05545,0.0,0.0,100,0.0,0.0,,,-0.01,0.01296,0.00053,-0.00101,0.00653,0.44283
1446,1480704,72.3384,123.18182,1.0,0.99,0.922644,-0.003903,0.005523,0.002689,0.219611,0.028355,0.876056,66.337898,3.285944,66.407028,3.708265,4.0,0.00015203,11,586,0.0379,0.06176,0.0,0.0,100,0.18182,1.0,,,-0.01,0.01271,0.00029,-0.00457,0.00764,0.88528
1447,1481728,70.99239,142.44444,1.0,0.99,0.907993,-0.003274,0.006059,0.002614,0.220364,0.029262,0.837167,66.188087,2.987025,66.388893,3.256238,4.0,0.00015193,9,591,0.03991,0.06546,0.0,0.0,100,0.22222,1.0,,,-0.01,0.01404,0.00082,-0.00246,0.00728,0.70206
1448,1482752,72.94738,112.0,1.0,0.99,0.9584,-0.004925,0.00301,0.003776,0.282523,0.043736,0.826046,67.153336,2.264146,67.476257,2.206037,4.0,0.00015183,8,569,0.03134,0.05258,0.0,0.0,100,0.125,0.0,,,-0.01,0.01649,0.00038,-0.00098,0.00833,0.59607
1449,1483776,73.44373,104.88889,1.0,0.99,0.884842,-0.004205,0.003443,0.003062,0.29251,0.034982,0.804522,67.269722,2.068317,67.799179,2.160299,4.0,0.00015172,9,575,0.0303,0.05204,0.0,0.0,100,0.22222,1.0,,,-0.01,0.01569,0.00088,0.00066,0.01064,0.69329
1450,1484800,73.49279,95.25,1.0,0.99,0.892683,-0.004273,0.002875,0.003508,0.325549,0.03983,0.867605,67.870689,2.243851,68.409561,2.349673,4.0,0.00015162,12,569,0.03496,0.05767,0.0,0.0,100,0.08333,0.0,,,-0.01,0.01418,0.00093,-0.00303,0.01244,0.90645
1451,1485824,73.43352,96.5,1.0,1.0,0.868789,-0.003002,0.003856,0.002576,0.258781,0.020682,0.803674,67.522774,2.110316,67.917,2.297683,4.0,0.00015152,12,570,0.03888,0.0649,0.0,0.0,100,0.41667,0.0,,,-0.01,0.01499,0.0009,-0.00313,0.0065,0.92812
1452,1486848,72.99834,103.125,1.0,1.0,0.789204,-0.003208,0.003668,0.001226,0.220291,0.007568,0.728062,68.383789,2.083685,68.649666,1.981517,4.0,0.00015142,8,599,0.0304,0.05281,0.0,0.0,100,0.125,1.0,,,-0.01,0.01554,0.00086,-0.00091,0.01031,0.64489
1453,1487872,73.61734,91.36364,1.0,1.0,0.791839,-0.003791,0.004486,0.001323,0.219235,0.012765,0.829233,68.129601,2.303091,68.217575,2.730565,4.0,0.00015132,11,593,0.04085,0.06568,0.0,0.0,100,0.27273,0.0,,,-0.01,0.01393,0.00063,-0.00122,0.00775,0.89255
1454,1488896,73.3093,105.2,1.0,1.0,0.7449,-0.002191,0.005488,0.001634,0.204847,0.01716,0.641674,68.082352,2.135094,68.406288,2.124149,4.0,0.00015121,10,598,0.03169,0.05255,0.0,0.0,100,0.0,1.0,,,-0.01,0.01507,0.00019,0.00152,0.01077,0.82636
1455,1489920,64.54039,87.5,0.875,0.99,0.679275,-0.001125,0.17685,0.002808,0.434144,0.030518,0.069532,68.494041,2.102058,67.004585,7.376513,4.0,0.00015111,8,640,0.03397,0.05443,0.0,0.0,100,0.125,0.0,,,-0.01,0.01401,0.00102,-0.00062,0.00756,0.66369
1456,1490944,72.37783,111.22222,1.0,0.99,0.704115,-0.003082,0.007033,0.00157,0.220939,0.015765,0.865958,67.258682,3.245426,67.095032,3.741122,4.0,0.00015101,9,631,0.03577,0.05742,0.0,0.0,100,0.22222,0.0,,,-0.01,0.01408,0.00065,-0.00174,0.00828,0.82859
1457,1491968,61.12734,123.41667,0.83333,0.97,0.763539,-0.00108,0.164599,0.001952,0.459903,0.018311,0.249251,67.570152,3.108069,66.113022,7.956764,4.0,0.00015091,12,601,0.05118,0.07905,0.01,0.0,100,0.08333,1.0,,,-0.01,0.01482,0.00083,-0.00177,0.00606,0.85178
1458,1492992,71.51628,122.75,1.0,0.97,0.69862,-0.002339,0.017938,0.002968,0.215489,0.032122,0.573376,66.510109,3.538899,66.561768,3.441175,4.0,0.0001508,8,630,0.03681,0.06395,0.01,0.0,100,0.125,0.0,,,-0.01,0.01682,0.00084,-0.00345,0.00444,0.74238
1459,1494016,74.33258,88.1,1.0,0.97,0.838521,-0.003988,0.008041,0.001767,0.209367,0.01988,0.673339,67.617775,1.936435,67.646248,2.666901,4.0,0.0001507,10,593,0.04152,0.06582,0.01,0.0,100,0.1,1.0,,,-0.01,0.01445,0.00126,-0.00121,0.01266,0.81629
1460,1495040,66.76766,108.66667,0.91667,0.96,0.774249,-0.000716,0.134503,0.002592,0.373316,0.022287,0.31843,66.930298,2.483418,65.918221,7.926081,4.0,0.0001506,12,615,0.04228,0.06991,0.01,0.0,100,0.25,0.0,,,-0.01,0.01553,0.00127,-0.00472,0.0078,0.94682
1461,1496064,73.93356,91.33333,1.0,0.96,0.85076,-0.003127,0.010623,0.00271,0.212638,0.025077,0.673488,68.291893,2.620488,68.40477,2.914728,4.0,0.0001505,9,570,0.03609,0.05667,0.01,0.0,100,0.11111,0.0,,,-0.01,0.01558,0.00066,-0.00293,0.01291,0.67985
1462,1497088,73.23137,92.7,1.0,0.96,0.802496,-0.001992,0.025919,0.001782,0.190301,0.015625,0.658133,67.040245,4.591854,66.939644,4.691358,4.0,0.00015039,10,618,0.03963,0.06502,0.01,0.0,100,0.2,0.0,,,-0.01,0.01502,0.00079,-0.00101,0.00775,0.86837
1463,1498112,72.97996,115.27273,1.0,0.96,0.851464,-0.002053,0.00894,0.001308,0.209014,0.008231,0.744831,67.409492,3.277338,67.825684,3.174112,4.0,0.00015029,11,586,0.04624,0.06992,0.01,0.0,100,0.0,1.0,,,-0.01,0.01628,0.00149,-0.00261,0.01138,0.87557
1464,1499136,73.16324,99.125,1.0,0.96,0.835864,-0.002724,0.021647,0.00257,0.208462,0.029471,0.402214,67.107117,3.184924,66.968025,3.391792,4.0,0.00015019,8,593,0.04773,0.07672,0.01,0.0,100,0.375,0.0,,,-0.01,0.01636,0.00096,-0.00263,0.00498,0.65766
1465,1500160,73.36335,102.4,1.0,0.97,0.856634,-0.004377,0.008541,0.002634,0.197681,0.028181,0.737145,67.162003,2.643175,67.271454,3.162698,4.0,0.00015009,10,582,0.07639,0.10388,0.01,0.0,100,0.4,1.0,,,-0.01,0.01526,0.00054,-0.0038,0.00726,0.82432
1466,1501184,73.54157,98.75,1.0,0.97,0.888736,-0.003062,0.012311,0.002995,0.245015,0.038714,0.799985,66.603111,3.680452,66.27491,4.228714,4.0,0.00014998,8,592,0.08703,0.12309,0.01,0.0,100,0.5,0.0,,,-0.01,0.01417,0.00049,-0.0057,0.0038,0.66187
1467,1502208,73.00408,107.88889,1.0,0.98,0.88407,-0.003803,0.010269,0.002304,0.208044,0.019531,0.870233,65.845497,4.223638,65.793228,4.875417,4.0,0.00014988,9,572,0.08657,0.12986,0.0,0.0,100,0.33333,1.0,,,-0.01,0.01446,-4e-05,-0.00715,0.00479,0.73891
1468,1503232,55.7994,144.0,0.8,0.97,0.849954,-0.000567,0.146079,0.001241,0.399067,0.007882,0.226907,67.266029,2.691391,66.161087,7.704525,4.0,0.00014978,10,607,0.04831,0.07881,0.01,0.0,100,0.5,0.95238,,,-0.01,0.01603,0.00071,-0.00093,0.00481,0.68785
1469,1504256,73.6765,94.5,1.0,0.97,0.926955,-0.002833,0.03564,0.003354,0.259662,0.042376,0.428762,67.674988,2.864524,67.498703,4.061855,4.0,0.00014968,10,582,0.04927,0.07734,0.01,0.0,100,0.2,0.0,,,-0.01,0.01706,0.00107,0.00068,0.00827,0.78863
1470,1505280,59.72414,97.45455,0.81818,0.95,0.958159,-0.002641,0.181583,0.003376,0.494236,0.036586,0.453153,67.409645,4.038677,65.86171,10.10501,4.0,0.00014957,11,569,0.06213,0.09605,0.01,0.0,100,0.54545,1.0,,,-0.01,0.0183,0.0011,0.00066,0.00618,0.69568
1471,1506304,73.89234,101.44444,1.0,0.96,0.973273,-0.003056,0.021458,0.003314,0.263679,0.037842,0.562896,66.610451,3.388349,66.577682,3.660876,4.0,0.00014947,9,576,0.05219,0.08297,0.01,0.0,100,0.11111,0.0,,,-0.01,0.0173,0.00128,0.0016,0.00791,0.70893
1472,1507328,73.72968,104.88889,1.0,0.96,0.956192,-0.001495,0.030125,0.002483,0.242085,0.027553,0.547859,64.787842,5.401388,65.186607,4.866443,4.0,0.00014937,9,576,0.07111,0.10969,0.01,0.0,100,0.22222,1.0,,,-0.01,0.01717,0.0007,0.00058,0.00659,0.74055
1473,1508352,73.23063,118.5,1.0,0.96,0.947047,-0.002052,0.013044,0.002168,0.202581,0.015102,0.836576,65.32637,4.474687,65.265221,4.911065,4.0,0.00014927,8,593,0.05774,0.09006,0.01,0.0,100,0.25,1.0,,,-0.01,0.01684,-0.0001,0.00082,0.00648,0.65636
1474,1509376,56.90486,144.33333,0.77778,0.94,1.021417,-0.00264,0.156158,0.003387,0.360844,0.032192,0.347149,65.989395,3.864313,64.911186,8.259267,4.0,0.00014916,9,581,0.05539,0.08643,0.02,0.0,100,0.22222,1.0,,,-0.01,0.01787,0.00091,0.00091,0.00861,0.53274
1475,1510400,73.48914,112.88889,1.0,0.94,1.049768,-0.003251,0.02769,0.002044,0.217957,0.015974,0.560334,65.355881,3.841367,65.487175,4.230366,4.0,0.00014906,9,583,0.04845,0.07922,0.02,0.0,100,0.22222,1.0,,,-0.01,0.01569,0.00038,-0.00081,0.00558,0.69422
1476,1511424,63.25504,115.75,0.875,0.93,0.97792,-0.001167,0.133337,0.0035,0.241842,0.031006,0.447075,64.678566,4.427274,64.169304,8.32403,4.0,0.00014896,8,545,0.05939,0.09756,0.02,0.0,100,0.25,0.0,,,-0.01,0.01829,0.00065,0.00086,0.00569,0.55373
1477,1512448,73.65068,112.33333,1.0,0.93,1.038805,-0.002489,0.024905,0.002158,0.289747,0.016009,0.301934,65.280342,3.53512,65.856865,3.296093,4.0,0.00014886,9,574,0.05941,0.09297,0.02,0.0,100,0.22222,0.0,,,-0.01,0.01783,0.0005,0.00179,0.01126,0.68243
1478,1513472,74.07799,102.9,1.0,0.94,1.062866,-0.002781,0.010772,0.002662,0.289753,0.024379,0.683956,65.418991,2.775632,65.991829,3.214757,4.0,0.00014876,10,564,0.07775,0.11759,0.01,0.0,100,0.1,1.0,,,-0.01,0.01835,0.00082,0.00042,0.0105,0.74891
1479,1514496,73.1855,111.9,1.0,0.95,1.026368,-0.002922,0.036405,0.003492,0.228566,0.040388,0.680133,64.973572,5.453895,65.140411,5.705952,4.0,0.00014865,10,581,0.07,0.11127,0.01,0.0,100,0.2,1.0,,,-0.01,0.01596,0.00097,-0.00023,0.00348,0.79633
1480,1515520,72.94844,114.75,1.0,0.95,0.88609,-0.003872,0.004864,0.003753,0.202934,0.047712,0.967602,64.589546,6.379705,64.788887,6.889047,4.0,0.00014855,8,618,0.0651,0.10189,0.01,0.0,100,0.5,0.0,,,-0.01,0.01756,0.00082,0.00044,0.00547,0.70904
1481,1516544,73.13252,114.16667,1.0,0.96,0.959773,-0.003124,0.013454,0.002115,0.202522,0.019496,0.953244,63.668922,8.647233,63.534573,9.068695,4.0,0.00014845,6,605,0.09384,0.13972,0.01,0.0,100,0.5,0.5,,,-0.01,0.0165,0.00145,-0.00322,0.00571,0.5245
1482,1517568,63.16396,171.75,0.875,0.96,1.00224,-0.002225,0.01075,0.001868,0.177235,0.014718,0.959578,64.752197,8.4575,64.705971,8.709793,4.0,0.00014835,8,584,0.08064,0.12221,0.02,0.0,100,0.375,1.0,,,-0.01,0.0182,0.00058,0.00041,0.00615,0.57609
1483,1518592,56.55785,113.77778,0.77778,0.94,1.066968,-0.001121,0.214053,0.001627,0.644084,0.011789,0.371747,66.026802,4.556369,64.4067,10.237095,4.0,0.00014824,9,568,0.08372,0.12675,0.02,0.0,100,0.22222,0.0,,,-0.01,0.01869,0.0008,-0.00338,0.00298,0.54082
1484,1519616,62.17185,110.57143,0.85714,0.93,0.933365,-0.001508,0.113056,0.002518,0.419211,0.030134,0.745247,63.401989,8.864711,62.247524,11.630891,4.0,0.00014814,7,620,0.08503,0.12602,0.02,0.0,100,0.14286,0.0,,,-0.01,0.01695,0.00079,-0.00261,0.00462,0.53384
1485,1520640,72.05912,138.0,1.0,0.93,1.005078,-0.002936,0.047872,0.002732,0.235946,0.032506,0.896596,60.954403,11.937052,60.806988,11.950732,4.0,0.00014804,7,579,0.09846,0.14246,0.02,0.0,100,0.42857,1.0,,,-0.01,0.01541,0.00123,-0.0008,0.00619,0.60566
1486,1521664,64.62655,155.44444,0.88889,0.94,0.968218,-0.002221,0.052073,0.003155,0.288076,0.027658,0.849489,61.460072,10.686443,61.715843,10.669446,4.0,0.00014794,9,558,0.07946,0.12115,0.02,0.0,100,0.33333,0.0,,,-0.01,0.01781,0.00077,0.00073,0.00316,0.68078
1487,1522688,72.83617,130.6,1.0,0.94,1.022132,-0.002713,0.052132,0.002799,0.297996,0.028146,0.6468,62.989101,6.024996,62.333279,6.478756,4.0,0.00014783,5,574,0.09442,0.1337,0.02,0.0,100,0.4,0.0,,,-0.01,0.01857,0.00032,-0.00188,0.00403,0.41926
1488,1523712,59.66727,133.83333,0.83333,0.94,1.02644,-0.001233,0.049283,0.000828,0.255179,0.002999,0.826535,61.703552,7.443334,61.23962,9.290827,4.0,0.00014773,6,581,0.10306,0.14535,0.02,0.0,100,0.5,1.0,,,-0.01,0.01716,0.0004,-0.00043,0.00627,0.4249
1489,1524736,72.80322,143.83333,1.0,0.94,1.064434,-0.002692,0.015943,0.002149,0.219875,0.019287,0.958942,60.47599,9.998314,60.260647,10.434414,4.0,0.00014763,6,602,0.0838,0.12031,0.02,0.0,100,0.16667,1.0,,,-0.01,0.0158,0.00025,-0.00016,0.00501,0.50821
1490,1525760,49.15122,240.16667,0.66667,0.92,1.068626,-0.004232,0.055452,0.003302,0.304821,0.040667,0.850518,60.20126,9.800962,59.62326,10.276465,4.0,0.00014753,6,593,0.10207,0.14739,0.04,0.0,100,0.16667,1.0,,,-0.01,0.01696,0.0004,0.00019,0.00472,0.32946
1491,1526784,60.98477,158.57143,0.85714,0.91,0.986629,-0.00192,0.126985,0.001607,0.417737,0.010603,0.819721,56.633236,12.386306,55.358494,14.263783,4.0,0.00014742,7,609,0.09307,0.14127,0.04,0.0,100,0.42857,1.0,,,-0.01,0.01494,0.00046,-0.00077,0.00169,0.54215
1492,1527808,71.42888,171.0,1.0,0.91,0.990379,-0.003601,0.030571,0.002301,0.245922,0.022949,0.951615,55.932323,13.707772,56.168072,13.977204,4.0,0.00014732,4,626,0.09077,0.12165,0.04,0.0,100,0.25,1.0,,,-0.01,0.01536,0.00063,0.00112,0.00648,0.36081
1493,1528832,41.9809,223.2,0.6,0.89,1.193807,-0.003593,0.168021,0.004097,0.566146,0.049212,0.574034,58.399639,7.769409,56.375721,10.41889,4.0,0.00014722,5,561,0.10914,0.147,0.05,0.0,100,0.4,0.0,,,-0.01,0.01531,-0.00045,-0.00498,-0.00169,0.22797
1494,1529856,60.09125,181.625,0.875,0.88,1.128888,-0.00336,0.064429,0.00394,0.290218,0.045271,0.550834,58.241051,5.681047,58.627499,6.612518,4.0,0.00014712,8,534,0.10639,0.14923,0.05,0.0,100,0.625,1.0,,,-0.01,0.01454,0.0005,-0.00083,0.00156,0.54851
1495,1530880,71.13281,155.0,1.0,0.88,1.114942,-0.002371,0.052964,0.002462,0.237333,0.02131,0.459546,57.653706,5.572871,57.494343,5.741427,4.0,0.00014701,4,566,0.09514,0.13515,0.05,0.0,100,0.75,1.0,,,-0.01,0.01158,-0.00026,-0.00177,0.001,0.3265
1496,1531904,68.6153,219.42857,1.0,0.88,1.13069,-0.003664,0.034377,0.00347,0.332664,0.038644,0.421771,57.250278,4.546815,57.973377,4.552451,4.0,0.00014691,7,585,0.10933,0.15803,0.05,0.0,100,0.71429,1.0,,,-0.01,0.0131,0.00012,-0.00115,0.00139,0.55263
1497,1532928,59.39409,143.66667,0.83333,0.87,1.168761,-0.002761,0.143332,0.003351,0.280179,0.034354,0.427647,57.537861,4.620098,57.340157,8.363786,4.0,0.00014681,6,554,0.1035,0.14542,0.05,0.0,100,0.5,0.0,,,-0.01,0.0182,0.0008,-0.00188,0.00371,0.37924
1498,1533952,72.55823,141.66667,1.0,0.89,1.169858,-0.003317,0.015266,0.00411,0.423841,0.049351,0.795561,58.414253,3.900136,59.359837,4.536173,4.0,0.00014671,6,570,0.09301,0.12942,0.04,0.0,100,0.0,1.0,,,-0.01,0.01756,0.00053,0.00183,0.00477,0.45788
1499,1534976,71.7672,157.375,1.0,0.9,1.131358,-0.005319,0.010979,0.00377,0.408837,0.042515,0.884409,59.472729,4.860062,60.485603,5.304929,4.0,0.0001466,8,549,0.10116,0.15072,0.04,0.0,100,0.25,1.0,,,-0.01,0.01543,0.00033,-0.00118,0.00455,0.6181
1500,1536000,53.47073,140.875,0.75,0.89,1.071276,-0.001566,0.208967,0.001076,0.583845,0.004081,0.442734,59.750202,6.043785,58.160564,11.231048,4.0,0.0001465,8,565,0.07944,0.12047,0.04,0.0,100,0.375,0.0,,,-0.01,0.01762,0.00084,0.00075,0.00081,0.48279
1501,1537024,60.42227,129.16667,0.83333,0.88,1.072211,-0.002324,0.141242,0.002498,0.29403,0.027727,0.603586,59.72353,7.346266,59.265713,10.126898,4.0,0.0001464,6,570,0.06562,0.09809,0.04,0.0,100,0.16667,0.0,,,-0.01,0.01723,0.00042,0.00026,0.00313,0.40941
1502,1538048,71.86113,148.6,1.0,0.89,0.999669,-0.003463,0.032341,0.00369,0.245287,0.051618,0.82186,59.137634,6.942698,59.388817,7.266434,4.0,0.0001463,5,611,0.08194,0.11751,0.03,0.0,100,0.2,0.0,,,-0.01,0.01587,-4e-05,-0.00052,0.0054,0.452
1503,1539072,71.59569,163.4,1.0,0.89,1.009888,-0.002717,0.03437,0.001706,0.225076,0.009521,0.862624,58.400906,8.40034,58.731541,8.784996,4.0,0.0001462,5,593,0.06761,0.10733,0.03,0.0,100,0.4,0.0,,,-0.01,0.01648,0.00072,0.00136,0.00425,0.43219
1504,1540096,61.9884,191.85714,0.85714,0.89,1.018812,-0.00294,0.020435,0.003712,0.308461,0.047433,0.821296,60.846699,5.988926,61.490894,6.00296,4.0,0.00014609,7,593,0.06374,0.10099,0.04,0.0,100,0.0,0.0,,,-0.01,0.01516,0.00038,0.00133,0.007,0.50554
1505,1541120,63.18461,129.875,0.875,0.88,0.976408,-0.001031,0.134567,0.001591,0.416399,0.007812,0.500874,61.519367,5.713216,60.56184,9.077307,4.0,0.00014599,8,591,0.07101,0.11415,0.04,0.0,100,0.125,1.0,,,-0.01,0.01729,0.00056,-0.00097,-0.00105,0.61513
1506,1542144,61.95569,180.0,0.85714,0.89,1.121529,-0.002869,0.014859,0.00161,0.279073,0.011056,0.865384,62.43338,5.121758,62.985332,5.408349,4.0,0.00014589,7,558,0.07636,0.11229,0.03,0.0,100,0.28571,0.0,,,-0.01,0.01492,0.00105,-0.00066,0.00727,0.46311
1507,1543168,72.62032,138.28571,1.0,0.9,1.00047,-0.00316,0.035997,0.003538,0.252158,0.043178,0.823889,61.572166,7.172327,61.626923,7.634157,4.0,0.00014579,7,593,0.06877,0.11457,0.03,0.0,100,0.14286,1.0,,,-0.01,0.01485,0.00059,-0.00085,0.00286,0.58613
1508,1544192,62.68847,141.88889,0.88889,0.92,0.949667,-0.001236,0.176349,0.002187,0.259324,0.023403,0.202598,61.548077,6.489491,62.089375,8.058662,4.0,0.00014568,9,593,0.06904,0.11374,0.02,0.0,100,0.66667,1.0,,,-0.01,0.01764,0.00035,0.00032,0.00121,0.68482
1509,1545216,72.11859,128.85714,1.0,0.92,0.995134,-0.003961,0.018855,0.003322,0.294534,0.037946,0.611263,62.83374,3.635947,63.412983,3.817115,4.0,0.00014558,7,562,0.06328,0.1053,0.02,0.0,100,0.42857,0.0,,,-0.01,0.01557,0.00048,-0.00148,0.00448,0.57866
1510,1546240,72.90972,123.0,1.0,0.92,1.103893,-0.002845,0.007014,0.003285,0.345581,0.025844,0.845249,63.799282,3.157336,64.638748,3.523477,4.0,0.00014548,9,516,0.07036,0.11067,0.02,0.0,100,0.22222,0.0,,,-0.01,0.01557,0.00078,-0.00128,0.00734,0.67823
1511,1547264,65.16251,111.3,0.9,0.92,1.058555,-0.001817,0.144964,0.001547,0.293313,0.010149,0.39613,63.927593,3.916391,63.467892,8.328523,4.0,0.00014538,10,542,0.06767,0.11284,0.02,0.0,100,0.2,0.0,,,-0.01,0.0165,0.00057,-0.00046,0.00352,0.6983
1512,1548288,73.36419,113.71429,1.0,0.92,1.015575,-0.003294,0.014621,0.002955,0.27868,0.033587,0.790237,63.946056,3.832548,64.4702,4.182556,4.0,0.00014527,7,557,0.06916,0.10783,0.02,0.0,100,0.0,0.0,,,-0.01,0.01667,0.00064,0.00108,0.00784,0.55154
1513,1549312,72.90693,120.0,1.0,0.92,1.038895,-0.002692,0.018012,0.002208,0.314799,0.019496,0.646348,64.339073,4.242448,65.115753,4.015492,4.0,0.00014517,9,579,0.07787,0.11833,0.02,0.0,100,0.11111,1.0,,,-0.01,0.01471,0.00039,-0.0016,0.00631,0.72517
1514,1550336,63.9866,119.88889,0.88889,0.94,1.044123,-0.002068,0.166729,0.00425,0.279009,0.044434,0.262111,64.819595,3.99765,64.258919,8.00961,4.0,0.00014507,9,558,0.0536,0.09165,0.02,0.0,100,0.33333,1.0,,,-0.01,0.01738,0.00045,-2e-05,0.00513,0.6137
1515,1551360,73.41682,117.55556,1.0,0.94,1.091395,-0.003098,0.00901,0.002208,0.295832,0.01573,0.827317,65.298752,3.389748,65.947952,3.485991,4.0,0.00014497,9,545,0.06552,0.1062,0.02,0.0,100,0.0,0.0,,,-0.01,0.01586,0.00076,-0.00089,0.01018,0.66608
1516,1552384,73.17281,121.5,1.0,0.95,1.096966,-0.003953,0.00732,0.002258,0.268195,0.02138,0.792965,66.529022,3.487865,66.919334,3.23836,4.0,0.00014486,8,560,0.06589,0.10349,0.01,0.0,100,0.0,0.0,,,-0.01,0.016,0.00118,-0.00171,0.01097,0.59159
1517,1553408,55.99997,109.0,0.77778,0.94,0.949103,-0.00162,0.226919,0.000902,0.661341,0.00572,0.458892,65.249718,5.20458,63.388908,11.094551,4.0,0.00014476,9,554,0.05478,0.09521,0.01,0.0,100,0.22222,0.0,,,-0.01,0.01601,0.00085,-0.00292,0.00186,0.56705
1518,1554432,72.60885,121.375,1.0,0.95,1.019249,-0.002842,0.017911,0.00381,0.403607,0.043457,0.631137,65.427139,3.941708,66.151237,3.547265,4.0,0.00014466,8,556,0.05027,0.08208,0.0,0.0,100,0.0,0.0,,,-0.01,0.01553,0.00105,-0.00048,0.00962,0.61999
1519,1555456,66.5103,104.54545,0.90909,0.95,1.0617,-0.001253,0.149522,0.002412,0.316338,0.015974,0.365816,66.450249,4.177604,65.905533,8.435375,4.0,0.00014456,11,549,0.05535,0.08919,0.0,0.0,100,0.09091,0.0,,,-0.01,0.01667,0.00081,-0.00085,0.00766,0.75453
1520,1556480,64.63759,108.77778,0.88889,0.94,1.035086,-0.001757,0.156383,0.002911,0.451964,0.029576,0.532903,65.540306,6.633239,64.345505,9.954296,4.0,0.00014445,9,555,0.06155,0.09563,0.0,0.0,100,0.22222,0.0,,,-0.01,0.01413,0.00047,-0.00142,0.00606,0.61451
1521,1557504,73.16175,115.88889,1.0,0.94,1.038294,-0.001289,0.045387,0.002991,0.288349,0.016846,0.364682,65.093361,5.615065,65.49131,5.059583,4.0,0.00014435,9,561,0.05943,0.09415,0.0,0.0,100,0.0,1.0,,,-0.01,0.01522,0.00046,0.00204,0.0085,0.68327
1522,1558528,73.28815,120.0,1.0,0.94,1.073743,-0.001676,0.021502,0.001767,0.280943,0.017997,0.54473,65.402519,4.811415,65.943184,4.110011,4.0,0.00014425,9,547,0.08107,0.12794,0.0,0.0,100,0.11111,1.0,,,-0.01,0.0164,0.00073,0.00096,0.01093,0.67785
1523,1559552,73.53817,108.44444,1.0,0.95,1.101463,-0.001603,0.017708,0.001631,0.237141,0.004848,0.660144,65.673119,3.315254,65.992081,3.820351,4.0,0.00014415,9,542,0.07142,0.11541,0.0,0.0,100,0.0,0.0,,,-0.01,0.01502,0.00091,0.00119,0.00809,0.6814
1524,1560576,62.20467,127.85714,0.85714,0.94,1.151712,-0.001506,0.120794,0.002854,0.318609,0.02832,0.446242,65.820641,3.782064,65.04393,8.164473,4.0,0.00014404,7,561,0.07704,0.13025,0.0,0.0,100,0.14286,0.0,,,-0.01,0.01425,0.00047,-1e-05,0.00705,0.44638
1525,1561600,72.795,127.625,1.0,0.95,1.139901,-0.003354,0.014104,0.004256,0.262449,0.058175,0.635889,65.974449,2.976031,66.185898,2.994093,4.0,0.00014394,8,554,0.06987,0.11725,0.0,0.0,100,0.25,0.0,,,-0.01,0.01475,0.00082,0.00128,0.01013,0.58981
1526,1562624,72.91115,127.5,1.0,0.95,1.077304,-0.002801,0.068985,0.002923,0.264146,0.023856,0.778127,64.120949,9.209628,63.693165,9.352465,4.0,0.00014384,8,559,0.06705,0.10948,0.0,0.0,100,0.0,0.0,,,-0.01,0.01262,0.00052,-0.00277,0.00641,0.62855
1527,1563648,71.19108,146.375,1.0,0.95,1.083925,-0.002456,0.071269,0.004622,0.391401,0.058419,0.408073,62.388618,8.820277,63.170631,6.801837,4.0,0.00014374,8,572,0.06633,0.10836,0.0,0.0,100,0.125,0.0,,,-0.01,0.01357,0.00064,-0.00264,0.00558,0.63116
1528,1564672,50.99418,126.42857,0.71429,0.94,1.102201,-0.002233,0.27527,0.002068,1.104871,0.020473,0.350539,62.832951,4.237271,60.013313,10.904912,4.0,0.00014364,7,564,0.05697,0.09275,0.0,0.0,100,0.28571,1.0,,,-0.01,0.01234,0.00046,-0.00363,0.00279,0.37723
1529,1565696,50.51348,126.71429,0.71429,0.93,0.94522,-0.002191,0.214327,0.003123,0.808167,0.032645,0.621077,58.041023,9.05275,56.193844,12.81889,4.0,0.00014353,7,576,0.06642,0.10893,0.0,0.0,100,0.42857,0.0,,,-0.01,0.01188,0.00075,-0.00033,0.00205,0.4346
1530,1566720,73.02553,117.75,1.0,0.93,1.056151,-0.003449,0.043242,0.002757,0.470954,0.029297,0.861074,57.818962,8.575715,58.242798,9.535429,4.0,0.00014343,8,577,0.05672,0.08862,0.0,0.0,100,0.0,0.0,,,-0.01,0.01357,0.0005,-0.00156,0.00886,0.65811
1531,1567744,62.20537,166.375,0.875,0.93,1.075286,-0.002021,0.047422,0.00179,0.401359,0.015311,0.764449,58.750172,7.907526,59.419773,8.666265,4.0,0.00014333,8,566,0.05835,0.09187,0.01,0.0,100,0.0,0.0,,,-0.01,0.01227,0.00053,-0.004,0.00703,0.55171
1532,1568768,72.19265,136.33333,1.0,0.93,1.051675,-0.002308,0.040206,0.002582,0.299392,0.026437,0.656846,59.835323,6.523866,60.338463,6.512162,4.0,0.00014323,6,566,0.05,0.08286,0.01,0.0,100,0.0,0.0,,,-0.01,0.01209,0.00029,-0.00055,0.00408,0.47237
1533,1569792,60.69744,140.85714,0.85714,0.93,1.065126,-0.002308,0.138845,0.003548,0.334152,0.040702,0.555604,60.08844,6.282247,59.383392,9.437229,4.0,0.00014312,7,574,0.04878,0.07325,0.01,0.0,100,0.14286,0.0,,,-0.01,0.01263,0.00036,-0.00091,0.00485,0.47384
1534,1570816,70.97757,159.71429,1.0,0.93,1.083933,-0.002593,0.021925,0.003504,0.390223,0.031599,0.798551,60.7024,5.637301,61.782368,5.407971,4.0,0.00014302,7,564,0.05629,0.08582,0.01,0.0,100,0.14286,1.0,,,-0.01,0.01391,0.00087,0.00152,0.0068,0.53096
1535,1571840,72.31685,138.0,1.0,0.93,1.033585,-0.002616,0.014604,0.002312,0.32312,0.013079,0.746545,62.747623,4.40254,63.525322,4.210527,4.0,0.00014292,8,540,0.05904,0.09227,0.01,0.0,100,0.0,1.0,,,-0.01,0.01545,0.00106,0.00039,0.00572,0.63959
1536,1572864,72.56429,126.71429,1.0,0.93,1.104909,-0.003537,0.010016,0.003559,0.251945,0.030239,0.848601,63.866951,4.445117,64.20488,4.432108,4.0,0.00014282,7,574,0.07238,0.11042,0.01,0.0,100,0.0,1.0,,,-0.01,0.01,0.00127,-0.00044,0.00687,0.53938
1537,1573888,72.28041,130.22222,1.0,0.94,1.044148,-0.002644,0.034461,0.003465,0.316457,0.038365,0.5755,62.353386,3.883697,63.026917,4.716378,4.0,0.00014271,9,561,0.05839,0.09361,0.01,0.0,100,0.11111,0.0,,,-0.01,0.01484,0.00062,-2e-05,0.00645,0.7008
1538,1574912,72.32392,121.83333,1.0,0.94,0.857247,-0.002256,0.012676,0.001503,0.213464,0.015381,0.752153,63.709953,4.009742,64.126183,3.881402,4.0,0.00014261,6,621,0.0658,0.10238,0.01,0.0,100,0.0,1.0,,,-0.01,0.01144,0.00108,-0.00365,0.00703,0.57988
1539,1575936,71.9164,130.5,1.0,0.94,0.951108,-0.002607,0.00774,0.001748,0.269991,0.013916,0.862402,63.216198,3.716859,63.810646,4.132308,4.0,0.00014251,8,599,0.06147,0.09382,0.01,0.0,100,0.0,0.0,,,-0.01,0.01372,0.0011,0.00044,0.00741,0.71101
1540,1576960,71.58449,149.0,1.0,0.94,1.022805,-0.003324,0.008748,0.002791,0.334422,0.028983,0.838912,64.298355,4.027097,65.073448,3.818313,4.0,0.00014241,9,556,0.06277,0.09965,0.01,0.0,100,0.0,1.0,,,-0.01,0.01347,0.00094,0.00028,0.00793,0.69637
1541,1577984,72.89255,119.85714,1.0,0.94,1.056008,-0.002909,0.051492,0.004182,0.218901,0.053746,0.512959,64.286156,6.032345,64.337967,5.615491,4.0,0.0001423,7,558,0.0674,0.10432,0.01,0.0,100,0.14286,0.0,,,-0.01,0.01348,0.00086,6e-05,0.00426,0.56152
1542,1579008,62.28165,107.42857,0.85714,0.96,0.975531,-0.001183,0.036877,0.002108,0.126099,0.020717,0.581573,64.708481,3.389344,64.821976,5.007138,4.0,0.0001422,7,608,0.07682,0.11189,0.01,0.0,100,0.14286,1.0,,,-0.01,0.01236,0.00074,-0.00126,0.00651,0.51289
1543,1580032,71.6028,150.14286,1.0,0.97,0.936792,-0.004178,0.021212,0.002893,0.220714,0.030692,0.847288,63.27219,5.674711,63.115974,6.165623,4.0,0.0001421,7,602,0.06545,0.09906,0.01,0.0,100,0.14286,1.0,,,-0.01,0.01293,0.00088,-0.0011,0.00739,0.61018
1544,1581056,65.87121,140.8,0.9,0.97,0.960911,-0.003337,0.008104,0.002427,0.249813,0.026751,0.935753,63.569946,5.363831,64.040565,6.127182,4.0,0.000142,10,579,0.0775,0.11719,0.01,0.0,100,0.2,1.0,,,-0.01,0.01527,0.00109,-0.00037,0.0095,0.77102
1545,1582080,73.18373,106.625,1.0,0.97,0.876752,-0.002874,0.008748,0.002823,0.196336,0.031982,0.961706,63.358696,7.597652,63.582851,8.174665,4.0,0.00014189,8,601,0.06522,0.09901,0.01,0.0,100,0.0,0.0,,,-0.01,0.01526,0.00029,-8e-05,0.00575,0.7269
1546,1583104,62.80181,155.28571,0.85714,0.97,0.944137,-0.003117,0.01289,0.002174,0.209796,0.01845,0.927946,64.379387,6.903496,64.586166,7.156914,4.0,0.00014179,7,591,0.07005,0.10491,0.02,0.0,100,0.28571,0.0,,,-0.01,0.01589,0.00046,-9e-05,0.0071,0.51823
1547,1584128,57.68073,120.2,0.8,0.95,0.896537,-0.001311,0.243955,0.001475,0.612553,0.00865,0.415728,64.816261,5.164384,62.95285,11.018236,4.0,0.00014169,10,517,0.07647,0.1167,0.02,0.0,100,0.3,0.0,,,-0.01,0.01659,0.00078,0.00095,0.00377,0.68878
1548,1585152,63.96084,102.0,0.875,0.94,0.894262,-0.000425,0.130999,0.001398,0.264852,0.011056,0.530695,64.170509,5.646559,63.784599,8.878574,4.0,0.00014159,8,518,0.0745,0.11575,0.02,0.0,100,0.125,1.0,,,-0.01,0.01618,0.00045,0.00126,0.00681,0.62399
1549,1586176,73.24384,104.625,1.0,0.94,0.885077,-0.003777,0.023988,0.003395,0.193951,0.037946,0.915284,63.674534,8.397903,63.606098,8.781857,4.0,0.00014148,8,536,0.07952,0.11846,0.02,0.0,100,0.125,0.0,,,-0.01,0.01453,0.0008,0.00076,0.00603,0.72613
1550,1587200,63.91897,150.75,0.875,0.93,0.990609,-0.002953,0.034827,0.002654,0.256051,0.020543,0.692487,65.531715,4.989227,65.022667,5.561066,4.0,0.00014138,8,521,0.08309,0.12274,0.03,0.0,100,0.125,0.0,,,-0.01,0.01504,0.00059,-0.00309,0.00613,0.57884
1551,1588224,57.88625,112.0,0.8,0.92,0.749936,-0.002317,0.177239,0.001438,0.575614,0.012033,0.688842,59.402622,10.856259,57.415188,12.708099,4.0,0.00014128,5,660,0.09507,0.13708,0.03,0.0,100,0.2,0.0,,,-0.01,0.0142,0.00068,-0.00479,0.00378,0.44031
1552,1589248,63.83982,147.625,0.875,0.91,0.854065,-0.002438,0.020524,0.002543,0.233016,0.020299,0.957833,59.012852,10.940539,59.078125,11.676805,4.0,0.00014118,8,614,0.1105,0.14463,0.04,0.0,100,0.25,0.5,,,-0.01,0.01478,-0.00025,-0.00026,0.00922,0.69535
1553,1590272,64.7809,144.88889,0.88889,0.9,0.864466,-0.00261,0.01355,0.001818,0.200728,0.020682,0.969222,59.893391,11.032121,60.162117,11.718633,4.0,0.00014108,9,607,0.08,0.10941,0.05,0.0,100,0.33333,0.0,,,-0.01,0.01512,0.00041,-0.00226,0.00773,0.73482
1554,1591296,56.36793,136.77778,0.77778,0.89,0.951376,-0.002296,0.157024,0.002742,0.338686,0.019706,0.569167,63.843601,7.106771,62.903591,10.126466,4.0,0.00014097,9,569,0.09295,0.13075,0.06,0.0,100,0.33333,1.0,,,-0.01,0.0167,0.00012,-0.00203,0.00337,0.5761
1555,1592320,72.72769,108.4,1.0,0.89,0.966309,-0.001583,0.060924,0.002254,0.358072,0.014265,0.26288,63.417412,6.369317,64.298439,5.371899,4.0,0.00014087,10,557,0.07851,0.11553,0.06,0.0,100,0.4,0.0,,,-0.01,0.01638,0.00085,-0.00183,0.00573,0.80517
1556,1593344,73.444,101.63636,1.0,0.9,0.993363,-0.003364,0.010643,0.002632,0.362334,0.020857,0.761999,64.756454,3.233477,65.689461,3.66466,4.0,0.00014077,11,554,0.07177,0.1065,0.05,0.0,100,0.36364,0.5,,,-0.01,0.01565,0.00047,-0.00087,0.00953,0.85215
1557,1594368,72.8683,106.66667,1.0,0.91,0.937379,-0.002581,0.008064,0.002455,0.33058,0.015974,0.776882,65.152611,3.099403,65.996323,3.159254,4.0,0.00014067,9,567,0.07126,0.10818,0.04,0.0,100,0.33333,0.0,,,-0.01,0.01742,0.00042,-0.00043,0.00662,0.73299
1558,1595392,66.16658,93.0,0.9,0.91,1.022811,-0.001344,0.138637,0.001854,0.20322,0.016671,0.414155,65.325478,3.887527,65.102982,8.26123,4.0,0.00014056,10,494,0.07582,0.11252,0.04,0.0,100,0.4,0.0,,,-0.01,0.01667,0.00053,-0.00105,0.00946,0.69055
1559,1596416,73.39248,106.33333,1.0,0.93,0.989004,-0.001675,0.028128,0.001495,0.30518,0.006662,0.570849,65.133224,4.076813,65.881111,3.966734,4.0,0.00014046,12,554,0.06333,0.09367,0.04,0.0,100,0.16667,1.0,,,-0.01,0.01594,0.0005,-0.00201,0.00923,0.94384
1560,1597440,63.55499,95.875,0.875,0.92,0.987638,-0.001816,0.168713,0.00207,0.232356,0.024379,0.303071,65.80072,3.553639,65.374283,8.1099,4.0,0.00014036,8,553,0.06888,0.10077,0.04,0.0,100,0.375,0.0,,,-0.01,0.01843,0.00088,-0.00284,0.00715,0.54249
1561,1598464,73.53946,103.8,1.0,0.93,1.023805,-0.002106,0.020442,0.00271,0.228842,0.019775,0.717713,66.307007,3.900806,66.472946,4.436402,4.0,0.00014026,10,573,0.08725,0.1275,0.03,0.0,100,0.2,1.0,,,-0.01,0.01668,0.00059,-0.00187,0.00723,0.81066
1562,1599488,73.41715,101.0,1.0,0.95,0.93854,-0.002283,0.015252,0.001863,0.206901,0.017543,0.786768,65.390251,4.44106,65.724289,4.518056,4.0,0.00014015,8,595,0.06474,0.10186,0.02,0.0,100,0.25,0.0,,,-0.01,0.0159,0.00054,-0.00382,0.00789,0.69645
1563,1600512,72.53242,112.66667,1.0,0.96,0.920595,-0.002217,0.012366,0.001952,0.181548,0.011789,0.880341,65.409492,5.143174,65.431755,5.496895,4.0,0.00014005,9,609,0.06998,0.11107,0.01,0.0,100,0.22222,0.0,,,-0.01,0.01672,0.00059,0.00111,0.00365,0.8099
1564,1601536,61.25394,168.5,0.83333,0.97,1.011385,-0.003012,0.008922,0.002563,0.184892,0.024379,0.827387,66.51339,3.965247,66.619972,3.957788,4.0,0.00013995,6,574,0.06194,0.09504,0.01,0.0,100,0.33333,0.0,,,-0.01,0.01819,0.00055,0.0014,0.00786,0.41096
1565,1602560,71.53838,149.0,1.0,0.97,1.00397,-0.003138,0.020661,0.002775,0.211531,0.0256,0.26956,66.441284,3.352297,66.377266,2.969251,4.0,0.00013985,9,581,0.09127,0.13147,0.01,0.0,100,0.11111,0.0,,,-0.01,0.0158,0.00036,-0.00291,0.00391,0.76558
1566,1603584,73.27893,121.33333,1.0,0.97,1.114265,-0.003532,0.00462,0.002942,0.227386,0.02124,0.752324,67.136414,2.142247,67.296432,2.259233,4.0,0.00013974,9,557,0.07057,0.10192,0.01,0.0,100,0.11111,1.0,,,-0.01,0.01689,0.00069,-0.00143,0.00997,0.68081
1567,1604608,64.74567,114.55556,0.88889,0.96,1.090587,-0.001629,0.15769,0.000841,0.390117,0.003767,0.297376,66.510933,2.691731,65.372833,7.860238,4.0,0.00013964,9,559,0.07212,0.10033,0.01,0.0,100,0.22222,0.0,,,-0.01,0.01808,0.00036,0.00034,0.00345,0.60143
1568,1605632,73.04359,106.875,1.0,0.96,1.043653,-0.002579,0.01678,0.002686,0.23143,0.024937,0.555246,66.006844,2.389928,66.221809,3.082529,4.0,0.00013954,8,551,0.0737,0.10887,0.01,0.0,100,0.375,1.0,,,-0.01,0.01816,-1e-05,-0.0011,0.00856,0.61512
1569,1606656,56.26714,107.33333,0.77778,0.95,1.019899,-0.001696,0.19196,0.001769,0.429965,0.017404,0.560304,64.925346,6.247508,63.729027,11.066954,4.0,0.00013944,9,488,0.08896,0.13101,0.01,0.0,100,0.66667,0.0,,,-0.01,0.01784,0.00043,-0.00079,0.00304,0.56534
1570,1607680,73.20391,114.55556,1.0,0.95,1.106822,-0.003327,0.024349,0.003366,0.243164,0.044329,0.431324,66.083694,3.064381,66.236801,3.390043,4.0,0.00013933,9,496,0.06463,0.10111,0.01,0.0,100,0.33333,0.0,,,-0.01,0.01813,0.00066,0.00284,0.0052,0.69722
1571,1608704,72.91771,119.0,1.0,0.95,1.024616,-0.001562,0.018253,0.001937,0.187923,0.012068,0.400377,65.904625,3.566525,66.194534,3.233157,4.0,0.00013923,10,534,0.08279,0.11809,0.01,0.0,100,0.6,0.0,,,-0.01,0.01709,0.00044,0.0004,0.00612,0.81333
1572,1609728,73.11417,110.75,1.0,0.96,1.029442,-0.002762,0.011485,0.002029,0.196318,0.021659,0.649197,65.67952,2.950767,65.855423,3.232602,4.0,0.00013913,8,573,0.07574,0.10927,0.01,0.0,100,0.125,1.0,,,-0.01,0.01413,0.00075,-0.00469,0.00611,0.63499
1573,1610752,66.40267,110.08333,0.91667,0.95,1.093109,-0.001153,0.136743,0.001827,0.294238,0.015451,0.352901,65.564323,3.103919,64.936195,8.059247,4.0,0.00013903,12,548,0.08131,0.11551,0.01,0.0,100,0.58333,1.0,,,-0.01,0.01736,0.00096,-0.00215,0.00694,0.82563
1574,1611776,72.09673,111.75,1.0,0.95,1.006813,-0.002825,0.022069,0.003791,0.296018,0.038295,0.527315,65.830185,3.575227,66.212929,3.288406,4.0,0.00013892,8,558,0.06821,0.09758,0.01,0.0,100,0.5,0.0,,,-0.01,0.0168,0.00057,-0.00812,0.00426,0.64417
1575,1612800,72.26834,119.875,1.0,0.96,1.070171,-0.002966,0.021398,0.002575,0.202371,0.024902,0.55731,66.052818,3.528061,66.08992,3.765499,4.0,0.00013882,8,559,0.0851,0.11965,0.0,0.0,100,0.75,0.0,,,-0.01,0.01803,0.00052,-0.00223,0.00213,0.6337
1576,1613824,73.2204,108.55556,1.0,0.96,1.003875,-0.001794,0.012014,0.002879,0.306457,0.026507,0.613683,65.991333,3.314393,66.808388,3.061965,4.0,0.00013872,9,575,0.06685,0.09658,0.0,0.0,100,0.33333,0.0,,,-0.01,0.02017,0.00033,-0.00197,0.01028,0.7267
1577,1614848,73.55894,99.25,1.0,0.96,1.051245,-0.003134,0.006545,0.002526,0.315776,0.022531,0.783162,66.310089,2.786747,67.121513,2.872926,4.0,0.00013862,12,554,0.06868,0.09768,0.0,0.0,100,0.25,0.0,,,-0.01,0.01938,0.00061,0.00082,0.00888,0.92425
1578,1615872,73.65711,107.33333,1.0,0.97,0.991556,-0.002274,0.025882,0.00354,0.236562,0.033761,0.467872,67.362297,3.271274,67.079704,3.649389,4.0,0.00013852,6,591,0.06161,0.08488,0.0,0.0,100,0.33333,0.0,,,-0.01,0.01702,0.00059,0.00088,0.00231,0.49427
1579,1616896,64.85374,136.3,0.9,0.96,1.012588,-0.001105,0.060255,0.001132,0.149217,0.001639,0.463534,66.983894,3.070722,66.935631,5.694561,4.0,0.00013841,10,569,0.05872,0.08445,0.0,0.0,100,0.3,0.0,,,-0.01,0.01995,0.00068,0.00243,0.00478,0.7011
1580,1617920,73.95348,98.5,1.0,0.98,1.048634,-0.003437,0.00864,0.003212,0.228585,0.030099,0.513079,67.352539,2.250525,67.512245,2.112764,4.0,0.00013831,6,573,0.05613,0.07602,0.0,0.0,100,0.16667,0.0,,,-0.01,0.01845,0.00015,0.00082,0.01001,0.46328
1581,1618944,61.71937,140.85714,0.85714,0.97,1.144335,-0.001207,0.143204,0.002693,0.620671,0.018171,0.41954,67.568314,3.796442,65.820595,8.350679,4.0,0.00013821,7,573,0.05581,0.07487,0.0,0.0,100,0.71429,0.0,,,-0.01,0.01534,0.0001,0.00114,0.00392,0.44888
1582,1619968,72.53101,142.54545,1.0,0.97,1.031294,-0.001626,0.02517,0.002979,0.287086,0.015904,0.243675,65.431053,3.104083,65.689354,2.910794,4.0,0.00013811,11,559,0.06112,0.08844,0.0,0.0,100,0.27273,0.0,,,-0.01,0.01681,0.00079,-0.00126,0.00391,0.85912
1583,1620992,53.53969,107.625,0.75,0.95,0.939583,-0.00195,0.28092,0.001771,0.808883,0.013881,0.524696,64.447472,7.427978,62.384495,12.586526,4.0,0.000138,8,573,0.05098,0.08019,0.0,0.0,100,0.5,1.0,,,-0.01,0.02021,0.00052,-0.0015,0.00359,0.48011
1584,1622016,73.63152,106.6,1.0,0.96,1.04314,-0.00272,0.023152,0.003332,0.494579,0.039063,0.5835,63.827507,3.329099,64.750832,3.625099,4.0,0.0001379,10,542,0.0536,0.0823,0.0,0.0,100,0.3,0.0,,,-0.01,0.01931,0.00057,-0.0002,0.00977,0.76794
1585,1623040,66.11827,102.5,0.9,0.95,0.94146,-0.002009,0.215597,0.002577,0.352468,0.028425,0.352333,63.227203,7.097966,62.499565,9.624997,4.0,0.0001378,10,561,0.05625,0.0921,0.0,0.0,100,0.6,0.0,,,-0.01,0.02004,0.00106,-0.0002,4e-05,0.71944
1586,1624064,65.31518,107.3,0.9,0.94,0.94153,-0.001981,0.149439,0.00149,0.247243,0.012102,0.493379,62.928684,5.33713,62.418392,9.112253,4.0,0.0001377,10,544,0.05276,0.08215,0.0,0.0,100,0.3,0.0,,,-0.01,0.01761,0.00058,-0.00412,0.00496,0.71176
1587,1625088,73.06026,96.125,1.0,0.94,0.962364,-0.001161,0.092266,0.001921,0.480807,0.013532,0.403737,61.970161,7.465201,63.339329,6.821517,4.0,0.00013759,8,553,0.05846,0.0915,0.0,0.0,100,0.625,0.0,,,-0.01,0.01513,0.00126,-0.00542,0.00768,0.63024
1588,1626112,72.9626,100.0,1.0,0.94,0.978324,-0.003251,0.013442,0.001994,0.451884,0.013428,0.783251,63.676182,4.314211,65.02343,4.302557,4.0,0.00013749,14,560,0.05952,0.0951,0.0,0.0,100,0.35714,0.0,,,-0.01,0.01705,0.00039,0.0005,0.00382,1.11203
1589,1627136,73.39486,97.33333,1.0,0.95,0.955831,-0.002325,0.024811,0.003187,0.436911,0.027414,0.599788,63.265354,4.579181,64.622414,4.313833,4.0,0.00013739,9,557,0.05132,0.07652,0.0,0.0,100,0.44444,0.0,,,-0.01,0.01929,0.00055,-0.00084,0.00604,0.69849
1590,1628160,73.63772,97.125,1.0,0.95,0.792693,-0.002732,0.018322,0.001754,0.414937,0.013846,0.682258,64.999428,4.327528,66.14048,4.046833,4.0,0.00013729,8,567,0.04523,0.07405,0.0,0.0,100,0.375,0.0,,,-0.01,0.01871,0.00048,0.00083,0.01037,0.70575
1591,1629184,74.04288,89.07692,1.0,0.96,0.84718,-0.001832,0.007667,0.000917,0.375389,0.004081,0.875166,65.153336,4.017813,66.228058,4.224507,4.0,0.00013718,13,574,0.05488,0.087,0.0,0.0,100,0.23077,0.0,,,-0.01,0.01747,0.00077,-0.00071,0.00889,1.10276
1592,1630208,65.56068,87.0,0.88889,0.95,0.878522,-0.001621,0.141912,0.003355,0.253555,0.031599,0.50601,65.244461,5.293268,65.048111,9.182285,4.0,0.00013708,9,564,0.04556,0.07286,0.0,0.0,100,0.11111,0.0,,,-0.01,0.01988,0.0003,-0.00019,0.0096,0.66488
1593,1631232,67.74025,120.08333,0.91667,0.96,0.937869,-0.00228,0.010917,0.002498,0.290845,0.017439,0.755768,66.890556,3.2634,67.566025,3.209265,4.0,0.00013698,12,535,0.04902,0.07868,0.01,0.0,100,0.16667,1.0,,,-0.01,0.01694,0.00054,-0.00218,0.00855,0.84348
1594,1632256,73.40009,93.6,1.0,0.96,0.892939,-0.002233,0.033517,0.002309,0.195092,0.025495,0.446894,67.300362,3.153967,67.562378,4.032893,4.0,0.00013688,10,563,0.04876,0.07887,0.01,0.0,100,0.6,0.0,,,-0.01,0.01895,0.00094,-0.00147,0.00521,0.80618
1595,1633280,66.64166,94.27273,0.90909,0.96,0.940967,-0.001221,0.115904,0.003011,0.1869,0.033936,0.552262,66.707108,5.289887,66.316795,8.531282,4.0,0.00013677,11,549,0.0589,0.09357,0.01,0.0,100,0.27273,0.0,,,-0.01,0.01742,0.0005,-0.00443,0.00545,0.79849
1596,1634304,63.89575,100.33333,0.88889,0.96,0.928315,-0.002481,0.195012,0.003631,0.523381,0.046387,0.474093,66.262505,5.82915,64.837791,10.010605,4.0,0.00013667,9,551,0.05106,0.08194,0.01,0.0,100,0.22222,1.0,,,-0.01,0.01779,0.0004,-0.00336,0.00195,0.63271
1597,1635328,66.66579,100.75,0.91667,0.95,0.95459,-0.001812,0.063985,0.004206,0.23475,0.051793,0.678521,65.837532,5.712458,65.981071,7.336714,4.0,0.00013657,12,555,0.06035,0.09837,0.01,0.0,100,0.33333,1.0,,,-0.01,0.01715,0.00051,-0.00254,0.00383,0.87549
1598,1636352,73.516,101.33333,1.0,0.95,0.988428,-0.00224,0.023081,0.002324,0.19113,0.019706,0.500397,65.756271,3.812112,65.907784,3.865232,4.0,0.00013647,9,549,0.05457,0.08912,0.01,0.0,100,0.44444,0.0,,,-0.01,0.01616,0.00055,-0.00027,0.00543,0.69358
1599,1637376,72.92305,106.57143,1.0,0.95,0.92557,-0.002256,0.098542,0.002786,0.28504,0.023298,0.501929,65.357803,4.760858,64.802475,7.229882,4.0,0.00013636,7,560,0.04216,0.07456,0.01,0.0,100,0.71429,0.0,,,-0.01,0.01604,7e-05,-0.00175,0.00578,0.5731
1600,1638400,63.90375,134.4,0.9,0.94,0.976391,-0.002167,0.021677,0.00233,0.25022,0.022217,0.830367,65.301933,5.123455,65.853111,5.882157,4.0,0.00013626,10,564,0.05076,0.07999,0.01,0.0,100,0.5,0.0,,,-0.01,0.01644,7e-05,-0.00164,0.00768,0.69795
1601,1639424,58.49488,96.0,0.8,0.92,1.058186,-0.002124,0.287538,0.002942,1.009428,0.024275,0.422441,65.810959,5.392973,63.185139,11.806409,4.0,0.00013616,10,549,0.04562,0.07529,0.01,0.0,100,0.5,1.0,,,-0.01,0.01561,0.0003,-0.00214,0.0023,0.59761
1602,1640448,71.59228,136.14286,1.0,0.93,0.971452,-0.003069,0.078538,0.003808,0.362161,0.050816,0.678321,61.773254,8.76401,61.941536,8.153502,4.0,0.00013606,7,517,0.04962,0.07881,0.01,0.0,100,0.42857,0.0,,,-0.01,0.01425,0.00031,-0.00037,0.00725,0.59619
1603,1641472,72.98671,119.16667,1.0,0.94,0.949299,-0.003625,0.013634,0.002328,0.249275,0.018485,0.926124,61.3283,6.683938,61.573147,7.475334,4.0,0.00013596,6,425,0.05859,0.09046,0.0,0.0,100,0.66667,0.0,,,-0.01,0.01663,0.00014,-0.00151,0.0059,0.53106
1604,1642496,64.40139,121.11111,0.88889,0.93,0.871509,-0.001253,0.140341,0.002885,0.327093,0.035261,0.753733,59.732136,10.53258,58.94471,12.869976,4.0,0.00013585,9,533,0.04627,0.07848,0.0,0.0,100,0.33333,0.0,,,-0.01,0.01681,0.00011,0.00116,0.007,0.70988
1605,1643520,72.53812,132.66667,1.0,0.93,1.036969,-0.001371,0.035395,0.001561,0.46487,0.014858,0.372712,63.502827,6.052071,64.95507,4.473937,4.0,0.00013575,12,549,0.04708,0.07807,0.0,0.0,100,0.16667,0.0,,,-0.01,0.0151,-3e-05,0.00169,0.00861,0.90555
1606,1644544,73.26231,106.55556,1.0,0.94,0.997815,-0.002378,0.014444,0.002579,0.368465,0.027239,0.656608,64.258438,3.688896,65.179268,3.647713,4.0,0.00013565,9,546,0.05272,0.08077,0.0,0.0,100,0.33333,0.0,,,-0.01,0.01794,0.00052,-0.00018,0.00647,0.69371
1607,1645568,64.75364,104.75,0.875,0.94,1.047301,-0.00134,0.129557,0.002552,0.317044,0.025635,0.405637,64.521362,3.742603,64.117531,8.277467,4.0,0.00013555,8,553,0.04121,0.06439,0.0,0.0,100,0.125,0.0,,,-0.01,0.01755,0.00016,0.00203,0.00779,0.51798
1608,1646592,73.3867,106.77778,1.0,0.95,1.032168,-0.002301,0.019251,0.002628,0.389184,0.019741,0.674305,65.323318,3.482963,66.255989,3.497577,4.0,0.00013544,9,552,0.04503,0.07169,0.0,0.0,100,0.22222,0.0,,,-0.01,0.01676,0.00034,0.00021,0.01299,0.67041
1609,1647616,67.3734,100.58333,0.91667,0.94,0.96414,-0.002807,0.158313,0.003292,0.348825,0.040876,0.565077,64.795235,6.669692,64.000389,9.974189,4.0,0.00013534,12,543,0.04827,0.07886,0.0,0.0,100,0.41667,0.0,,,-0.01,0.01781,0.00023,0.00099,0.00429,0.88114
1610,1648640,73.6826,108.57143,1.0,0.94,0.921893,-0.001541,0.03943,0.001888,0.208801,0.011789,0.521386,63.868687,4.971641,64.304916,4.805319,4.0,0.00013524,7,586,0.04616,0.07339,0.0,0.0,100,0.28571,0.0,,,-0.01,0.01741,0.00036,0.00151,0.00692,0.58397
1611,1649664,72.8528,119.5,1.0,0.95,0.913112,-0.003325,0.030127,0.003554,0.221695,0.036272,0.696088,63.747478,5.624501,63.956287,5.624982,4.0,0.00013514,8,599,0.04932,0.07551,0.0,0.0,100,0.0,0.0,,,-0.01,0.01543,0.00049,-0.0026,0.00801,0.68482
1612,1650688,66.14964,141.8,0.9,0.94,0.989936,-0.003979,0.012559,0.002809,0.266668,0.027693,0.884866,64.646233,4.818925,65.056015,5.480193,4.0,0.00013503,10,570,0.04936,0.07639,0.01,0.0,100,0.5,1.0,,,-0.01,0.01734,0.00063,0.00064,0.00853,0.71115
1613,1651712,63.64732,113.25,0.875,0.95,1.015379,-0.002882,0.149293,0.003257,0.332748,0.030483,0.50963,65.310768,5.17843,64.521843,9.071627,4.0,0.00013493,8,547,0.05857,0.08716,0.01,0.0,100,0.5,0.0,,,-0.01,0.01908,0.00055,-0.00014,0.00406,0.53597
1614,1652736,73.12604,106.0,1.0,0.95,0.976124,-0.002222,0.016244,0.001966,0.323243,0.010603,0.628192,65.580925,3.435926,66.309433,3.445262,4.0,0.00013483,9,571,0.06857,0.10087,0.01,0.0,100,0.44444,1.0,,,-0.01,0.01628,0.00063,-0.00096,0.00806,0.71696
1615,1653760,73.2066,104.36364,1.0,0.96,1.024861,-0.002582,0.02291,0.001267,0.268347,0.003453,0.575114,65.906433,3.71735,66.536133,3.916024,4.0,0.00013473,11,545,0.06736,0.097,0.01,0.0,100,0.36364,1.0,,,-0.01,0.01639,0.00049,-0.00174,0.00633,0.84202
1616,1654784,73.56302,95.55556,1.0,0.96,0.87982,-0.002893,0.016347,0.00314,0.278526,0.035121,0.800143,64.498978,4.319065,65.18914,4.677812,4.0,0.00013462,9,569,0.04359,0.06921,0.01,0.0,100,0.44444,0.0,,,-0.01,0.01887,0.00051,0.00054,0.00611,0.75687
1617,1655808,73.59021,97.625,1.0,0.96,0.817609,-0.001828,0.028274,0.003067,0.267978,0.033901,0.797588,64.828461,6.14882,65.470436,6.422744,4.0,0.00013452,8,597,0.04759,0.07423,0.01,0.0,100,0.25,0.0,,,-0.01,0.01883,0.00047,0.00121,0.0075,0.71749
1618,1656832,67.04922,127.81818,0.90909,0.96,0.938576,-0.002497,0.024068,0.003068,0.217004,0.034075,0.908258,64.346855,7.940316,64.424118,8.491531,4.0,0.00013442,11,503,0.05629,0.08291,0.02,0.0,100,0.54545,1.0,,,-0.01,0.01687,0.00033,-0.0009,0.00758,0.85186
1619,1657856,73.3083,104.22222,1.0,0.96,0.941253,-0.002233,0.012871,0.002158,0.186172,0.01266,0.779859,66.253944,3.882347,66.464371,4.060001,4.0,0.00013432,9,527,0.07186,0.10462,0.02,0.0,100,0.44444,1.0,,,-0.01,0.01688,0.00021,-0.00171,0.00487,0.73501
1620,1658880,73.34059,111.42857,1.0,0.97,0.909181,-0.002937,0.014127,0.001649,0.215739,0.012172,0.860862,66.158577,5.107841,66.287483,5.397623,4.0,0.00013421,7,563,0.05595,0.08127,0.02,0.0,100,0.28571,1.0,,,-0.01,0.01884,-0.00014,-0.00058,0.00677,0.60096
1621,1659904,64.61818,140.55556,0.88889,0.96,0.978129,-0.002577,0.008634,0.002001,0.24079,0.014997,0.912604,66.633568,5.17236,66.963173,5.363581,4.0,0.00013411,9,564,0.06421,0.09554,0.03,0.0,100,0.55556,0.90909,,,-0.01,0.0176,0.00029,0.00065,0.00612,0.63152
1622,1660928,65.17375,106.55556,0.88889,0.95,0.994562,-0.001161,0.139004,0.00102,0.47445,0.002965,0.496567,67.399086,4.979015,66.170151,9.023432,4.0,0.00013401,9,573,0.06435,0.09427,0.03,0.0,100,0.33333,0.0,,,-0.01,0.01677,0.00046,0.00018,0.00762,0.625
1623,1661952,72.83494,126.66667,1.0,0.96,0.96773,-0.002235,0.021158,0.000938,0.240624,0.006627,0.417892,67.351097,3.238084,67.372108,2.905873,4.0,0.00013391,9,575,0.0525,0.07763,0.02,0.0,100,0.11111,1.0,,,-0.01,0.01682,0.00044,0.00178,0.00456,0.71336
1624,1662976,74.15334,96.55556,1.0,0.97,0.880694,-0.002904,0.011499,0.002261,0.196253,0.021729,0.915976,65.908958,5.570413,66.080063,6.139349,4.0,0.0001338,9,577,0.05372,0.0832,0.02,0.0,100,0.22222,0.0,,,-0.01,0.01925,0.00082,0.00139,0.01067,0.74475
1625,1664000,74.40326,92.55556,1.0,0.97,0.877434,-0.002469,0.00592,0.001875,0.184978,0.013497,0.973904,65.674004,7.763601,65.782837,8.339943,4.0,0.0001337,9,575,0.04942,0.0733,0.02,0.0,100,0.0,1.0,,,-0.01,0.01741,0.00053,-0.0007,0.01515,0.75043
1626,1665024,72.50736,137.18182,1.0,0.97,0.914032,-0.001352,0.028443,0.001728,0.204736,0.011823,0.884457,65.738945,9.199361,66.034126,8.467331,4.0,0.0001336,11,562,0.04409,0.06878,0.02,0.0,100,0.27273,0.0,,,-0.01,0.01664,0.00034,0.00079,0.0077,0.87441
1627,1666048,73.48297,98.7,1.0,0.97,0.881928,-0.00175,0.02505,0.001696,0.241763,0.018032,0.120557,67.144592,3.628936,67.553581,3.083059,4.0,0.0001335,10,565,0.0591,0.09053,0.02,0.0,100,0.4,1.0,,,-0.01,0.01762,0.00023,-0.00015,0.0098,0.7892
1628,1667072,73.79735,92.6,1.0,0.97,0.902635,-0.00227,0.006395,0.001944,0.226396,0.018206,0.592478,67.834663,1.978203,68.313835,2.130358,4.0,0.0001334,10,554,0.04406,0.06987,0.02,0.0,100,0.0,0.0,,,-0.01,0.01802,0.00048,-0.00047,0.01244,0.76383
1629,1668096,74.15473,93.33333,1.0,0.98,0.84713,-0.002691,0.007611,0.003071,0.248324,0.032854,0.624692,68.121323,2.18102,68.359871,2.361913,4.0,0.00013329,12,565,0.04295,0.07069,0.01,0.0,100,0.33333,0.0,,,-0.01,0.01633,0.00044,0.001,0.00962,0.96248
1630,1669120,73.58124,101.44444,1.0,0.98,0.861477,-0.002426,0.008395,0.003043,0.172534,0.038121,0.602018,67.84301,2.360605,67.99752,2.393778,4.0,0.00013319,9,563,0.04141,0.0697,0.01,0.0,100,0.11111,1.0,,,-0.01,0.01683,0.00033,0.00151,0.00766,0.71711
1631,1670144,73.24004,99.81818,1.0,0.99,0.936393,-0.002865,0.003114,0.002658,0.245073,0.025251,0.816606,68.215378,1.887439,68.465637,2.108071,4.0,0.00013309,11,547,0.05057,0.07818,0.0,0.0,100,0.27273,0.0,,,-0.01,0.01546,0.00026,-0.00183,0.01098,0.83277
1632,1671168,74.07799,92.625,1.0,1.0,0.779873,-0.002032,0.014042,0.001408,0.192162,0.012137,0.652403,67.821777,3.023908,67.778976,3.306813,4.0,0.00013299,8,561,0.04211,0.06849,0.0,0.0,100,0.25,1.0,,,-0.01,0.01698,0.00051,-0.0022,0.01137,0.68485
1633,1672192,74.01636,85.3,1.0,1.0,0.757533,-0.001487,0.003389,0.000679,0.180842,0.003104,0.920137,67.147156,3.406962,67.148758,4.079286,4.0,0.00013288,10,572,0.03929,0.06107,0.0,0.0,100,0.0,0.0,,,-0.01,0.01717,0.00031,-0.0019,0.01071,0.94563
1634,1673216,73.37079,107.6,1.0,1.0,0.814011,-0.00229,0.032455,0.002668,0.269217,0.027134,0.778211,67.495735,5.183223,67.090469,6.225042,4.0,0.00013278,10,467,0.03785,0.05924,0.0,0.0,100,0.0,0.0,,,-0.01,0.01623,6e-05,-0.00171,0.01099,0.82721
1635,1674240,61.03846,117.58333,0.83333,0.98,0.905698,-0.00083,0.011209,0.001133,0.131554,0.007045,0.883157,68.017082,4.410119,68.257484,5.101162,4.0,0.00013268,12,537,0.04277,0.06856,0.01,0.0,100,0.41667,1.0,,,-0.01,0.01625,-8e-05,-0.00018,0.0117,0.7806
1636,1675264,74.30039,87.25,1.0,0.98,0.945115,-0.001789,0.003601,0.001076,0.23691,0.006034,0.757154,69.375282,2.018293,69.71814,1.953797,4.0,0.00013258,12,483,0.04184,0.06494,0.01,0.0,100,0.08333,0.0,,,-0.01,0.01586,0.00038,-0.00052,0.01291,0.88469
1637,1676288,73.88676,89.0,1.0,0.98,0.946761,-0.002641,0.003841,0.001368,0.210645,0.007813,0.686714,69.576462,1.936058,69.721367,1.834313,4.0,0.00013247,12,440,0.04465,0.06846,0.01,0.0,100,0.08333,1.0,,,-0.01,0.01794,0.0002,-0.00123,0.01127,0.90555
1638,1677312,73.76023,92.4,1.0,0.98,0.911929,-0.002029,0.004011,0.002327,0.175193,0.012102,0.686168,69.587601,1.741313,69.549103,1.848015,4.0,0.00013237,10,494,0.03718,0.06055,0.01,0.0,100,0.1,0.0,,,-0.01,0.01709,0.00021,-0.00401,0.00977,0.76819
1639,1678336,72.99691,96.36364,1.0,0.98,0.904303,-0.004492,0.003816,0.004232,0.269943,0.054618,0.638332,69.641144,1.660063,69.587608,1.697932,4.0,0.00013227,11,493,0.04851,0.07824,0.01,0.0,100,0.45455,0.5,,,-0.01,0.01521,0.00054,-0.00572,0.01054,0.86973
1640,1679360,73.66035,89.0,1.0,0.98,0.96329,-0.002648,0.004071,0.002982,0.209783,0.024588,0.647842,69.403343,1.588297,69.551712,1.762311,4.0,0.00013217,12,430,0.04848,0.07412,0.01,0.0,100,0.16667,0.0,,,-0.01,0.01811,0.00022,-0.0025,0.01024,0.89123
1641,1680384,73.68677,89.0,1.0,0.98,0.778752,-0.001855,0.026861,0.001317,0.209639,0.006208,0.625367,68.914322,4.235958,68.582863,4.41094,4.0,0.00013206,9,465,0.03857,0.06783,0.01,0.0,100,0.33333,0.0,,,-0.01,0.01694,0.00025,-0.00217,0.00956,0.77187
1642,1681408,67.07615,107.25,0.91667,0.97,0.88171,-0.000729,0.141324,0.002709,0.383406,0.025007,0.387881,68.553596,3.558019,67.566811,8.165644,4.0,0.00013196,12,428,0.04437,0.07073,0.01,0.0,100,0.25,1.0,,,-0.01,0.02026,0.00017,0.00185,0.00699,0.92115
1643,1682432,73.96165,91.1,1.0,0.97,0.928022,-0.002226,0.019029,0.002523,0.230063,0.026123,0.303441,69.06382,2.66208,69.094727,2.581321,4.0,0.00013186,10,458,0.04045,0.06635,0.01,0.0,100,0.4,0.0,,,-0.01,0.01954,0.00033,-0.00182,0.00597,0.77619
1644,1683456,73.06724,95.7,1.0,0.99,0.949211,-0.001827,0.010406,0.002626,0.178566,0.015834,0.417845,69.250671,2.303783,69.069656,2.32527,4.0,0.00013176,10,422,0.04734,0.07595,0.0,0.0,100,0.2,0.0,,,-0.01,0.0171,0.00049,-0.00315,0.0076,0.76936
1645,1684480,73.50903,103.0,1.0,0.99,0.936478,-0.002515,0.011615,0.003214,0.2145,0.030971,0.296784,68.962936,2.454685,68.913643,2.221701,4.0,0.00013165,11,445,0.04356,0.07014,0.0,0.0,100,0.18182,0.0,,,-0.01,0.01864,0.00056,0.0023,0.00631,0.87143
1646,1685504,65.81095,93.88889,0.88889,0.98,0.878263,-0.001092,0.174236,0.000374,0.512613,0.000837,0.234268,68.50618,2.492388,67.087036,7.836303,4.0,0.00013155,9,400,0.03529,0.05689,0.0,0.0,100,0.11111,0.0,,,-0.01,0.02029,0.00054,-0.00078,0.00734,0.66456
1647,1686528,73.71141,96.125,1.0,0.98,0.870092,-0.001924,0.021742,0.002115,0.219083,0.015102,0.676402,67.371864,3.825033,67.424988,3.986302,4.0,0.00013145,8,452,0.03197,0.05498,0.0,0.0,100,0.25,0.0,,,-0.01,0.01959,0.00096,0.00073,0.00981,0.68397
1648,1687552,60.31479,123.0,0.81818,0.96,0.897546,-0.0026,0.19231,0.002546,0.554578,0.024867,0.297727,67.499802,4.156583,65.94767,8.409039,4.0,0.00013135,11,471,0.03871,0.06503,0.01,0.0,100,0.27273,0.0,,,-0.01,0.01868,0.00052,-0.00051,0.00485,0.78156
1649,1688576,73.86264,106.42857,1.0,0.96,0.98268,-0.00323,0.005731,0.003679,0.291847,0.039167,0.863711,67.23114,2.851763,67.23513,3.293246,4.0,0.00013124,7,436,0.02707,0.04416,0.01,0.0,100,0.28571,0.0,,,-0.01,0.01905,0.00012,0.0017,0.00828,0.55726
1650,1689600,72.84043,124.1,1.0,0.96,0.9634,-0.002366,0.017367,0.003507,0.236158,0.037284,0.719897,66.944206,3.865161,67.128387,4.111395,4.0,0.00013114,10,451,0.04876,0.07507,0.01,0.0,100,0.2,1.0,,,-0.01,0.01705,0.0002,0.00157,0.00743,0.80537
1651,1690624,67.19802,93.0,0.90909,0.95,0.928711,-0.001681,0.149234,0.000865,0.472145,0.003697,0.556927,65.587448,5.551219,64.189903,9.642309,4.0,0.00013104,11,431,0.04067,0.06557,0.01,0.0,100,0.18182,1.0,,,-0.01,0.01952,0.00061,0.00053,0.00329,0.83735
1652,1691648,63.42703,129.0,0.875,0.95,0.97474,-0.000626,0.078364,0.00153,0.226376,0.004325,0.653733,66.459663,4.886928,66.052597,8.856526,4.0,0.00013094,8,461,0.03738,0.05987,0.01,0.0,100,0.5,0.0,,,-0.01,0.01711,0.00057,-0.00446,0.00943,0.54549
1653,1692672,66.16349,98.63636,0.90909,0.94,0.960544,-0.003129,0.209297,0.004485,0.459372,0.050677,0.22007,66.877884,4.956022,65.456978,8.464146,4.0,0.00013084,11,438,0.04159,0.06779,0.01,0.0,100,0.36364,0.0,,,-0.01,0.01676,9e-05,-0.00206,0.00125,0.82341
1654,1693696,65.42817,103.9,0.9,0.93,1.029343,-0.001243,0.168122,0.00204,0.359828,0.022461,0.352359,65.968567,4.052748,65.102974,8.322585,4.0,0.00013073,10,422,0.04998,0.07716,0.01,0.0,100,0.4,1.0,,,-0.01,0.01679,0.00032,0.00142,0.00532,0.70496
1655,1694720,64.51041,124.55556,0.88889,0.92,1.063602,-0.001557,0.13299,0.001915,0.493907,0.011405,0.449218,66.055435,3.766965,64.777962,8.37577,4.0,0.00013063,9,431,0.04516,0.06458,0.01,0.0,100,0.11111,0.0,,,-0.01,0.01604,0.00058,-0.00118,0.00477,0.61142
1656,1695744,72.86196,115.875,1.0,0.92,1.053783,-0.002823,0.052495,0.002394,0.347164,0.019671,0.396692,64.252052,5.047913,64.593079,4.873286,4.0,0.00013053,8,406,0.03483,0.054,0.01,0.0,100,0.0,1.0,,,-0.01,0.01749,0.00022,0.00086,0.00584,0.60939
1657,1696768,63.55033,116.75,0.875,0.92,1.013974,-0.002191,0.173662,0.003006,0.545471,0.032122,0.616603,63.661823,7.130782,62.415745,11.089913,4.0,0.00013043,8,460,0.04219,0.0636,0.01,0.0,100,0.125,1.0,,,-0.01,0.01718,0.00036,0.00053,0.00575,0.54025
1658,1697792,64.6054,115.33333,0.88889,0.91,0.982889,-0.003199,0.102142,0.004328,0.366478,0.054583,0.606228,62.571331,8.697626,62.894718,8.528783,4.0,0.00013032,9,427,0.04096,0.06547,0.01,0.0,100,0.33333,1.0,,,-0.01,0.01644,0.0006,0.00055,0.00728,0.65617
1659,1698816,73.52023,108.5,1.0,0.93,0.997542,-0.002436,0.028452,0.003041,0.382977,0.025984,0.297896,63.812141,4.116868,64.765793,3.749501,4.0,0.00013022,10,460,0.05296,0.08305,0.0,0.0,100,0.2,1.0,,,-0.01,0.01686,0.00071,0.00078,0.00859,0.78734
1660,1699840,65.83476,112.8,0.9,0.92,1.113477,-0.001977,0.128884,0.00135,0.284583,0.003627,0.567347,63.566368,4.884557,63.071899,9.106044,4.0,0.00013012,10,260,0.05048,0.07652,0.0,0.0,100,0.3,1.0,,,-0.01,0.01786,0.00036,0.00163,0.00644,0.65723
1661,1700864,73.50493,122.75,1.0,0.92,1.104427,-0.004372,0.009019,0.003994,0.334486,0.042062,0.849906,64.822281,3.777131,65.453941,3.700244,4.0,0.00013002,8,471,0.05158,0.07699,0.0,0.0,100,0.0,0.0,,,-0.01,0.01874,0.00036,0.0016,0.00835,0.59353
1662,1701888,72.53112,128.125,1.0,0.93,0.96382,-0.003044,0.067558,0.004008,0.48883,0.048096,0.522228,62.381138,7.289012,63.323601,6.441321,4.0,0.00012991,8,457,0.05159,0.07824,0.0,0.0,100,0.375,0.66667,,,-0.01,0.01763,0.00032,0.0024,0.00466,0.68043
1663,1702912,73.46442,110.44444,1.0,0.94,1.035027,-0.00245,0.016927,0.0016,0.38556,0.013218,0.642749,63.634758,3.648522,64.71389,3.706754,4.0,0.00012981,9,448,0.04534,0.07037,0.0,0.0,100,0.22222,1.0,,,-0.01,0.02036,0.00011,0.00062,0.00603,0.68521
1664,1703936,73.5972,111.5,1.0,0.94,1.051121,-0.00148,0.013345,0.002963,0.34268,0.019043,0.713233,64.674332,3.765771,65.595993,3.647731,4.0,0.00012971,8,342,0.04402,0.06988,0.0,0.0,100,0.375,1.0,,,-0.01,0.0176,0.00043,0.00098,0.00918,0.60721
1665,1704960,72.78807,113.875,1.0,0.95,0.914255,-0.00193,0.024721,0.002673,0.250869,0.023019,0.442955,64.470154,4.159758,65.006142,3.680492,4.0,0.00012961,8,356,0.04239,0.06755,0.0,0.0,100,0.5,0.0,,,-0.01,0.01765,0.00021,0.00113,-0.00074,0.69099
1666,1705984,66.08509,117.18182,0.90909,0.96,1.034629,-0.001068,0.180413,0.003971,0.260869,0.042655,0.074399,65.129929,3.451169,64.644157,7.4214,4.0,0.0001295,11,392,0.0445,0.07496,0.0,0.0,100,0.45455,1.0,,,-0.01,0.01624,0.00015,0.00143,0.00601,0.79635
1667,1707008,73.1088,116.625,1.0,0.96,0.997452,-0.003524,0.009155,0.003524,0.254686,0.037946,0.7257,65.080093,2.49149,65.633034,2.682612,4.0,0.0001294,8,363,0.04811,0.07104,0.0,0.0,100,0.375,0.0,,,-0.01,0.01739,0.00055,0.00108,0.00803,0.64655
1668,1708032,73.12989,120.57143,1.0,0.97,1.008582,-0.00426,0.00654,0.003432,0.268285,0.033901,0.762869,65.378014,2.358062,65.777946,2.64033,4.0,0.0001293,7,438,0.03171,0.05052,0.0,0.0,100,0.0,0.0,,,-0.01,0.01481,0.00017,-0.00061,0.00836,0.53059
1669,1709056,72.81958,119.4,1.0,0.98,0.986845,-0.002816,0.01292,0.003111,0.273526,0.030343,0.658214,65.650032,2.936909,66.198753,3.118894,4.0,0.0001292,10,483,0.04405,0.07374,0.0,0.0,100,0.3,1.0,,,-0.01,0.01715,0.00023,0.00026,0.00786,0.78942
1670,1710080,73.24434,108.08333,1.0,0.98,0.953409,-0.002361,0.01144,0.002704,0.274292,0.020403,0.636565,66.048683,2.751139,66.729454,2.886389,4.0,0.00012909,12,536,0.03905,0.06686,0.0,0.0,100,0.25,0.0,,,-0.01,0.01612,0.00021,0.00093,0.00775,0.9693
1671,1711104,73.32964,110.28571,1.0,0.99,0.985007,-0.001779,0.008344,0.001028,0.208205,0.004116,0.695352,66.453438,2.635379,66.746117,2.701761,4.0,0.00012899,7,528,0.03376,0.0585,0.0,0.0,100,0.42857,0.0,,,-0.01,0.01792,0.00021,7e-05,0.00475,0.54683
1672,1712128,63.27063,117.75,0.875,0.98,0.993919,-0.001682,0.11932,0.0012,0.509924,0.004813,0.525944,66.429329,4.217754,65.193352,8.744303,4.0,0.00012889,8,561,0.04481,0.07348,0.0,0.0,100,0.375,0.0,,,-0.01,0.0176,0.00055,-0.00039,0.00434,0.55135
1673,1713152,72.62421,123.875,1.0,0.98,0.986095,-0.002514,0.027493,0.002911,0.286527,0.030204,0.553452,65.653419,4.115284,65.786263,3.917239,4.0,0.00012879,8,551,0.03815,0.0622,0.0,0.0,100,0.5,1.0,,,-0.01,0.01537,0.00013,-0.0004,0.00787,0.63982
1674,1714176,65.75824,108.7,0.9,0.97,1.052356,-0.001702,0.157637,0.00294,0.436878,0.02117,0.509927,65.583755,5.553059,64.617882,9.225944,4.0,0.00012868,10,546,0.03699,0.06438,0.0,0.0,100,0.4,1.0,,,-0.01,0.01857,0.00024,0.00163,0.00414,0.69671
1675,1715200,73.21178,117.71429,1.0,0.97,0.98792,-0.00324,0.019982,0.002505,0.2492,0.021903,0.515371,65.432739,3.175437,65.566063,3.205454,4.0,0.00012858,7,579,0.02979,0.04712,0.0,0.0,100,0.42857,1.0,,,-0.01,0.01743,2e-05,-0.00024,0.00576,0.56709
1676,1716224,71.45453,159.85714,1.0,0.97,1.002506,-0.001816,0.021328,0.001998,0.240065,0.013393,0.227774,65.658516,3.569353,66.080177,2.982557,4.0,0.00012848,7,560,0.02928,0.05074,0.0,0.0,100,0.28571,0.0,,,-0.01,0.01848,0.00019,-0.00146,0.00752,0.53766
1677,1717248,73.01261,111.81818,1.0,0.98,1.024405,-0.002811,0.007551,0.003101,0.278479,0.028669,0.729131,65.927719,2.424626,66.478615,2.755791,4.0,0.00012838,11,563,0.04429,0.0733,0.0,0.0,100,0.45455,0.0,,,-0.01,0.01586,0.00041,0.00021,0.00863,0.85167
1678,1718272,64.22689,105.875,0.875,0.97,1.065487,-0.001782,0.180848,0.00211,0.380081,0.017962,0.171263,66.511223,2.794626,65.471703,7.584221,4.0,0.00012828,8,561,0.04052,0.06684,0.0,0.0,100,0.375,1.0,,,-0.01,0.02018,0.00025,0.00174,0.00679,0.51805
1679,1719296,73.71383,124.7,1.0,0.97,1.065346,-0.003193,0.008365,0.002407,0.265327,0.021136,0.725715,65.891068,2.437486,66.344406,2.586905,4.0,0.00012817,10,501,0.04209,0.06921,0.0,0.0,100,0.3,0.0,,,-0.01,0.01813,0.00037,0.00241,0.00742,0.73904
1680,1720320,73.3998,110.125,1.0,0.97,0.944074,-0.00232,0.01018,0.001712,0.227853,0.011196,0.703975,65.513527,2.572998,65.89856,3.018583,4.0,0.00012807,8,563,0.04522,0.07162,0.0,0.0,100,0.5,0.0,,,-0.01,0.01824,0.00054,-0.00158,0.00759,0.61998
1681,1721344,73.06386,109.8,1.0,0.97,1.018095,-0.002684,0.008767,0.002865,0.305422,0.019775,0.647238,66.147285,2.64205,66.808083,2.617218,4.0,0.00012797,10,490,0.04803,0.07729,0.0,0.0,100,0.4,1.0,,,-0.01,0.01746,0.0006,0.00027,0.00922,0.75368
1682,1722368,73.84549,109.71429,1.0,0.97,1.033649,-0.003453,0.005718,0.002354,0.241448,0.02002,0.805674,66.787354,2.735059,66.995956,2.822568,4.0,0.00012787,7,465,0.03966,0.06472,0.0,0.0,100,0.14286,0.0,,,-0.01,0.01752,0.0003,0.00098,0.00665,0.54042
1683,1723392,73.31734,108.0,1.0,0.98,1.016895,-0.002983,0.006362,0.002215,0.259572,0.017543,0.759017,66.915169,2.70741,67.274483,2.668772,4.0,0.00012776,10,554,0.05622,0.08882,0.0,0.0,100,0.4,0.0,,,-0.01,0.01512,0.00035,0.00137,0.00596,0.80726
1684,1724416,72.01223,137.33333,1.0,0.98,1.032776,-0.003403,0.007042,0.002174,0.246553,0.020194,0.720939,66.880074,2.600273,66.969528,2.626649,4.0,0.00012766,9,440,0.05075,0.07719,0.0,0.0,100,0.33333,1.0,,,-0.01,0.01613,-0.00028,-0.00043,0.00866,0.68202
1685,1725440,73.02181,126.33333,1.0,0.98,1.062627,-0.003187,0.005932,0.003289,0.314561,0.030797,0.657271,66.941612,2.413796,67.249496,2.182292,4.0,0.00012756,9,430,0.0477,0.07266,0.0,0.0,100,0.33333,0.0,,,-0.01,0.01845,0.00019,0.00132,0.00514,0.66237
1686,1726464,56.93329,103.44444,0.77778,0.97,1.03173,-0.001765,0.271331,0.003876,0.883645,0.047817,0.368955,67.301414,4.011986,65.075752,11.119822,4.0,0.00012746,9,507,0.03977,0.06659,0.0,0.0,100,0.22222,0.0,,,-0.01,0.01761,0.0002,0.00181,0.00779,0.52562
1687,1727488,74.14795,109.2,1.0,0.97,1.034907,-0.003184,0.021737,0.001829,0.326344,0.01559,0.657333,64.052528,2.814841,64.679619,3.750401,4.0,0.00012735,10,306,0.05998,0.08753,0.0,0.0,100,0.1,0.0,,,-0.01,0.01718,0.00033,0.0009,0.00936,0.74396
1688,1728512,73.86202,104.875,1.0,0.97,0.924032,-0.002885,0.040673,0.003016,0.26069,0.036307,0.894761,62.253845,9.521422,62.670261,10.177718,4.0,0.00012725,8,171,0.04134,0.06752,0.0,0.0,100,0.25,0.0,,,-0.01,0.01876,0.00026,4e-05,0.00666,0.64272
1689,1729536,51.95208,94.14286,0.71429,0.95,0.824829,-0.001962,0.300417,0.00352,0.563411,0.045131,0.709868,60.005379,13.576393,58.286018,16.449949,4.0,0.00012715,7,183,0.03799,0.06623,0.0,0.0,100,0.57143,0.0,,,-0.01,0.02086,0.00028,0.00133,0.00402,0.4347
1690,1730560,64.86295,152.77778,0.88889,0.95,0.975267,-0.002784,0.017466,0.003698,0.302164,0.047677,0.935301,63.340343,8.130234,63.901081,8.394889,4.0,0.00012705,9,185,0.05214,0.08107,0.01,0.0,100,0.22222,1.0,,,-0.01,0.01715,0.00027,-0.00146,0.00791,0.63687
1691,1731584,72.88329,120.44444,1.0,0.95,0.987193,-0.002605,0.147725,0.002399,0.403055,0.024937,0.504423,64.317802,6.012971,63.36718,8.778836,4.0,0.00012694,9,181,0.05912,0.08994,0.01,0.0,100,0.22222,0.0,,,-0.01,0.01793,0.00031,0.00104,0.00371,0.70712
1692,1732608,52.36693,95.28571,0.71429,0.93,0.913861,-0.002712,0.168086,0.001859,0.514902,0.018171,0.805959,60.177334,12.725369,59.039753,15.486191,4.0,0.00012684,7,190,0.04748,0.08033,0.01,0.0,100,0.42857,0.0,,,-0.01,0.01949,0.00025,0.00092,0.00676,0.42549
1693,1733632,73.24323,123.22222,1.0,0.93,0.936122,-0.002304,0.022533,0.002497,0.283493,0.024902,0.935168,62.364674,9.608324,62.863281,9.868547,4.0,0.00012674,9,183,0.05097,0.08428,0.01,0.0,100,0.44444,0.5,,,-0.01,0.0171,0.00019,0.0,0.00879,0.74807
1694,1734656,64.08339,159.125,0.875,0.92,0.980879,-0.002147,0.031077,0.001881,0.221434,0.010742,0.919983,62.815483,10.19358,63.026619,10.354494,4.0,0.00012664,8,184,0.0549,0.08738,0.02,0.0,100,0.5,1.0,,,-0.01,0.01763,-2e-05,0.00232,0.00769,0.5863
1695,1735680,73.71348,119.25,1.0,0.92,1.070246,-0.002827,0.016625,0.00298,0.261247,0.025565,0.637334,65.950241,3.384166,66.293129,3.510569,4.0,0.00012653,8,173,0.05255,0.0917,0.02,0.0,100,0.125,0.5,,,-0.01,0.01872,0.0001,0.00191,0.00688,0.58873
1696,1736704,73.15603,123.11111,1.0,0.92,1.041439,-0.002044,0.010961,0.001446,0.291952,0.010986,0.571125,65.755562,3.07915,66.396492,2.765822,4.0,0.00012643,9,178,0.05461,0.09212,0.02,0.0,100,0.44444,0.0,,,-0.01,0.01911,0.00032,0.00048,0.00856,0.67942
1697,1737728,73.33273,121.88889,1.0,0.93,1.037224,-0.00311,0.008638,0.002743,0.311652,0.027309,0.60326,66.490967,2.720144,66.822632,2.558309,4.0,0.00012633,9,175,0.06848,0.11342,0.02,0.0,100,0.33333,1.0,,,-0.01,0.01835,-1e-05,0.00011,0.00856,0.68239
1698,1738752,73.58337,113.8,1.0,0.94,1.042019,-0.003922,0.006772,0.003886,0.349144,0.042341,0.737554,66.513474,2.607473,67.0196,2.616752,4.0,0.00012623,10,183,0.06243,0.10295,0.02,0.0,100,0.3,1.0,,,-0.01,0.01714,7e-05,0.00115,0.00843,0.74679
1699,1739776,73.451,105.8,1.0,0.94,0.980209,-0.002616,0.010994,0.003066,0.260842,0.029018,0.526331,66.543594,2.671325,67.084518,2.52132,4.0,0.00012612,10,177,0.06603,0.10857,0.02,0.0,100,0.3,0.0,,,-0.01,0.02,0.00021,0.00011,0.00595,0.77259
1700,1740800,65.17728,101.0,0.88889,0.94,1.001812,-0.002565,0.227536,0.002571,0.598481,0.026437,0.364861,66.503731,5.122047,65.069031,9.743006,4.0,0.00012602,9,172,0.06714,0.11505,0.02,0.0,100,0.33333,0.0,,,-0.01,0.01992,0.00057,0.00095,0.00376,0.60275
1701,1741824,73.61861,108.83333,1.0,0.95,0.999457,-0.002569,0.025787,0.002907,0.249391,0.02832,0.96496,62.109779,13.289835,62.192986,13.400345,4.0,0.00012592,6,175,0.07022,0.11666,0.02,0.0,100,0.16667,0.0,,,-0.01,0.01649,-3e-05,0.001,0.00852,0.4844
1702,1742848,63.34535,146.625,0.875,0.95,1.036088,-0.001446,0.076717,0.002478,0.262797,0.012905,0.886607,62.579342,12.332195,62.019978,13.865017,4.0,0.00012582,8,176,0.0575,0.09796,0.01,0.0,100,0.625,1.0,,,-0.01,0.01634,-4e-05,0.0013,0.00466,0.55382
1703,1743872,66.3161,122.0,0.90909,0.95,1.012485,-0.002422,0.138854,0.002155,0.293781,0.012242,0.474419,65.838097,4.75259,65.380775,8.6485,4.0,0.00012572,11,175,0.0572,0.09539,0.01,0.0,100,0.27273,1.0,,,-0.01,0.01699,0.00012,0.00082,0.00776,0.75612
1704,1744896,73.19323,116.0,1.0,0.96,1.045067,-0.002243,0.022543,0.001256,0.268434,0.010568,0.47782,66.463562,3.899176,66.660362,3.461753,4.0,0.00012561,8,181,0.06234,0.10663,0.01,0.0,100,0.25,0.0,,,-0.01,0.01733,-8e-05,0.00272,0.00696,0.60759
1705,1745920,73.49519,125.71429,1.0,0.96,1.024496,-0.003663,0.012899,0.003378,0.239309,0.03697,0.738498,66.385147,3.920571,66.491562,3.742054,4.0,0.00012551,7,186,0.06593,0.10664,0.01,0.0,100,0.28571,0.0,,,-0.01,0.01742,0.00012,0.00152,0.00775,0.54005
1706,1746944,65.69987,112.0,0.9,0.96,1.027396,-0.002237,0.172391,0.003831,0.454708,0.051618,0.355096,65.413712,4.303756,64.221031,8.436028,4.0,0.00012541,10,177,0.06013,0.10146,0.0,0.0,100,0.6,0.0,,,-0.01,0.0177,0.0001,0.00144,0.00554,0.67034
1707,1747968,64.36325,102.125,0.875,0.95,0.88843,-0.002796,0.212412,0.001093,0.429655,0.00994,0.572296,62.569668,8.156479,61.263882,11.354738,4.0,0.00012531,8,178,0.04631,0.07825,0.0,0.0,100,0.375,0.0,,,-0.01,0.01924,0.00014,0.00294,0.00714,0.59368
1708,1748992,73.93224,104.125,1.0,0.95,0.838033,-0.001414,0.038271,0.002505,0.189391,0.023193,0.878199,60.730938,9.675648,61.096413,9.906486,4.0,0.0001252,8,313,0.05597,0.09399,0.0,0.0,100,0.375,0.0,,,-0.01,0.01542,0.00029,0.0026,0.00922,0.7855
1709,1750016,62.59597,159.71429,0.85714,0.94,0.876483,-0.001018,0.020395,0.001179,0.175171,0.005232,0.964142,59.504902,12.451379,59.239838,13.110696,4.0,0.0001251,7,201,0.07451,0.11993,0.01,0.0,100,0.42857,0.0,,,-0.01,0.01622,0.00012,0.0002,0.00492,0.56512
1710,1751040,62.64353,163.14286,0.85714,0.93,1.041359,-0.002138,0.028617,0.00327,0.171377,0.031599,0.918574,62.308247,9.839975,62.3479,10.182142,4.0,0.000125,7,204,0.0748,0.12328,0.02,0.0,100,0.28571,0.0,,,-0.01,0.01592,-5e-05,-0.00039,0.00642,0.49732
1711,1752064,72.79077,133.4,1.0,0.93,1.089115,-0.002846,0.008205,0.002879,0.269161,0.019566,0.69618,65.61573,2.582897,66.006142,2.766542,4.0,0.0001249,10,232,0.05981,0.1054,0.02,0.0,100,0.3,0.0,,,-0.01,0.0182,-0.00015,0.00204,0.00521,0.73527
1712,1753088,73.0857,118.125,1.0,0.94,1.040221,-0.002216,0.022786,0.000963,0.283172,0.002616,0.353958,65.769943,3.730792,66.275375,3.356984,4.0,0.00012479,8,313,0.05961,0.10212,0.02,0.0,100,0.5,1.0,,,-0.01,0.01685,-1e-05,0.00179,0.00896,0.60543
1713,1754112,65.99918,99.2,0.9,0.93,1.0415,-0.000848,0.148384,0.002923,0.186264,0.025739,0.242619,65.80777,2.991867,65.66787,7.177054,4.0,0.00012469,10,413,0.06222,0.1056,0.02,0.0,100,0.3,0.0,,,-0.01,0.01644,-6e-05,-0.00108,0.00708,0.66527
1714,1755136,73.10354,110.875,1.0,0.94,1.100082,-0.003908,0.00546,0.002877,0.267075,0.030204,0.802629,66.228867,2.337412,66.618065,2.450242,4.0,0.00012459,8,342,0.07138,0.12697,0.02,0.0,100,0.25,1.0,,,-0.01,0.01622,-0.00038,0.00047,0.0098,0.58136
1715,1756160,66.70613,113.0,0.90909,0.94,1.093381,-0.001096,0.141049,0.00159,0.194886,0.004813,0.425107,65.733673,4.239934,65.533867,8.06454,4.0,0.00012449,11,397,0.0673,0.11118,0.02,0.0,100,0.27273,0.0,,,-0.01,0.01666,2e-05,0.00295,0.00736,0.7404
1716,1757184,73.28302,110.75,1.0,0.94,1.099279,-0.002616,0.064277,0.001342,0.250205,0.009487,0.314463,65.056473,3.97757,64.64357,5.07402,4.0,0.00012438,8,398,0.06892,0.10714,0.02,0.0,100,0.375,0.0,,,-0.01,0.01388,-6e-05,-0.00186,0.00209,0.59263
1717,1758208,63.45508,110.5,0.875,0.93,0.99141,-0.000709,0.059584,0.000986,0.156998,0.007115,0.72702,64.156837,6.356775,64.406425,7.704297,4.0,0.00012428,8,432,0.05295,0.08949,0.02,0.0,100,0.25,0.0,,,-0.01,0.01482,6e-05,0.00262,0.01277,0.56702
1718,1759232,73.8541,103.625,1.0,0.94,0.971649,-0.001964,0.026723,0.002207,0.183362,0.016915,0.913785,63.329155,8.924576,63.301861,9.301089,4.0,0.00012418,8,393,0.05855,0.09663,0.02,0.0,100,0.25,0.0,,,-0.01,0.01527,0.00019,0.00144,0.0048,0.67589
1719,1760256,64.49102,156.55556,0.88889,0.94,1.007171,-0.002887,0.01133,0.003161,0.241185,0.034528,0.951253,64.246155,8.03747,64.544586,8.395573,4.0,0.00012408,9,539,0.05934,0.09329,0.03,0.0,100,0.44444,1.0,,,-0.01,0.01597,4e-05,0.00199,0.00838,0.6465
1720,1761280,73.46784,112.0,1.0,0.94,0.997572,-0.00147,0.049888,0.00315,0.218013,0.034005,0.641912,64.612953,6.415877,64.905708,6.200005,4.0,0.00012397,8,238,0.05178,0.08528,0.03,0.0,100,0.25,0.0,,,-0.01,0.01635,-8e-05,0.00106,0.00712,0.64941
1721,1762304,72.44127,126.42857,1.0,0.95,1.080985,-0.001537,0.014057,0.002872,0.187346,0.023542,0.569082,65.518806,2.965262,65.716774,3.038437,4.0,0.00012387,7,231,0.04821,0.07939,0.02,0.0,100,0.28571,0.0,,,-0.01,0.01435,-5e-05,-0.00059,0.00739,0.53051
1722,1763328,71.80425,142.25,1.0,0.96,1.100405,-0.001608,0.014678,0.003094,0.175865,0.027065,0.381757,65.720352,3.225321,65.975639,2.823376,4.0,0.00012377,8,314,0.04453,0.07232,0.01,0.0,100,0.0,1.0,,,-0.01,0.01346,-7e-05,0.00051,0.00469,0.60753
1723,1764352,72.37429,128.71429,1.0,0.96,0.976238,-0.001337,0.053096,0.001818,0.205491,0.020159,0.410753,64.895302,5.456412,64.594444,5.089051,4.0,0.00012367,7,484,0.05655,0.08586,0.01,0.0,100,0.42857,0.0,,,-0.01,0.01532,0.00021,0.00178,0.00318,0.60075
1724,1765376,72.89732,127.16667,1.0,0.96,0.864936,-0.001683,0.006133,0.001926,0.18362,0.012033,0.891106,64.429039,3.492919,64.395981,4.017304,4.0,0.00012356,6,500,0.04832,0.07363,0.01,0.0,100,0.16667,0.0,,,-0.01,0.01428,0.00028,0.0018,0.00928,0.57311
1725,1766400,73.11569,136.71429,1.0,0.97,0.989392,-0.003375,0.00568,0.002835,0.254787,0.033936,0.95424,64.05632,5.639413,63.739178,6.230403,4.0,0.00012346,7,553,0.04771,0.07346,0.01,0.0,100,0.14286,0.0,,,-0.01,0.01244,6e-05,0.0014,0.00801,0.62501
1726,1767424,45.18886,200.375,0.625,0.94,1.010299,-0.002109,0.147021,0.003615,0.45431,0.044573,0.468573,64.483109,4.814494,63.246269,8.763459,4.0,0.00012336,8,399,0.04566,0.07087,0.03,0.0,100,0.125,1.0,,,-0.01,0.01353,2e-05,0.00158,0.00706,0.4069
1727,1768448,47.06271,129.66667,0.66667,0.93,1.03328,-0.00199,0.146535,0.002914,0.682506,0.02832,0.435582,65.494827,4.471246,63.622444,8.38298,4.0,0.00012326,3,489,0.03894,0.06007,0.03,0.0,100,0.33333,0.0,,,-0.01,0.01133,0.00017,0.00106,0.00304,0.16201
1728,1769472,69.94284,191.0,1.0,0.94,1.120052,-0.001287,0.049725,0.000788,0.3452,0.003941,0.181468,63.737297,4.339023,63.282112,4.109383,4.0,0.00012316,8,455,0.06513,0.0899,0.03,0.0,100,0.25,0.5,,,-0.01,0.01333,-0.0005,-0.00015,0.00319,0.60235
1729,1770496,71.96128,137.16667,1.0,0.94,0.948354,-0.001503,0.01643,0.001107,0.220382,0.006627,0.800146,62.32333,4.102842,62.499668,4.626175,4.0,0.00012305,6,618,0.05478,0.08492,0.03,0.0,100,0.16667,1.0,,,-0.01,0.01274,0.00018,0.00057,0.0066,0.54324
1730,1771520,72.38846,133.57143,1.0,0.94,0.999122,-0.002963,0.008849,0.002978,0.212798,0.031564,0.928688,61.738701,5.356278,61.800289,6.134444,4.0,0.00012295,7,607,0.04158,0.06588,0.03,0.0,100,0.14286,0.0,,,-0.01,0.01262,0.00019,0.00124,0.00637,0.59487
1731,1772544,47.66197,186.83333,0.66667,0.93,1.035244,-0.001473,0.123564,0.002485,0.310896,0.023054,0.658315,62.090446,7.019506,61.275642,9.860619,4.0,0.00012285,6,602,0.05206,0.07698,0.04,0.0,100,0.16667,0.0,,,-0.01,0.014,0.00013,0.00124,0.00474,0.3356
1732,1773568,71.65031,157.625,1.0,0.93,1.170133,-0.002815,0.011304,0.00345,0.234915,0.032157,0.713506,63.850639,3.192271,64.176369,3.207823,4.0,0.00012275,8,455,0.05246,0.07757,0.04,0.0,100,0.25,0.0,,,-0.01,0.01227,0.00025,0.00063,0.00631,0.58708
1733,1774592,61.04136,133.71429,0.85714,0.93,1.134303,-0.002201,0.151137,0.002712,0.363732,0.023717,0.557519,63.514927,6.086225,62.490746,9.376934,4.0,0.00012264,7,568,0.04779,0.07494,0.03,0.0,100,0.14286,0.0,,,-0.01,0.0128,-0.00014,0.00137,0.00202,0.46963
1734,1775616,71.4709,171.0,1.0,0.93,1.044801,-0.001788,0.028954,0.002083,0.195833,0.018415,0.361244,63.218559,4.075828,63.07346,3.633409,4.0,0.00012254,5,605,0.0529,0.08288,0.03,0.0,100,0.0,0.0,,,-0.01,0.01142,-0.00016,0.00255,0.00363,0.41097
1735,1776640,71.27895,156.83333,1.0,0.93,1.052713,-0.002937,0.034596,0.003482,0.199707,0.039725,0.641995,62.458836,5.02728,62.354897,5.21974,4.0,0.00012244,6,597,0.04861,0.07378,0.03,0.0,100,0.16667,0.0,,,-0.01,0.01304,3e-05,-9e-05,0.0029,0.50449
1736,1777664,52.09671,169.625,0.75,0.91,1.09886,-0.001554,0.253801,0.004255,0.783523,0.055455,0.287422,61.911701,3.575545,59.934109,9.817402,4.0,0.00012234,8,579,0.0443,0.06946,0.03,0.0,100,0.25,1.0,,,-0.01,0.01249,-0.0001,-0.00081,0.00128,0.46693
1737,1778688,54.55446,172.4,0.8,0.9,1.082539,-0.000977,0.11702,0.00141,0.576239,0.004464,0.498773,59.971439,3.731988,58.63448,8.118189,4.0,0.00012223,5,573,0.05479,0.08052,0.03,0.0,100,0.2,1.0,,,-0.01,0.01166,-5e-05,-0.00089,0.00092,0.32178
1738,1779712,71.25481,168.2,1.0,0.9,1.03434,-0.002059,0.041416,0.001984,0.303289,0.016357,0.908822,57.157677,11.693151,57.698101,11.24138,4.0,0.00012213,5,603,0.04705,0.06929,0.03,0.0,100,0.0,1.0,,,-0.01,0.01125,-0.00035,7e-05,0.00732,0.42102
1739,1780736,71.88714,132.14286,1.0,0.9,1.021071,-0.00329,0.088931,0.002384,0.323079,0.022182,0.87795,55.426609,12.593708,54.987843,13.924737,4.0,0.00012203,7,602,0.05843,0.0846,0.03,0.0,100,0.0,1.0,,,-0.01,0.01123,-0.00028,-0.00372,0.00515,0.6068
1740,1781760,54.62129,194.44444,0.77778,0.88,0.979691,-0.002847,0.062083,0.00241,0.265374,0.023472,0.917217,55.60001,13.111919,56.008602,13.981951,4.0,0.00012193,9,582,0.0577,0.09072,0.04,0.0,100,0.22222,0.0,,,-0.01,0.01485,0.00016,0.00126,0.00449,0.57958
1741,1782784,72.39386,123.85714,1.0,0.91,0.960868,-0.002395,0.037223,0.00329,0.342635,0.036412,0.909364,57.353813,10.332021,58.252399,10.964479,4.0,0.00012182,7,587,0.06722,0.10109,0.02,0.0,100,0.28571,1.0,,,-0.01,0.01264,-0.00032,0.00057,0.00521,0.6129
1742,1783808,73.08825,115.57143,1.0,0.92,0.942456,-0.00201,0.025591,0.001976,0.352951,0.018555,0.959818,56.673649,12.567003,57.680992,13.400484,4.0,0.00012172,7,497,0.05887,0.08831,0.02,0.0,100,0.14286,1.0,,,-0.01,0.01526,-0.00022,0.00234,0.00746,0.58636
1743,1784832,62.56123,166.71429,0.85714,0.91,0.896099,-0.002147,0.04833,0.001758,0.28335,0.013602,0.931913,57.854462,13.325021,58.384636,13.744036,4.0,0.00012162,7,500,0.05249,0.07682,0.03,0.0,100,0.0,0.0,,,-0.01,0.01377,7e-05,0.00259,0.00629,0.52129
1744,1785856,72.46204,122.83333,1.0,0.91,0.770792,-0.001534,0.053923,0.001526,0.260874,0.013811,0.787739,60.75531,8.447989,61.272881,8.470909,4.0,0.00012152,6,632,0.04061,0.0651,0.03,0.0,100,0.16667,0.0,,,-0.01,0.01505,0.00017,0.00233,0.00304,0.59622
1745,1786880,61.93605,108.14286,0.85714,0.9,0.79829,-0.002032,0.167185,0.001697,0.352538,0.01266,0.710638,60.245201,9.898321,59.326508,12.386368,4.0,0.00012141,7,644,0.05131,0.08245,0.03,0.0,100,0.28571,0.0,,,-0.01,0.01435,0.00019,0.00094,0.00406,0.5864
1746,1787904,64.0845,175.22222,0.88889,0.91,0.92785,-0.002228,0.018973,0.002527,0.379144,0.015137,0.923538,62.124218,7.599232,63.15226,7.883177,4.0,0.00012131,9,571,0.0518,0.07837,0.03,0.0,100,0.0,0.0,,,-0.01,0.01614,0.0001,0.00155,0.00946,0.65739
1747,1788928,65.64856,102.0,0.9,0.91,1.000814,-0.001999,0.162356,0.003138,0.305953,0.035749,0.434363,63.315823,4.692983,62.955658,8.708929,4.0,0.00012121,10,567,0.05732,0.09027,0.03,0.0,100,0.4,0.0,,,-0.01,0.0156,0.00033,0.00141,0.00279,0.70517
1748,1789952,73.33279,104.11111,1.0,0.91,0.91996,-0.001009,0.052825,0.000849,0.309314,0.00272,0.828073,61.160213,8.726977,62.131878,8.963934,4.0,0.00012111,9,579,0.05407,0.08428,0.03,0.0,100,0.33333,0.0,,,-0.01,0.0159,-7e-05,0.00115,0.00665,0.75627
1749,1790976,73.61352,107.85714,1.0,0.92,0.915773,-0.00208,0.033857,0.002081,0.200576,0.013707,0.931584,60.172661,11.431438,60.432549,11.991313,4.0,0.000121,7,577,0.0552,0.08428,0.03,0.0,100,0.14286,1.0,,,-0.01,0.01571,-0.00014,0.00186,0.00621,0.61265
1750,1792000,55.85505,153.33333,0.77778,0.91,0.872024,-0.00162,0.166532,0.002358,0.437262,0.027483,0.819856,58.270847,14.12394,56.869324,15.711582,4.0,0.0001209,9,620,0.06196,0.09239,0.04,0.0,100,0.44444,1.0,,,-0.01,0.01365,-0.00049,0.00163,0.00048,0.65031
1751,1793024,61.03136,146.28571,0.85714,0.91,1.018555,-0.001315,0.149816,0.002497,0.228251,0.01123,0.644944,61.214142,8.190932,60.94096,10.523777,4.0,0.0001208,7,582,0.0607,0.09146,0.04,0.0,100,0.42857,1.0,,,-0.01,0.01717,0.00051,0.00104,0.00396,0.47787
1752,1794048,64.65623,120.0,0.88889,0.91,1.073914,-0.001262,0.189646,0.002546,0.325883,0.021868,0.420937,62.48077,5.848931,61.765984,9.276625,4.0,0.0001207,9,553,0.05623,0.08781,0.04,0.0,100,0.33333,0.0,,,-0.01,0.01646,0.00012,0.00225,0.00482,0.61351
1753,1795072,63.649,122.0,0.875,0.91,1.08198,-0.001718,0.113928,0.003171,0.196036,0.031006,0.680218,61.806255,7.973696,61.940945,9.631569,4.0,0.0001206,8,558,0.05701,0.08308,0.03,0.0,100,0.25,0.0,,,-0.01,0.01465,5e-05,0.001,0.00535,0.52955
1754,1796096,72.04425,135.125,1.0,0.91,1.144663,-0.001905,0.023266,0.002339,0.359111,0.012905,0.607808,63.559902,4.969704,64.320877,4.447306,4.0,0.00012049,8,546,0.05476,0.07793,0.03,0.0,100,0.25,0.0,,,-0.01,0.01287,0.0002,0.00069,0.00848,0.59729
1755,1797120,73.02902,129.375,1.0,0.91,1.070048,-0.002152,0.078631,0.002265,0.23246,0.0143,0.655209,63.71003,6.019479,63.609417,7.610378,4.0,0.00012039,8,551,0.04385,0.06739,0.03,0.0,100,0.125,0.0,,,-0.01,0.01573,6e-05,0.00286,0.00732,0.61254
1756,1798144,60.19376,129.83333,0.83333,0.91,1.097615,-0.001527,0.06047,0.002175,0.229236,0.006766,0.529514,63.285786,5.406659,63.108356,5.854553,4.0,0.00012029,6,574,0.05433,0.07742,0.02,0.0,100,0.5,0.5,,,-0.01,0.01348,5e-05,-0.00217,0.00364,0.38704
1757,1799168,71.09056,144.16667,1.0,0.91,1.079369,-0.001945,0.014752,0.002543,0.275078,0.018869,0.697087,63.307949,3.821786,63.929756,3.701929,4.0,0.00012019,6,571,0.04079,0.06281,0.02,0.0,100,0.5,0.0,,,-0.01,0.01458,0.00049,0.00119,0.00812,0.45643
1758,1800192,72.83559,129.0,1.0,0.93,1.111041,-0.003111,0.01067,0.002936,0.276515,0.027693,0.762183,63.688961,3.389052,64.283195,3.5019,4.0,0.00012008,9,459,0.06625,0.09982,0.01,0.0,100,0.22222,1.0,,,-0.01,0.0146,0.00023,0.00023,0.00729,0.67439
1759,1801216,62.19806,152.5,0.875,0.92,1.117945,-0.001987,0.147275,0.003387,0.504138,0.032994,0.365179,64.405876,4.015446,63.218433,8.03937,4.0,0.00011998,8,516,0.07032,0.10139,0.01,0.0,100,0.375,1.0,,,-0.01,0.01257,-0.00032,0.00062,0.00365,0.52873
1760,1802240,71.70673,140.625,1.0,0.93,1.012173,-0.00164,0.029818,0.000992,0.359112,0.003348,0.545929,63.151089,4.062465,63.760136,3.863187,4.0,0.00011988,8,579,0.06473,0.09853,0.01,0.0,100,0.375,1.0,,,-0.01,0.01265,0.00039,0.00089,0.00511,0.66924
1761,1803264,71.9368,131.375,1.0,0.93,1.06503,-0.002113,0.024097,0.002859,0.277599,0.021624,0.478864,62.839905,4.060833,63.430149,3.97453,4.0,0.00011978,8,561,0.05895,0.09454,0.01,0.0,100,0.375,0.5,,,-0.01,0.01397,-4e-05,0.00035,0.00484,0.62358
1762,1804288,73.05542,131.42857,1.0,0.93,1.095212,-0.002948,0.022844,0.002243,0.255504,0.015067,0.683917,63.423958,3.60068,63.671398,4.28201,4.0,0.00011967,7,561,0.06358,0.10045,0.01,0.0,100,0.14286,0.0,,,-0.01,0.01476,-4e-05,0.00165,0.00438,0.53447
1763,1805312,72.42206,132.5,1.0,0.94,0.970725,-0.001751,0.011131,0.002671,0.237595,0.021101,0.812022,63.55542,3.835171,63.996494,4.03777,4.0,0.00011957,6,557,0.05545,0.08421,0.01,0.0,100,0.5,1.0,,,-0.01,0.01554,-0.0,0.00128,0.00728,0.5166
1764,1806336,71.90874,151.2,1.0,0.96,0.818296,-0.002404,0.01231,0.001947,0.225595,0.016811,0.869555,63.440632,4.972419,63.25238,5.13657,4.0,0.00011947,5,548,0.06506,0.09801,0.0,0.0,100,0.4,1.0,,,-0.01,0.01288,0.0005,-0.00261,0.00389,0.51681
1765,1807360,57.93325,193.8,0.8,0.95,0.870696,-0.002492,0.031512,0.002433,0.296227,0.024519,0.800703,62.482899,6.335547,61.841846,6.483984,4.0,0.00011937,5,534,0.06041,0.08673,0.01,0.0,100,0.2,0.0,,,-0.01,0.01313,-0.0001,-0.00155,0.00332,0.40614
1766,1808384,56.4915,133.2,0.8,0.94,0.842927,-0.001239,0.157112,0.002014,0.538269,0.015311,0.548428,60.733086,6.641678,59.188335,9.533757,4.0,0.00011926,5,527,0.05635,0.08978,0.01,0.0,100,0.4,0.0,,,-0.01,0.01411,9e-05,0.00116,0.00061,0.41299
1767,1809408,33.3555,222.33333,0.5,0.93,0.951941,-0.001604,0.240728,0.002118,0.776093,0.017543,0.555798,60.064629,7.941737,58.101055,12.01798,4.0,0.00011916,6,505,0.05654,0.08993,0.02,0.0,100,0.66667,1.0,,,-0.01,0.01659,0.00018,0.00194,0.00314,0.24789
1768,1810432,64.42172,172.77778,0.88889,0.92,1.061943,-0.002323,0.021867,0.002396,0.36547,0.020647,0.92905,60.110111,7.95184,60.646294,8.599727,4.0,0.00011906,9,534,0.04498,0.07168,0.03,0.0,100,0.22222,1.0,,,-0.01,0.01623,0.00012,0.002,0.00734,0.65325
1769,1811456,72.27257,141.0,1.0,0.92,1.044751,-0.0018,0.028084,0.001828,0.307033,0.012521,0.576658,61.58205,4.557692,62.286274,4.368551,4.0,0.00011896,8,586,0.06929,0.10518,0.03,0.0,100,0.25,1.0,,,-0.01,0.01375,0.00042,0.0009,0.00449,0.65789
1770,1812480,72.52125,141.0,1.0,0.93,1.17002,-0.003421,0.023249,0.003303,0.217029,0.021101,0.628674,61.887806,3.477644,62.033413,4.044842,4.0,0.00011885,5,549,0.04962,0.07588,0.03,0.0,100,0.4,0.0,,,-0.01,0.01634,-3e-05,0.00203,0.00537,0.37779
1771,1813504,71.72828,164.0,1.0,0.93,1.188759,-0.002863,0.015005,0.003369,0.264776,0.031424,0.713307,61.873928,3.404972,62.150383,3.80134,4.0,0.00011875,6,570,0.04601,0.06817,0.03,0.0,100,0.5,0.0,,,-0.01,0.0142,0.00019,0.00246,0.00567,0.44598
1772,1814528,72.50409,154.0,1.0,0.93,1.210313,-0.004069,0.008469,0.003597,0.351589,0.032715,0.856297,62.135689,3.508602,62.830746,3.993967,4.0,0.00011865,8,546,0.05795,0.08633,0.03,0.0,100,0.0,0.0,,,-0.01,0.015,-0.00024,0.00104,0.01018,0.57579
1773,1815552,72.81235,152.0,1.0,0.93,1.129918,-0.001995,0.030666,0.002756,0.179568,0.026786,0.686769,62.837055,5.338808,62.995396,5.142059,4.0,0.00011855,6,555,0.05123,0.08007,0.03,0.0,100,0.16667,0.0,,,-0.01,0.01682,8e-05,0.00269,0.00407,0.45314
1774,1816576,61.00589,142.57143,0.85714,0.92,1.007297,-0.002264,0.121673,0.002326,0.249385,0.016881,0.546059,60.954639,5.152781,60.568268,8.382424,4.0,0.00011844,7,496,0.0672,0.10071,0.03,0.0,100,0.57143,0.0,,,-0.01,0.01539,-0.00013,0.00154,0.00028,0.52473
1775,1817600,71.99568,143.0,1.0,0.93,0.958453,-0.001814,0.014001,0.00245,0.21474,0.029332,0.920682,61.381622,6.421821,61.744709,6.674609,4.0,0.00011834,5,448,0.06177,0.09056,0.03,0.0,100,0.6,0.0,,,-0.01,0.01533,0.00052,0.00213,0.00502,0.45047
1776,1818624,61.64472,202.0,0.85714,0.92,1.052033,-0.001476,0.052319,0.001685,0.241836,0.00858,0.773452,60.8451,7.841056,60.756004,7.914816,4.0,0.00011824,7,446,0.0698,0.11141,0.04,0.0,100,0.42857,0.5,,,-0.01,0.0141,0.00036,0.00211,0.00144,0.49964
1777,1819648,72.50137,134.625,1.0,0.92,0.970915,-0.001982,0.01683,0.002161,0.264739,0.018694,0.850252,62.093689,5.198547,62.773033,5.420357,4.0,0.00011814,8,468,0.07096,0.10177,0.04,0.0,100,0.5,0.0,,,-0.01,0.01512,-5e-05,0.00205,0.00832,0.68728
1778,1820672,73.36383,111.0,1.0,0.92,0.963865,-0.002483,0.00816,0.002159,0.313403,0.021031,0.950508,62.034824,6.197755,62.810123,7.043348,4.0,0.00011804,8,186,0.06573,0.09584,0.04,0.0,100,0.5,0.0,,,-0.01,0.015,0.00015,0.00091,0.00958,0.67155
1779,1821696,63.92901,152.5,0.875,0.91,1.045967,-0.003012,0.042783,0.004314,0.274093,0.050153,0.750879,63.169765,6.700103,63.765522,6.742127,4.0,0.00011793,8,112,0.06102,0.09074,0.05,0.0,100,0.375,0.0,,,-0.01,0.01644,0.00026,-0.00155,0.00891,0.55563
1780,1822720,64.92378,106.77778,0.88889,0.92,0.999103,-0.001949,0.147764,0.003462,0.39179,0.038121,0.56341,63.238483,5.895013,62.327934,9.517044,4.0,0.00011783,9,196,0.07087,0.10557,0.04,0.0,100,0.33333,1.0,,,-0.01,0.01619,1e-05,0.00108,0.00297,0.6618
1781,1823744,72.99979,117.71429,1.0,0.95,0.949872,-0.001309,0.01618,0.001232,0.200125,0.007778,0.946048,62.550533,7.988157,62.901863,8.559546,4.0,0.00011773,7,327,0.06879,0.10301,0.03,0.0,100,0.71429,0.0,,,-0.01,0.0152,0.00049,0.00079,0.00773,0.60836
1782,1824768,63.66957,159.5,0.875,0.95,1.042885,-0.002682,0.009917,0.002365,0.232521,0.025077,0.955581,63.478661,7.331781,63.791145,7.753397,4.0,0.00011763,8,204,0.06424,0.09995,0.03,0.0,100,0.375,0.0,,,-0.01,0.01637,0.00058,-0.00042,0.00548,0.55824
1783,1825792,72.17333,134.14286,1.0,0.95,0.945988,-0.002067,0.040968,0.002945,0.207444,0.029471,0.686755,64.289261,6.101755,64.338371,6.000852,4.0,0.00011752,7,219,0.06526,0.0993,0.03,0.0,100,0.71429,0.0,,,-0.01,0.01492,-9e-05,0.00217,0.0022,0.60974
1784,1826816,72.59061,123.33333,1.0,0.95,1.050661,-0.002982,0.01983,0.003905,0.264645,0.042097,0.596304,65.183273,3.43938,65.636337,3.665002,4.0,0.00011742,9,134,0.05954,0.09059,0.03,0.0,100,0.33333,0.0,,,-0.01,0.01349,-0.00017,-0.00322,0.01355,0.68038
1785,1827840,64.38795,110.88889,0.88889,0.94,1.001223,-0.001387,0.168404,0.002623,0.413084,0.023472,0.355834,64.401505,4.347732,63.398785,8.265842,4.0,0.00011732,9,107,0.0623,0.10058,0.03,0.0,100,0.22222,0.0,,,-0.01,0.01384,-0.0,-0.00182,0.00363,0.66269
1786,1828864,53.93076,113.375,0.75,0.92,0.888844,-0.000965,0.240427,0.001937,0.84394,0.013079,0.55172,62.467144,6.458673,60.177826,11.984703,4.0,0.00011722,8,138,0.05716,0.09138,0.03,0.0,100,0.625,1.0,,,-0.01,0.01801,0.0001,0.00241,-0.00169,0.55148
1787,1829888,63.78666,161.25,0.875,0.92,1.011161,-0.001408,0.041494,0.002112,0.387028,0.016323,0.852048,60.55566,8.065603,60.960571,8.532673,4.0,0.00011711,8,152,0.06001,0.09137,0.04,0.0,100,0.375,1.0,,,-0.01,0.01533,0.00022,-0.00076,0.00797,0.59308
1788,1830912,60.48085,121.83333,0.83333,0.91,1.094793,-0.002208,0.194774,0.002109,0.579179,0.019322,0.444216,62.44891,5.735905,61.120888,9.427314,4.0,0.00011701,6,275,0.06208,0.09059,0.04,0.0,100,0.5,0.0,,,-0.01,0.01647,-0.00049,0.00106,0.00131,0.39071
1789,1831936,71.75376,147.8,1.0,0.92,1.03803,-0.001354,0.04946,0.002346,0.276768,0.02989,0.75573,61.086819,7.618824,61.221046,7.275597,4.0,0.00011691,5,334,0.05669,0.08336,0.03,0.0,100,0.6,0.0,,,-0.01,0.01747,-3e-05,0.00151,0.00584,0.43288
1790,1832960,61.25552,151.28571,0.85714,0.91,1.04194,-0.001223,0.07651,0.00108,0.297193,0.000698,0.841647,59.309269,8.98964,58.572666,11.296473,4.0,0.00011681,7,383,0.06685,0.09906,0.03,0.0,100,0.42857,0.0,,,-0.01,0.01601,0.00043,-0.0011,0.00205,0.51001
1791,1833984,62.79852,192.875,0.875,0.9,1.068205,-0.002266,0.079262,0.002793,0.316652,0.024379,0.845779,59.615387,10.17493,59.034946,11.594334,4.0,0.0001167,8,519,0.06519,0.0961,0.04,0.0,100,0.25,0.0,,,-0.01,0.01597,0.00036,-0.00136,0.00596,0.58091
1792,1835008,62.41939,138.71429,0.85714,0.9,1.219843,-0.001749,0.018807,0.002653,0.260854,0.020891,0.819677,63.790958,4.712026,64.244858,5.282309,4.0,0.0001166,7,256,0.04696,0.06929,0.03,0.0,100,0.28571,0.0,,,-0.01,0.01585,0.00045,0.00125,0.01077,0.42492
1793,1836032,72.22687,138.66667,1.0,0.9,1.174885,-0.001574,0.020554,0.002015,0.19906,0.015311,0.643148,63.465672,4.674726,63.637966,4.222448,4.0,0.0001165,3,201,0.04626,0.06902,0.03,0.0,100,0.33333,0.0,,,-0.01,0.01359,0.0006,-0.00121,0.00552,0.22398
1794,1837056,70.94553,167.0,1.0,0.91,1.196113,-0.003023,0.009754,0.00334,0.272145,0.039725,0.729465,63.523609,3.633467,63.761864,3.336657,4.0,0.0001164,7,98,0.0599,0.08648,0.03,0.0,100,0.14286,0.0,,,-0.01,0.01566,0.00012,-0.00313,0.00202,0.5111
1795,1838080,61.92927,178.83333,0.83333,0.9,1.119559,-0.005759,0.008948,0.004643,0.327414,0.060896,0.729439,64.473755,3.140543,64.558617,3.015335,4.0,0.00011629,6,183,0.05701,0.081,0.04,0.0,100,0.16667,0.5,,,-0.01,0.01436,0.00017,0.00101,0.00741,0.38842
1796,1839104,70.93203,161.83333,1.0,0.91,0.992396,-0.00295,0.017592,0.003385,0.214034,0.037633,0.838429,63.108551,5.097476,63.412964,5.329038,4.0,0.00011619,6,303,0.05302,0.07792,0.03,0.0,100,0.5,0.66667,,,-0.01,0.01773,-1e-05,0.00204,0.00629,0.4724
1797,1840128,64.25518,162.375,0.875,0.9,1.154775,-0.00363,0.009639,0.002052,0.244627,0.016567,0.915496,63.690105,5.105552,63.941101,5.414472,4.0,0.00011609,8,51,0.07411,0.10223,0.04,0.0,100,0.375,1.0,,,-0.01,0.01713,-0.00045,0.00074,0.00272,0.53431
1798,1841152,73.71254,112.0,1.0,0.9,1.030266,-0.00292,0.020141,0.003479,0.265485,0.037249,0.758734,63.897854,4.333042,64.341522,4.575852,4.0,0.00011599,8,71,0.06558,0.09146,0.04,0.0,100,0.0,1.0,,,-0.01,0.01692,0.00052,0.00093,0.00742,0.64513
1799,1842176,62.70128,150.625,0.875,0.89,0.989258,-0.00244,0.152505,0.003804,0.41711,0.044817,0.515096,63.482292,5.473405,62.605259,9.228578,4.0,0.00011588,8,214,0.05775,0.09054,0.04,0.0,100,0.375,0.0,,,-0.01,0.01963,0.00053,0.00049,0.00574,0.5581
1800,1843200,61.16761,169.33333,0.83333,0.89,0.971304,-0.001935,0.017801,0.001658,0.20539,0.007812,0.939129,62.740986,7.856154,62.851177,8.364493,4.0,0.00011578,6,160,0.05521,0.08507,0.05,0.0,100,0.66667,0.0,,,-0.01,0.01885,0.00062,3e-05,0.00889,0.41817
1801,1844224,73.40299,128.33333,1.0,0.91,1.086536,-0.002912,0.024633,0.00376,0.23409,0.040179,0.209931,65.21769,3.036081,65.496284,2.955889,4.0,0.00011568,9,233,0.06257,0.09456,0.05,0.0,100,0.11111,0.0,,,-0.01,0.01939,0.00041,0.00184,0.00501,0.70618
1802,1845248,72.51021,143.14286,1.0,0.92,1.000779,-0.001735,0.038236,0.002875,0.215873,0.018869,-0.18063,64.526505,4.179612,64.814827,3.268024,4.0,0.00011558,7,509,0.05869,0.09436,0.04,0.0,100,0.14286,0.0,,,-0.01,0.01966,0.00031,0.00213,0.00444,0.56109
1803,1846272,73.0111,120.875,1.0,0.93,0.99339,-0.001993,0.016493,0.003079,0.188947,0.01995,0.388277,64.751762,2.593515,64.910042,2.760622,4.0,0.00011548,8,571,0.07472,0.10982,0.04,0.0,100,0.625,1.0,,,-0.01,0.01506,0.00071,9e-05,0.0038,0.69449
1804,1847296,57.44835,115.8,0.8,0.93,1.072175,-0.002881,0.177014,0.00306,0.565723,0.040597,0.206965,64.504601,2.691649,62.934238,7.485462,4.0,0.00011537,5,566,0.08787,0.12043,0.04,0.0,100,0.4,0.0,,,-0.01,0.01418,-0.00018,-0.0022,0.00118,0.33428
1805,1848320,63.1492,189.22222,0.88889,0.92,1.077583,-0.001844,0.024782,0.001231,0.278813,0.008266,0.553412,62.930164,2.955795,63.116894,3.75328,4.0,0.00011527,9,563,0.07069,0.1081,0.05,0.0,100,0.22222,0.75,,,-0.01,0.01496,0.00078,-0.00296,0.00498,0.62292
1806,1849344,72.65037,118.875,1.0,0.94,1.090198,-0.00269,0.011364,0.003734,0.33627,0.038958,0.655294,63.361675,2.248898,64.094208,2.964201,4.0,0.00011517,8,562,0.07151,0.10936,0.04,0.0,100,0.5,1.0,,,-0.01,0.01556,0.00037,-0.00066,0.01209,0.62323
1807,1850368,72.75946,133.0,1.0,0.94,1.100151,-0.002524,0.006993,0.002087,0.278005,0.015206,0.810533,64.027199,2.661945,64.562637,3.096942,4.0,0.00011507,8,563,0.04773,0.07868,0.04,0.0,100,0.375,1.0,,,-0.01,0.01539,0.00051,-0.001,0.00472,0.606
1808,1851392,72.54449,125.85714,1.0,0.95,0.998466,-0.003566,0.011431,0.003947,0.28617,0.049107,0.707653,64.33091,3.078365,64.850761,3.137022,4.0,0.00011496,7,571,0.05031,0.07999,0.03,0.0,100,0.57143,1.0,,,-0.01,0.01677,-0.00048,0.00078,0.00647,0.55373
1809,1852416,65.80913,115.7,0.9,0.94,1.028867,-0.000427,0.13616,0.000311,0.127129,0.00014,0.30398,63.886475,4.26055,63.917904,7.078355,4.0,0.00011486,10,503,0.05948,0.09236,0.03,0.0,100,0.4,0.0,,,-0.01,0.01796,0.00059,-0.00061,0.00671,0.72324
1810,1853440,72.57317,132.0,1.0,0.95,1.026483,-0.003806,0.008735,0.0022,0.346705,0.019182,0.799729,64.113976,2.844645,64.854568,3.197483,4.0,0.00011476,8,522,0.06201,0.09396,0.02,0.0,100,0.375,0.0,,,-0.01,0.01818,0.00036,0.00073,0.01068,0.62261
1811,1854464,73.41675,116.625,1.0,0.95,1.055715,-0.003519,0.005598,0.003547,0.305875,0.036691,0.840955,65.319824,2.828429,65.959496,2.879227,4.0,0.00011466,8,543,0.05359,0.08159,0.02,0.0,100,0.5,0.0,,,-0.01,0.01968,0.0003,0.00273,0.00644,0.60622
1812,1855488,65.53513,110.55556,0.88889,0.95,1.024613,-0.000528,0.168286,0.000235,0.334447,0.000349,0.196937,65.122635,2.692576,64.345955,7.533482,4.0,0.00011455,9,540,0.06289,0.09388,0.02,0.0,100,0.55556,1.0,,,-0.01,0.01819,-3e-05,0.00161,0.00511,0.61103
1813,1856512,65.51558,109.7,0.9,0.95,0.96758,-0.001155,0.182112,0.000943,0.292671,0.004778,0.180131,65.052025,2.61294,64.507286,7.596639,4.0,0.00011445,10,550,0.06575,0.10317,0.01,0.0,100,0.5,0.0,,,-0.01,0.01956,0.00031,0.00154,0.00439,0.71709
1814,1857536,73.40489,110.375,1.0,0.95,0.993754,-0.003365,0.047314,0.002626,0.226119,0.027274,0.507268,64.103249,5.211058,64.186058,5.142037,4.0,0.00011435,8,559,0.05947,0.09593,0.01,0.0,100,0.5,1.0,,,-0.01,0.01782,-0.0003,-0.00018,0.0041,0.62854
1815,1858560,73.41587,106.875,1.0,0.95,0.98831,-0.002592,0.018007,0.002749,0.21566,0.025774,0.845575,63.866875,4.767226,64.117256,5.451468,4.0,0.00011425,8,473,0.05402,0.08988,0.01,0.0,100,0.625,0.0,,,-0.01,0.01764,0.00018,0.00138,0.00635,0.65264
1816,1859584,73.83692,112.0,1.0,0.96,0.930957,-0.001543,0.010224,0.002128,0.168634,0.020473,0.939596,63.294182,6.475272,63.525246,6.938491,4.0,0.00011414,8,338,0.05552,0.08328,0.01,0.0,100,0.25,1.0,,,-0.01,0.01842,0.00023,-0.00038,0.00735,0.69628
1817,1860608,71.48831,149.25,1.0,0.97,0.960951,-0.002208,0.025459,0.002722,0.206828,0.034807,0.809023,64.032448,5.549573,64.173637,5.910781,4.0,0.00011404,8,539,0.06813,0.10323,0.0,0.0,100,0.375,0.0,,,-0.01,0.01809,0.00022,-0.00244,0.00393,0.68196
1818,1861632,63.56735,162.625,0.875,0.96,0.915001,-0.002139,0.011432,0.002178,0.24167,0.024344,0.929289,63.971439,6.124037,64.479286,6.483294,4.0,0.00011394,8,583,0.05773,0.09089,0.01,0.0,100,0.5,0.0,,,-0.01,0.01997,0.00055,0.00146,0.00705,0.60069
1819,1862656,66.55195,105.1,0.9,0.95,1.11757,-0.001079,0.124565,0.002745,0.306926,0.017578,0.58266,66.251442,4.675095,65.547295,9.15779,4.0,0.00011384,10,526,0.05563,0.08579,0.01,0.0,100,0.3,1.0,,,-0.01,0.02075,-0.0,0.00152,0.00758,0.66082
1820,1863680,73.58407,111.42857,1.0,0.95,1.035217,-0.002841,0.02091,0.003556,0.233654,0.037249,0.600265,66.089928,3.556984,66.34597,3.42094,4.0,0.00011373,7,551,0.05782,0.08418,0.01,0.0,100,0.14286,1.0,,,-0.01,0.01616,-0.00018,0.00146,0.00689,0.54157
1821,1864704,72.33803,126.75,1.0,0.96,1.008249,-0.002244,0.041335,0.001627,0.213078,0.006452,0.488099,65.589188,4.277058,65.278122,4.655536,4.0,0.00011363,8,558,0.07275,0.10952,0.01,0.0,100,0.625,1.0,,,-0.01,0.01586,-0.00085,0.00084,0.00403,0.64008
1822,1865728,72.64205,125.9,1.0,0.96,1.043798,-0.00162,0.015468,0.000701,0.277514,0.003209,0.5889,65.647667,3.722967,66.326836,3.294702,4.0,0.00011353,10,572,0.07377,0.10733,0.01,0.0,100,0.2,1.0,,,-0.01,0.01675,0.00049,-0.00115,0.00905,0.78902
1823,1866752,73.15346,106.8,1.0,0.96,1.040263,-0.003236,0.007799,0.002577,0.281046,0.02553,0.713677,66.055931,2.583395,66.622108,2.709564,4.0,0.00011343,10,546,0.08012,0.11443,0.01,0.0,100,0.4,1.0,,,-0.01,0.01843,-0.00064,0.00025,0.00649,0.77034
1824,1867776,73.71666,103.25,1.0,0.97,0.972687,-0.001728,0.013013,0.000741,0.208873,0.003802,0.664228,66.554008,3.049392,66.864311,3.162017,4.0,0.00011332,8,568,0.07388,0.10801,0.01,0.0,100,0.5,1.0,,,-0.01,0.01969,-0.00017,0.00087,0.0069,0.66452
1825,1868800,72.70916,124.6,1.0,0.98,0.923205,-0.003027,0.007798,0.002035,0.246098,0.014369,0.838493,66.18264,3.381747,66.574936,3.491366,4.0,0.00011322,10,561,0.08502,0.1288,0.01,0.0,100,0.4,1.0,,,-0.01,0.01875,0.0003,0.001,0.00689,0.8463
1826,1869824,73.53546,108.14286,1.0,0.98,1.027914,-0.001913,0.008891,0.002186,0.208245,0.020159,0.629326,67.384865,2.583703,67.418343,2.482643,4.0,0.00011312,7,579,0.09403,0.13319,0.01,0.0,100,0.57143,1.0,,,-0.01,0.01776,-0.00017,0.00103,0.00702,0.56934
1827,1870848,73.60284,106.0,1.0,0.98,1.096208,-0.002944,0.006995,0.002253,0.218333,0.019427,0.772211,67.376144,2.726609,67.270927,2.829683,4.0,0.00011302,7,592,0.1102,0.15494,0.01,0.0,100,0.14286,1.0,,,-0.01,0.01705,-0.00044,-0.00092,0.00597,0.57493
1828,1871872,73.53928,105.42857,1.0,0.98,1.080932,-0.004068,0.005244,0.002954,0.229634,0.031669,0.890334,66.749771,3.2437,66.716774,3.673566,4.0,0.00011292,7,590,0.10635,0.14438,0.01,0.0,100,0.28571,0.0,,,-0.01,0.01959,-0.00042,-6e-05,0.00856,0.56758
1829,1872896,65.10251,179.1,0.9,0.97,1.050095,-0.003285,0.006629,0.002438,0.245738,0.026367,0.86054,66.999611,3.184783,67.110046,3.486359,4.0,0.00011281,10,552,0.10332,0.14156,0.02,0.0,100,0.2,0.76923,,,-0.01,0.01879,-0.00021,0.00102,0.00707,0.67309
1830,1873920,73.83562,105.2,1.0,0.99,0.995642,-0.00275,0.004144,0.001339,0.232072,0.008684,0.737591,67.719872,1.83443,68.052612,1.950094,4.0,0.00011271,10,557,0.09396,0.13127,0.01,0.0,100,0.3,1.0,,,-0.01,0.02027,-8e-05,0.00077,0.00837,0.77903
1831,1874944,73.66721,103.8,1.0,0.99,1.061924,-0.002717,0.003443,0.002147,0.248789,0.016567,0.768512,67.818192,1.854656,68.126335,1.904069,4.0,0.00011261,10,542,0.09541,0.14149,0.01,0.0,100,0.1,1.0,,,-0.01,0.01994,0.00044,0.0007,0.0085,0.74143
1832,1875968,67.10463,94.81818,0.90909,0.98,1.032962,-0.002957,0.184324,0.002475,0.496178,0.022635,0.245067,67.408386,2.472356,66.223938,7.8931,4.0,0.00011251,11,501,0.09039,0.12908,0.01,0.0,100,0.18182,1.0,,,-0.01,0.01966,-0.00034,0.00099,0.0046,0.76154
1833,1876992,73.75861,102.22222,1.0,0.98,1.061943,-0.002492,0.007199,0.00287,0.30887,0.019008,0.628523,67.323341,1.755193,67.696007,1.987973,4.0,0.0001124,9,535,0.06446,0.09546,0.01,0.0,100,0.11111,1.0,,,-0.01,0.01844,0.00028,0.00062,0.01144,0.66
1834,1878016,67.65893,96.0,0.91667,0.97,1.022257,-0.001084,0.171429,0.002714,0.298512,0.032261,0.256087,66.642868,3.442992,65.892105,7.582562,4.0,0.0001123,12,548,0.06781,0.10369,0.01,0.0,100,0.25,0.0,,,-0.01,0.01854,0.00011,0.00092,0.00328,0.84258
1835,1879040,73.14763,102.5,1.0,0.97,0.905231,-0.00329,0.018636,0.003361,0.218846,0.036133,0.909324,64.139923,6.861087,64.099892,7.21652,4.0,0.0001122,6,573,0.06575,0.09964,0.01,0.0,100,0.33333,0.0,,,-0.01,0.01802,0.00034,-0.00044,0.01003,0.51495
1836,1880064,74.29587,101.71429,1.0,0.97,0.875446,-0.002406,0.022687,0.002171,0.245069,0.015206,0.933273,61.858299,9.122643,61.474422,9.790209,4.0,0.0001121,7,611,0.06573,0.09559,0.01,0.0,100,0.28571,0.0,,,-0.01,0.01785,-0.00049,-0.00043,0.00683,0.64247
1837,1881088,63.77409,165.44444,0.88889,0.96,1.061886,-0.000758,0.093005,0.000396,0.274602,0.000314,0.706696,65.422256,6.522356,64.810562,9.329549,4.0,0.00011199,9,556,0.07913,0.12034,0.01,0.0,100,0.44444,0.0,,,-0.01,0.01921,0.00026,0.00159,0.00288,0.61865
1838,1882112,58.0853,110.2,0.8,0.94,1.067458,-0.0004,0.139408,0.001921,0.200768,0.015485,0.607689,65.813133,6.490178,65.348587,9.499574,4.0,0.00011189,10,550,0.07828,0.11891,0.01,0.0,100,0.4,0.0,,,-0.01,0.02007,0.00038,0.00019,0.00591,0.6222
1839,1883136,64.9866,119.11111,0.88889,0.93,1.136906,-0.001618,0.171432,0.000841,0.443257,0.007394,0.363481,66.62709,3.728387,65.314217,8.253912,4.0,0.00011179,9,548,0.08419,0.12885,0.01,0.0,100,0.11111,0.0,,,-0.01,0.0212,0.00076,0.00148,0.00268,0.60002
1840,1884160,73.38838,125.71429,1.0,0.94,1.199979,-0.001917,0.033824,0.002843,0.22724,0.033831,0.170562,65.193336,3.65277,65.125542,3.369056,4.0,0.00011169,7,552,0.09694,0.14414,0.0,0.0,100,0.57143,0.0,,,-0.01,0.01916,-0.00036,0.00148,0.00515,0.52281
1841,1885184,72.70823,134.71429,1.0,0.94,1.231231,-0.001854,0.024417,0.001162,0.212306,0.00722,0.437125,64.858498,3.236694,64.722923,3.538342,4.0,0.00011158,7,541,0.08799,0.12745,0.0,0.0,100,0.57143,0.0,,,-0.01,0.0162,-0.00022,-0.00032,0.00576,0.50783
1842,1886208,72.56286,140.85714,1.0,0.94,1.222491,-0.002255,0.009516,0.002982,0.23601,0.027274,0.595789,65.182114,2.717466,65.512894,2.684367,4.0,0.00011148,7,524,0.08442,0.12113,0.0,0.0,100,0.42857,0.0,,,-0.01,0.01829,8e-05,8e-05,0.00974,0.50867
1843,1887232,72.65601,143.55556,1.0,0.94,1.217385,-0.002227,0.008558,0.002636,0.213978,0.019775,0.749354,65.395103,3.207274,65.593872,3.144342,4.0,0.00011138,9,553,0.07759,0.11078,0.0,0.0,100,0.11111,0.0,,,-0.01,0.01732,0.00011,0.00028,0.00493,0.65625
1844,1888256,72.71862,128.14286,1.0,0.95,1.135502,-0.002455,0.012841,0.002776,0.218028,0.029402,0.620139,64.999763,3.157807,65.341164,3.125922,4.0,0.00011128,7,555,0.07451,0.11078,0.0,0.0,100,0.28571,0.0,,,-0.01,0.01776,4e-05,-0.00299,0.00542,0.52672
1845,1889280,61.80706,121.57143,0.85714,0.94,1.065722,-0.0005,0.192989,0.002169,0.341614,0.014265,0.083674,65.576241,2.815065,64.632004,7.28633,4.0,0.00011117,7,569,0.07226,0.11424,0.0,0.0,100,0.28571,0.0,,,-0.01,0.01918,0.00037,0.00166,0.00284,0.47796
1846,1890304,71.93934,156.85714,1.0,0.95,1.123767,-0.003618,0.005753,0.002686,0.245015,0.025042,0.796689,65.328468,2.171181,65.401787,2.411971,4.0,0.00011107,7,551,0.07856,0.11537,0.0,0.0,100,0.42857,0.0,,,-0.01,0.01729,0.00017,0.00029,0.00448,0.53177
1847,1891328,72.06448,148.75,1.0,0.95,1.159488,-0.004149,0.006314,0.004031,0.266392,0.048444,0.714611,65.35807,2.069262,65.536484,2.35572,4.0,0.00011097,8,555,0.08398,0.11953,0.0,0.0,100,0.25,0.0,,,-0.01,0.01716,0.00017,0.00175,0.00502,0.59159
1848,1892352,73.01305,117.625,1.0,0.95,1.081734,-0.003479,0.005679,0.004074,0.274854,0.045724,0.768087,65.556801,2.110401,65.878456,2.477924,4.0,0.00011087,8,555,0.07471,0.11653,0.0,0.0,100,0.5,0.0,,,-0.01,0.0163,0.0003,-0.00108,0.00567,0.61535
1849,1893376,65.44422,119.4,0.9,0.95,1.077858,-0.002313,0.170677,0.002983,0.378838,0.020264,0.263065,65.383369,2.59323,64.558495,7.756487,4.0,0.00011076,10,554,0.06576,0.10249,0.0,0.0,100,0.4,0.0,,,-0.01,0.02039,-0.00044,0.00058,0.00397,0.67707
1850,1894400,73.33547,116.875,1.0,0.97,1.190926,-0.001609,0.014869,0.003108,0.241885,0.02274,0.552679,65.006081,2.504238,65.34774,2.690643,4.0,0.00011066,8,549,0.06363,0.09267,0.0,0.0,100,0.0,0.0,,,-0.01,0.01765,-2e-05,0.00158,0.00811,0.58439
1851,1895424,73.46598,120.375,1.0,0.97,1.161253,-0.002788,0.008389,0.002961,0.239953,0.022356,0.653004,65.606758,2.394987,65.913445,2.540898,4.0,0.00011056,8,556,0.06349,0.0921,0.0,0.0,100,0.125,0.0,,,-0.01,0.01802,9e-05,0.0025,0.00625,0.58352
1852,1896448,73.81144,115.5,1.0,0.98,1.196818,-0.001577,0.024003,0.002687,0.194314,0.02424,0.451807,65.508492,3.774495,65.607368,3.478404,4.0,0.00011046,6,528,0.06286,0.08952,0.0,0.0,100,0.0,1.0,,,-0.01,0.01794,-0.00027,0.00292,0.00517,0.44031
1853,1897472,64.01445,170.0,0.875,0.97,1.071241,-0.003122,0.010251,0.003416,0.273231,0.033238,0.703071,65.468361,2.48242,65.689392,2.945892,4.0,0.00011036,8,562,0.06109,0.09409,0.01,0.0,100,0.375,1.0,,,-0.01,0.01963,0.00011,0.00115,0.00325,0.5345
1854,1898496,72.59458,130.75,1.0,0.97,1.046129,-0.001569,0.011337,0.00278,0.183836,0.024379,0.542485,65.894615,2.809756,66.116203,2.618994,4.0,0.00011025,8,563,0.07539,0.11129,0.01,0.0,100,0.25,0.0,,,-0.01,0.01779,0.00041,0.00036,0.00481,0.64636
1855,1899520,73.06207,117.125,1.0,0.97,1.053448,-0.003507,0.009654,0.003555,0.285782,0.034807,0.738588,65.564224,2.971489,65.951637,3.155108,4.0,0.00011015,8,561,0.05211,0.07871,0.01,0.0,100,0.0,0.0,,,-0.01,0.01703,0.00053,-0.00087,0.00598,0.61549
1856,1900544,64.25808,111.77778,0.88889,0.96,0.984741,-0.001297,0.135273,0.002506,0.364444,0.018136,0.473505,65.516991,3.856231,64.677307,8.523694,4.0,0.00011005,9,563,0.04592,0.07675,0.01,0.0,100,0.44444,0.0,,,-0.01,0.01873,0.00031,-0.00052,0.00402,0.63541
1857,1901568,72.84936,128.25,1.0,0.97,1.048068,-0.002354,0.035057,0.003817,0.2146,0.040458,0.493649,66.080002,4.191226,66.215683,3.928368,4.0,0.00010995,8,573,0.05384,0.08458,0.01,0.0,100,0.5,1.0,,,-0.01,0.01763,0.00047,-0.00068,0.00314,0.62157
1858,1902592,64.43238,117.0,0.88889,0.96,1.048931,-0.00019,0.1048,0.001219,0.13418,0.000244,0.365332,65.538689,4.175902,65.37558,6.395602,4.0,0.00010984,9,572,0.04958,0.07714,0.01,0.0,100,0.33333,1.0,,,-0.01,0.01674,0.00045,0.00013,0.00281,0.63155
1859,1903616,72.65591,123.8,1.0,0.96,1.035442,-0.001848,0.009073,0.001708,0.309595,0.011649,0.763031,66.0588,3.327497,66.729691,3.064184,4.0,0.00010974,10,549,0.04948,0.07524,0.01,0.0,100,0.2,0.0,,,-0.01,0.01885,0.00015,0.00132,0.00906,0.77882
1860,1904640,73.82626,107.7,1.0,0.96,1.01076,-0.002428,0.008229,0.00194,0.25008,0.015067,0.699969,66.275543,2.527844,66.731049,2.657614,4.0,0.00010964,10,540,0.05903,0.08762,0.01,0.0,100,0.2,0.5,,,-0.01,0.01863,0.00075,0.00078,0.00612,0.78505
1861,1905664,73.46588,109.0,1.0,0.97,1.054684,-0.002442,0.003715,0.003437,0.284164,0.01981,0.841404,66.779457,2.275535,67.309349,2.347755,4.0,0.00010954,9,554,0.04883,0.07295,0.01,0.0,100,0.22222,0.0,,,-0.01,0.01894,0.00038,0.00091,0.00811,0.68143
1862,1906688,66.07691,97.8,0.9,0.96,1.016433,-0.001527,0.144912,0.001465,0.310281,0.010114,0.42231,66.770386,3.629981,66.108696,8.390327,4.0,0.00010943,10,543,0.0494,0.0741,0.01,0.0,100,0.5,1.0,,,-0.01,0.02019,0.00053,0.00257,0.0043,0.68617
1863,1907712,66.82066,101.81818,0.90909,0.95,1.031753,-0.002857,0.177611,0.005052,0.368608,0.064104,0.319742,67.037598,3.792991,66.199509,8.254537,4.0,0.00010933,11,560,0.05652,0.08555,0.01,0.0,100,0.45455,0.0,,,-0.01,0.01695,0.00042,0.00178,0.00518,0.7721
1864,1908736,73.5024,111.6,1.0,0.96,1.04048,-0.002705,0.02142,0.005102,0.28549,0.060059,0.083087,66.635666,2.811143,66.928299,2.475641,4.0,0.00010923,10,541,0.04665,0.07103,0.0,0.0,100,0.5,0.0,,,-0.01,0.01753,0.00046,0.00148,0.00771,0.75509
1865,1909760,73.35723,113.14286,1.0,0.96,0.997086,-0.001713,0.017859,0.001875,0.204851,0.008196,0.010397,66.491386,2.915521,66.576843,2.493016,4.0,0.00010913,7,555,0.04342,0.06797,0.0,0.0,100,0.14286,0.0,,,-0.01,0.01973,0.00074,0.00203,0.00563,0.5522
1866,1910784,73.59574,117.0,1.0,0.96,1.033132,-0.003091,0.004995,0.001899,0.239082,0.013637,0.664163,66.857208,1.727013,67.000687,1.992097,4.0,0.00010902,7,565,0.05046,0.07281,0.0,0.0,100,0.28571,1.0,,,-0.01,0.01704,0.00048,0.002,0.01069,0.53253
1867,1911808,65.78378,115.5,0.9,0.96,1.046568,-0.002139,0.135339,0.00356,0.35715,0.036551,0.443797,66.873154,3.525922,66.13826,8.164953,4.0,0.00010892,10,556,0.04545,0.07061,0.0,0.0,100,0.3,0.0,,,-0.01,0.01809,0.00037,0.00264,0.00763,0.68445
1868,1912832,66.1519,114.0,0.9,0.96,1.096363,-0.001642,0.141454,0.001217,0.438381,0.00136,0.541608,66.223473,5.175239,65.131729,9.200315,4.0,0.00010882,10,571,0.05358,0.08053,0.0,0.0,100,0.4,0.0,,,-0.01,0.01813,0.00033,0.00185,0.00459,0.67192
1869,1913856,63.03794,108.71429,0.85714,0.95,1.104041,-0.002934,0.176067,0.002807,0.655696,0.02982,0.517919,65.486794,5.834452,63.919518,9.59978,4.0,0.00010872,7,562,0.05935,0.08648,0.0,0.0,100,0.42857,1.0,,,-0.01,0.01808,0.00071,0.00153,0.00456,0.44873
1870,1914880,63.37442,150.66667,0.88889,0.94,1.01689,-0.001819,0.254425,0.003005,0.363704,0.03125,0.503643,61.637962,11.448511,61.393761,11.809623,4.0,0.00010861,9,576,0.05081,0.07717,0.0,0.0,100,0.44444,1.0,,,-0.01,0.01726,-6e-05,0.00101,0.00244,0.62533
1871,1915904,73.52202,114.55556,1.0,0.94,1.100638,-0.002007,0.057614,0.003265,0.448918,0.033761,-0.036249,63.634178,5.216086,64.303688,4.247198,4.0,0.00010851,9,550,0.0561,0.08841,0.0,0.0,100,0.44444,0.0,,,-0.01,0.01918,0.0007,0.00075,0.0084,0.67459
1872,1916928,56.64312,104.55556,0.77778,0.92,0.986349,-0.001594,0.27311,0.002215,0.735301,0.015241,0.571925,62.626312,7.407736,60.91151,12.564843,4.0,0.00010841,9,563,0.04221,0.06925,0.0,0.0,100,0.55556,0.0,,,-0.01,0.01779,0.00035,0.00187,0.00327,0.55163
1873,1917952,73.38262,116.75,1.0,0.93,1.062671,-0.002589,0.05336,0.0029,0.518842,0.022461,0.260891,63.141411,4.815003,63.959801,4.280564,4.0,0.00010831,8,572,0.04311,0.06764,0.0,0.0,100,0.375,1.0,,,-0.01,0.01573,0.00071,0.00192,0.00951,0.61007
1874,1918976,73.29704,116.33333,1.0,0.94,0.999757,-0.002466,0.068433,0.001742,0.40237,0.017055,0.321151,62.028526,6.442294,63.176331,5.662087,4.0,0.0001082,12,542,0.04872,0.08297,0.0,0.0,100,0.5,1.0,,,-0.01,0.01831,0.00067,0.00249,0.00551,0.96605
1875,1920000,73.59291,107.625,1.0,0.94,1.053148,-0.001713,0.018121,0.000529,0.386789,0.000872,0.678611,63.135479,3.874425,64.15258,3.925587,4.0,0.0001081,8,557,0.04774,0.07947,0.0,0.0,100,0.75,0.0,,,-0.01,0.01892,0.00088,0.0022,0.00605,0.61341
1876,1921024,73.31274,110.66667,1.0,0.94,1.024298,-0.002746,0.01547,0.003308,0.440454,0.032785,0.73068,63.093773,3.560615,64.227798,3.813754,4.0,0.000108,9,533,0.04927,0.07954,0.0,0.0,100,0.44444,0.0,,,-0.01,0.01875,0.00064,-0.00018,0.00627,0.69773
1877,1922048,73.70887,104.71429,1.0,0.94,1.002514,-0.001843,0.0244,0.001349,0.31016,0.006138,0.663393,64.289101,4.602678,65.03038,4.346056,4.0,0.0001079,7,552,0.05394,0.08637,0.0,0.0,100,0.57143,0.0,,,-0.01,0.01636,0.00036,0.00089,0.00645,0.56567
1878,1923072,72.42153,118.14286,1.0,0.94,0.873607,-0.002301,0.007577,0.002535,0.266296,0.014579,0.841721,65.085159,3.781554,65.493126,3.689017,4.0,0.0001078,7,608,0.05384,0.08158,0.0,0.0,100,0.71429,0.0,,,-0.01,0.01573,0.00013,-0.00306,0.00864,0.6391
1879,1924096,73.32256,115.33333,1.0,0.95,0.873371,-0.00247,0.00588,0.002694,0.263414,0.025216,0.905604,65.388756,4.403481,65.512276,4.667914,4.0,0.00010769,9,629,0.06734,0.09743,0.0,0.0,100,0.55556,0.0,,,-0.01,0.01568,0.00038,0.0011,0.00705,0.86977
1880,1925120,64.53605,154.875,0.875,0.95,0.931938,-0.003052,0.008959,0.002804,0.271692,0.021101,0.896268,65.093086,4.541339,65.369934,5.019091,4.0,0.00010759,8,587,0.06209,0.09245,0.01,0.0,100,0.375,0.0,,,-0.01,0.01823,0.00019,0.00067,0.01001,0.60547
1881,1926144,64.49723,146.75,0.875,0.96,0.973391,-0.001928,0.009246,0.001473,0.25733,0.005092,0.866678,65.906624,3.89291,66.414192,4.162837,4.0,0.00010749,8,546,0.06454,0.09949,0.02,0.0,100,0.5,0.0,,,-0.01,0.01958,0.00044,0.00094,0.00811,0.55768
1882,1927168,63.91601,99.875,0.875,0.95,0.853189,-0.002157,0.155967,0.003699,0.451922,0.047991,0.545275,65.739883,5.447185,64.605659,9.426092,4.0,0.00010739,8,562,0.06565,0.10476,0.02,0.0,100,0.5,0.0,,,-0.01,0.01722,0.00074,0.00069,0.00191,0.62196
1883,1928192,65.93338,121.27273,0.90909,0.95,0.994408,-0.00059,0.183075,0.0026,0.256226,0.017508,0.15129,65.786766,3.83456,65.592102,7.284969,4.0,0.00010728,11,562,0.07561,0.11102,0.02,0.0,100,0.36364,0.0,,,-0.01,0.0163,0.00058,0.00011,0.00783,0.79335
1884,1929216,73.74473,109.11111,1.0,0.96,1.062939,-0.001846,0.019781,0.002387,0.238266,0.020438,0.186554,66.405655,2.833337,66.872673,2.553113,4.0,0.00010718,9,547,0.07288,0.10288,0.02,0.0,100,0.11111,0.0,,,-0.01,0.01893,0.00034,0.00109,0.01061,0.6683
1885,1930240,74.19837,102.33333,1.0,0.96,1.011933,-0.002902,0.037607,0.002291,0.206421,0.019775,0.375858,66.738174,2.658482,66.782936,3.884435,4.0,0.00010708,9,562,0.05702,0.0892,0.02,0.0,100,0.33333,1.0,,,-0.01,0.01872,0.00018,-0.00125,0.00771,0.70853
1886,1931264,55.45416,113.44444,0.77778,0.94,1.019613,-0.001354,0.307412,0.001726,0.738867,0.011265,0.238645,66.167526,3.517913,64.207581,9.95318,4.0,0.00010698,9,550,0.06804,0.10389,0.02,0.0,100,0.55556,0.0,,,-0.01,0.01605,0.00105,0.00035,0.00266,0.54964
1887,1932288,73.11371,133.16667,1.0,0.94,1.032263,-0.002005,0.040208,0.002328,0.309017,0.017718,0.415593,63.987339,4.049399,63.754642,4.056657,4.0,0.00010687,6,558,0.05309,0.08373,0.02,0.0,100,0.5,0.0,,,-0.01,0.01576,0.00122,0.00036,0.00346,0.48834
1888,1933312,73.6506,111.5,1.0,0.94,0.844114,-0.002369,0.015404,0.001993,0.258612,0.017718,0.833562,62.850254,4.280964,62.962822,4.800857,4.0,0.00010677,6,611,0.05638,0.08544,0.02,0.0,100,0.16667,0.0,,,-0.01,0.01529,0.00065,0.00157,0.00789,0.57544
1889,1934336,57.09796,170.77778,0.77778,0.92,0.990757,-0.000918,0.120955,0.000517,0.200121,0.002058,0.475304,62.826546,4.473849,62.460232,7.658172,4.0,0.00010667,9,585,0.05405,0.08268,0.03,0.0,100,0.33333,0.0,,,-0.01,0.01816,0.00037,0.00228,0.00585,0.58982
1890,1935360,60.65968,172.5,0.83333,0.91,1.043484,-0.002279,0.023147,0.002174,0.235254,0.024414,0.784526,63.514275,4.546553,63.429939,5.135228,4.0,0.00010657,6,577,0.04709,0.07137,0.04,0.0,100,0.5,0.0,,,-0.01,0.01778,0.00073,-0.00037,0.00195,0.40777
1891,1936384,50.99876,115.14286,0.71429,0.89,0.999837,-0.001569,0.263633,0.003371,0.753884,0.039516,0.457081,62.628597,6.342654,60.702332,11.02087,4.0,0.00010646,7,579,0.05934,0.09252,0.04,0.0,100,0.57143,0.0,,,-0.01,0.01672,0.00082,-8e-05,0.00068,0.41171
1892,1937408,71.25931,155.71429,1.0,0.9,0.987294,-0.001622,0.034182,0.001218,0.451409,0.003732,0.602895,61.749531,4.542537,62.433933,4.465834,4.0,0.00010636,7,583,0.06069,0.09318,0.03,0.0,100,0.71429,0.0,,,-0.01,0.014,0.00061,0.00074,0.00614,0.58818
1893,1938432,72.21667,142.4,1.0,0.9,1.016493,-0.003483,0.010618,0.003037,0.24767,0.030483,0.875808,62.989017,4.467896,63.042397,4.706225,4.0,0.00010626,5,605,0.04938,0.07508,0.03,0.0,100,0.4,0.0,,,-0.01,0.0143,0.00037,0.00162,0.00692,0.41533
1894,1939456,55.73392,145.22222,0.77778,0.89,0.93276,-0.001582,0.285612,0.001618,0.787874,0.010114,0.397769,61.211678,5.566095,59.256844,11.046413,4.0,0.00010616,9,575,0.05428,0.08953,0.02,0.0,100,0.44444,0.0,,,-0.01,0.01701,0.00064,0.00143,0.00211,0.56971
1895,1940480,64.04046,156.25,0.875,0.89,0.873374,-0.002056,0.095582,0.002167,0.40873,0.025426,0.597875,59.009338,6.668083,59.235939,7.757672,4.0,0.00010605,8,571,0.0376,0.06757,0.03,0.0,100,0.625,0.0,,,-0.01,0.01561,0.00067,-0.00093,0.00366,0.60775
1896,1941504,72.75869,113.6,1.0,0.9,0.995594,-0.002147,0.042383,0.000981,0.487421,0.006627,0.376673,60.562138,4.506854,61.86652,4.694789,4.0,0.00010595,10,574,0.05112,0.07796,0.03,0.0,100,0.6,1.0,,,-0.01,0.01558,0.00047,-0.00038,0.00648,0.80581
1897,1942528,65.32567,114.2,0.9,0.89,1.059703,-0.001011,0.164301,0.00213,0.289209,0.011823,0.468659,61.378994,4.505636,61.383259,8.74165,4.0,0.00010585,10,567,0.04106,0.07216,0.03,0.0,100,0.5,0.0,,,-0.01,0.01511,0.00036,-7e-05,0.00688,0.69844
1898,1943552,58.18604,106.0,0.8,0.88,1.10206,-0.000857,0.24558,0.001733,0.362681,0.020299,0.38718,60.749214,4.91211,60.116447,10.718697,4.0,0.00010575,10,545,0.04305,0.07384,0.03,0.0,100,0.4,1.0,,,-0.01,0.01687,0.00018,0.00138,0.0036,0.59641
1899,1944576,73.0566,129.28571,1.0,0.89,1.045394,-0.002339,0.093611,0.002453,0.365527,0.029506,0.620569,61.820225,6.94368,62.183323,7.614131,4.0,0.00010564,7,583,0.03519,0.05929,0.03,0.0,100,0.14286,0.0,,,-0.01,0.01534,0.00018,0.0006,0.00643,0.55968
1900,1945600,71.69723,141.5,1.0,0.89,1.022329,-0.001373,0.047262,0.002704,0.366243,0.023612,0.604746,60.522251,6.692327,61.457012,5.934757,4.0,0.00010554,6,579,0.04143,0.07055,0.03,0.0,100,0.83333,0.0,,,-0.01,0.0137,0.00033,0.00102,0.00705,0.49396
1901,1946624,72.96594,124.7,1.0,0.91,1.180985,-0.002589,0.015567,0.002606,0.468239,0.017055,0.830196,61.768059,4.408301,63.169468,4.723981,4.0,0.00010544,10,554,0.04268,0.06359,0.02,0.0,100,0.3,1.0,,,-0.01,0.01503,0.00011,0.00117,0.01058,0.72402
1902,1947648,62.35073,115.0,0.85714,0.91,1.009192,-0.002464,0.182221,0.00294,0.281173,0.020194,0.486458,61.337666,6.284011,60.929436,9.36701,4.0,0.00010534,7,585,0.04188,0.07363,0.01,0.0,100,0.28571,0.0,,,-0.01,0.01423,0.00039,0.00183,0.00437,0.48934
1903,1948672,72.95697,120.57143,1.0,0.92,1.006747,-0.001499,0.023788,0.001644,0.342568,0.011091,0.861971,61.242847,5.785499,62.188728,6.387159,4.0,0.00010524,7,589,0.04004,0.06386,0.01,0.0,100,0.57143,0.0,,,-0.01,0.01541,0.00053,0.00107,0.00932,0.5787
1904,1949696,73.23063,116.28571,1.0,0.93,0.93915,-0.002526,0.020998,0.002531,0.229547,0.017299,0.930938,61.124634,8.323891,61.367939,8.917492,4.0,0.00010513,7,579,0.04323,0.07193,0.01,0.0,100,0.28571,0.0,,,-0.01,0.01514,-5e-05,0.00094,0.00425,0.62095
1905,1950720,62.66338,166.42857,0.85714,0.92,0.930552,-0.001889,0.027595,0.000848,0.192905,0.005755,0.833537,63.143826,6.107992,63.267384,6.445221,4.0,0.00010503,7,590,0.04499,0.07128,0.02,0.0,100,0.42857,0.0,,,-0.01,0.0138,0.00013,0.00095,0.00678,0.52928
1906,1951744,72.91802,116.0,1.0,0.93,0.733616,-0.002247,0.08552,0.001587,0.266428,0.015765,0.787725,59.521496,10.309599,59.10424,10.295485,4.0,0.00010493,6,662,0.03739,0.06779,0.02,0.0,100,0.33333,1.0,,,-0.01,0.01326,0.00055,0.0009,0.00249,0.67667
1907,1952768,42.3036,178.8,0.6,0.92,0.696942,-0.002862,0.192166,0.003671,0.515639,0.051932,0.687319,57.095337,9.685135,55.485359,12.157544,4.0,0.00010483,5,697,0.03702,0.06557,0.03,0.0,100,1.0,0.0,,,-0.01,0.01419,0.0003,0.00011,0.0005,0.3585
1908,1953792,48.23876,200.16667,0.66667,0.9,0.807883,-0.001818,0.086626,0.001355,0.335134,0.004953,0.841109,56.269714,10.161139,55.369438,11.567808,4.0,0.00010472,6,657,0.04995,0.08339,0.04,0.0,100,0.33333,1.0,,,-0.01,0.01608,0.00013,0.00143,0.00143,0.41722
1909,1954816,44.0809,157.125,0.625,0.88,0.962171,-0.001142,0.227139,0.001644,0.614244,0.007638,0.733529,56.644268,11.113537,54.973354,14.702018,4.0,0.00010462,8,621,0.05715,0.09111,0.03,0.0,100,0.75,1.0,,,-0.01,0.01454,0.00075,0.00022,0.0033,0.44468
1910,1955840,64.22298,168.77778,0.88889,0.87,1.029738,-0.002417,0.028656,0.003224,0.346058,0.035017,0.96073,58.094219,12.924472,58.552692,13.457084,4.0,0.00010452,9,586,0.04371,0.07189,0.04,0.0,100,0.44444,1.0,,,-0.01,0.01429,0.00056,0.00056,0.00547,0.67043
1911,1956864,72.51958,133.14286,1.0,0.89,1.138909,-0.002116,0.032204,0.003119,0.315345,0.029332,0.48464,62.713127,4.460211,63.366077,4.18753,4.0,0.00010442,7,568,0.04348,0.06758,0.04,0.0,100,0.28571,0.0,,,-0.01,0.01517,0.00015,0.00068,0.00809,0.53046
1912,1957888,60.03065,137.16667,0.83333,0.89,1.126254,-0.001018,0.133864,0.002458,0.340471,0.019427,0.600627,62.089695,5.662075,61.341499,9.29485,4.0,0.00010431,6,550,0.05016,0.0796,0.04,0.0,100,0.5,1.0,,,-0.01,0.01586,0.00055,0.00023,0.00437,0.38271
1913,1958912,72.45937,142.125,1.0,0.89,1.137464,-0.002766,0.016839,0.002762,0.311203,0.02982,0.73717,63.247417,3.854944,63.829094,3.790275,4.0,0.00010421,8,568,0.05121,0.08154,0.04,0.0,100,0.25,0.0,,,-0.01,0.01628,0.00045,0.00147,0.00739,0.59425
1914,1959936,57.21841,124.8,0.8,0.87,1.024217,-0.001841,0.295523,0.003205,0.811401,0.03132,0.614624,59.677082,9.664574,57.522205,13.707622,4.0,0.00010411,10,587,0.04976,0.08536,0.04,0.0,100,0.6,1.0,,,-0.01,0.01637,0.00023,-0.00029,-0.00333,0.66662
1915,1960960,73.12344,124.2,1.0,0.87,1.031114,-0.002114,0.059445,0.002672,0.419928,0.024763,0.830866,58.636757,9.083605,59.090855,9.390372,4.0,0.00010401,5,590,0.04076,0.06595,0.04,0.0,100,0.4,0.0,,,-0.01,0.01392,0.0003,-0.00122,0.00548,0.41327
1916,1961984,65.15189,133.72727,0.90909,0.87,1.121309,-0.002763,0.182632,0.003609,0.278301,0.035366,0.558784,59.684517,6.862704,59.743042,10.037481,4.0,0.0001039,11,552,0.05524,0.08702,0.04,0.0,100,0.45455,1.0,,,-0.01,0.01554,0.00047,-0.00101,0.00571,0.74816
1917,1963008,73.36298,114.125,1.0,0.87,1.129618,-0.001454,0.045473,0.002718,0.550007,0.022182,0.598971,60.474583,5.535958,61.998455,5.465705,4.0,0.0001038,8,559,0.04423,0.06895,0.04,0.0,100,0.375,0.0,,,-0.01,0.01664,0.00067,0.00145,0.00863,0.59708
1918,1964032,72.22737,132.375,1.0,0.88,1.090035,-0.002364,0.023745,0.002212,0.409205,0.025216,0.756504,62.101543,5.107647,63.08157,5.106192,4.0,0.0001037,8,569,0.0612,0.08897,0.03,0.0,100,0.5,1.0,,,-0.01,0.01432,0.00034,-0.0,0.00656,0.6419
1919,1965056,72.31573,125.75,1.0,0.88,1.039959,-0.001733,0.031431,0.0018,0.443223,0.013358,0.656672,61.538425,5.205451,62.622089,5.053869,4.0,0.0001036,8,575,0.05743,0.08879,0.03,0.0,100,0.375,0.0,,,-0.01,0.01532,0.0002,0.00059,0.00375,0.63792
1920,1966080,72.9006,126.125,1.0,0.91,1.091543,-0.004447,0.011793,0.004156,0.516711,0.054443,0.859129,63.09338,4.491872,64.153275,4.312772,4.0,0.00010349,8,562,0.04652,0.07671,0.02,0.0,100,0.375,1.0,,,-0.01,0.01436,0.00059,0.00195,0.00818,0.60805
1921,1967104,72.49491,131.44444,1.0,0.94,1.09645,-0.002152,0.018324,0.002478,0.423838,0.024449,0.707863,64.48362,4.518426,65.379799,3.973711,4.0,0.00010339,9,569,0.04662,0.07145,0.01,0.0,100,0.55556,1.0,,,-0.01,0.01479,0.00037,0.00185,0.0074,0.68162
1922,1968128,73.24723,110.33333,1.0,0.95,0.976815,-0.002229,0.010094,0.001959,0.346611,0.01838,0.7702,65.293106,3.791471,65.939316,3.353974,4.0,0.00010329,6,570,0.04357,0.06738,0.01,0.0,100,0.5,1.0,,,-0.01,0.01598,0.00027,0.00186,0.00368,0.48791
1923,1969152,64.95324,119.5,0.9,0.95,0.93203,-0.000708,0.19152,0.001522,0.359771,0.006313,0.200844,65.678879,3.413826,64.801498,7.692379,4.0,0.00010319,10,586,0.06157,0.0948,0.0,0.0,100,0.6,0.0,,,-0.01,0.01525,0.00119,0.00094,-0.00074,0.75507
1924,1970176,72.64411,124.0,1.0,0.95,0.869394,-0.002124,0.010948,0.001647,0.203747,0.011614,0.741846,64.886696,2.924891,65.139053,3.148752,4.0,0.00010308,7,587,0.03973,0.06534,0.0,0.0,100,0.14286,0.0,,,-0.01,0.01453,0.00063,0.00054,0.00794,0.61665
1925,1971200,72.82977,108.57143,1.0,0.96,0.819373,-0.001603,0.014055,0.002174,0.2079,0.016462,0.816914,64.550247,3.859061,64.818382,4.47447,4.0,0.00010298,7,618,0.0346,0.05792,0.0,0.0,100,0.42857,0.0,,,-0.01,0.01566,0.00027,-3e-05,0.00791,0.66139
1926,1972224,64.33275,148.75,0.875,0.95,0.81206,-0.001887,0.019992,0.001958,0.205227,0.017508,0.88328,64.001549,6.158194,63.785191,6.656392,4.0,0.00010288,8,620,0.04775,0.07094,0.01,0.0,100,0.375,1.0,,,-0.01,0.01408,0.00031,0.00228,0.00585,0.6864
1927,1973248,64.30432,103.75,0.875,0.96,0.824498,-0.000378,0.095173,0.001981,0.201166,0.014125,0.629483,64.335472,5.702451,63.973774,8.04365,4.0,0.00010278,8,628,0.04502,0.06696,0.01,0.0,100,0.5,0.0,,,-0.01,0.01662,0.00066,0.00175,0.00739,0.66924
1928,1974272,64.15155,142.0,0.875,0.96,0.859618,-0.001216,0.031983,0.000594,0.15451,0.000802,0.867285,64.256935,7.419939,64.356857,7.828141,4.0,0.00010268,8,588,0.03534,0.06312,0.02,0.0,100,0.625,0.0,,,-0.01,0.01534,0.00045,0.00129,0.00792,0.6214
1929,1975296,65.22107,143.22222,0.88889,0.95,0.974,-0.001998,0.006443,0.0021,0.200152,0.02124,0.964138,65.941971,6.464436,66.172226,6.897366,4.0,0.00010257,9,569,0.03939,0.06597,0.03,0.0,100,0.55556,0.0,,,-0.01,0.01518,0.00068,0.00241,0.01028,0.63702
1930,1976320,74.08021,98.54545,1.0,0.95,0.975964,-0.001421,0.011287,0.002858,0.229357,0.027414,0.631301,67.421463,2.609875,67.661476,2.760572,4.0,0.00010247,11,562,0.03808,0.06352,0.03,0.0,100,0.18182,0.0,,,-0.01,0.01392,0.00071,-0.00136,0.00806,0.86669
1931,1977344,73.44529,97.16667,1.0,0.95,0.813737,-0.00161,0.023779,0.00199,0.233103,0.019915,0.752489,66.63681,4.81866,66.281685,4.889983,4.0,0.00010237,6,615,0.03953,0.05872,0.03,0.0,100,0.16667,1.0,,,-0.01,0.01476,-8e-05,0.00152,0.00489,0.58161
1932,1978368,61.48545,122.0,0.85714,0.94,0.774237,-0.001425,0.177786,0.001508,0.741523,0.007533,0.566683,65.080704,6.335861,63.131104,10.043578,4.0,0.00010227,7,628,0.03802,0.06305,0.03,0.0,100,0.42857,0.66667,,,-0.01,0.01455,0.00092,-0.00053,0.00609,0.57648
1933,1979392,56.97855,136.11111,0.77778,0.92,0.849429,-0.000276,0.064021,0.000973,0.207177,0.009173,0.864743,61.716351,9.298474,61.553005,11.138874,4.0,0.00010216,9,610,0.04413,0.06999,0.04,0.0,100,0.33333,0.0,,,-0.01,0.01458,0.00051,0.00029,0.00801,0.63687
1934,1980416,66.50223,136.72727,0.90909,0.91,0.987072,-0.002119,0.011226,0.001536,0.229513,0.010428,0.858053,65.883011,4.160939,66.268906,4.446608,4.0,0.00010206,11,560,0.05158,0.07893,0.05,0.0,100,0.09091,0.0,,,-0.01,0.01521,0.0005,0.0005,0.00727,0.78651
1935,1981440,64.50611,109.11111,0.88889,0.91,0.998882,-0.001308,0.182624,0.003202,0.338332,0.033343,0.25821,65.789238,3.204544,64.890808,7.819705,4.0,0.00010196,9,564,0.05013,0.077,0.05,0.0,100,0.55556,0.0,,,-0.01,0.01512,0.00036,-9e-05,0.00567,0.62526
1936,1982464,64.40064,114.88889,0.88889,0.9,1.061007,-0.001754,0.177365,0.004099,0.355494,0.042864,0.384848,64.86351,4.469063,64.081902,8.500885,4.0,0.00010186,9,565,0.0476,0.074,0.05,0.0,100,0.66667,0.0,,,-0.01,0.01444,0.00072,-0.00085,0.00584,0.60907
1937,1983488,73.32316,118.375,1.0,0.9,1.064714,-0.001484,0.065521,0.002919,0.247987,0.038016,0.746382,64.038063,7.836147,63.827873,8.043862,4.0,0.00010175,8,568,0.04625,0.06707,0.05,0.0,100,0.125,0.0,,,-0.01,0.01527,0.00083,0.00063,0.00709,0.61693
1938,1984512,72.87367,124.83333,1.0,0.92,0.957505,-0.002593,0.027498,0.003128,0.270033,0.028878,0.922268,62.015728,8.981019,61.698101,9.547179,4.0,0.00010165,6,581,0.0446,0.06494,0.04,0.0,100,0.66667,0.0,,,-0.01,0.01545,0.0007,0.00145,0.00659,0.51128
1939,1985536,72.67251,137.66667,1.0,0.92,0.886204,-0.001857,0.035306,0.003538,0.209083,0.044399,0.945024,59.504757,12.212231,59.277191,12.668392,4.0,0.00010155,6,628,0.04713,0.06816,0.04,0.0,100,0.33333,0.0,,,-0.01,0.0128,0.00021,0.00187,0.00897,0.55841
1940,1986560,62.95401,179.0,0.875,0.92,0.962413,-0.001596,0.018747,0.001831,0.251485,0.014335,0.943019,62.781799,9.41209,63.313469,9.497355,4.0,0.00010145,8,568,0.03977,0.06081,0.04,0.0,100,0.25,0.0,,,-0.01,0.01538,0.00037,0.0012,0.00875,0.57423
1941,1987584,72.76354,113.0,1.0,0.93,0.997922,-0.001421,0.02822,0.002054,0.255196,0.018938,0.458872,64.65654,4.290683,65.187744,3.876734,4.0,0.00010134,9,561,0.03788,0.05929,0.03,0.0,100,0.33333,0.0,,,-0.01,0.01403,0.00031,-0.00107,0.00542,0.72126
1942,1988608,72.47721,123.57143,1.0,0.93,1.048732,-0.001685,0.019539,0.00223,0.1935,0.021484,0.613109,64.808273,3.331435,64.869453,3.623381,4.0,0.00010124,7,561,0.05297,0.06901,0.03,0.0,100,0.42857,0.0,,,-0.01,0.01203,0.00031,0.00064,0.00495,0.54413
1943,1989632,72.15948,131.11111,1.0,0.93,1.030745,-0.001723,0.021515,0.000999,0.212689,0.003174,0.736411,64.422508,3.924049,64.625359,4.492695,4.0,0.00010114,9,577,0.05652,0.07985,0.03,0.0,100,0.44444,1.0,,,-0.01,0.01289,0.00043,0.00103,0.00379,0.71041
1944,1990656,73.06259,119.83333,1.0,0.93,0.89116,-0.001966,0.017413,0.002227,0.212424,0.016497,0.796784,64.688393,4.709197,65.035019,4.706184,4.0,0.00010104,6,598,0.05016,0.06607,0.03,0.0,100,0.16667,1.0,,,-0.01,0.01163,0.00016,-0.00057,0.0097,0.51868
1945,1991680,72.28694,118.14286,1.0,0.95,0.885542,-0.002514,0.013876,0.001982,0.226617,0.01287,0.896055,64.364052,5.463125,64.399147,5.887028,4.0,0.00010093,7,602,0.05694,0.0776,0.03,0.0,100,0.28571,0.0,,,-0.01,0.01303,0.00042,0.00043,0.00693,0.629
1946,1992704,62.05547,163.57143,0.85714,0.96,0.914087,-0.002715,0.006971,0.002802,0.207787,0.030343,0.955204,64.151321,6.44092,64.263969,6.997139,4.0,0.00010083,7,589,0.04675,0.06623,0.02,0.0,100,0.42857,0.0,,,-0.01,0.01255,0.00028,-0.00131,0.01181,0.53208
1947,1993728,73.25522,115.5,1.0,0.96,0.96757,-0.001576,0.006746,0.00128,0.194334,0.004743,0.952253,65.170311,5.996579,65.275566,6.553665,4.0,0.00010073,10,584,0.05833,0.08283,0.02,0.0,100,0.0,0.0,,,-0.01,0.01264,0.00029,0.00186,0.00849,0.83475
1948,1994752,56.18765,157.22222,0.77778,0.95,0.921382,-0.000787,0.174262,0.001889,0.394584,0.010463,0.549459,65.465218,6.835871,64.386879,9.96808,4.0,0.00010063,9,588,0.06039,0.08414,0.03,0.0,100,0.33333,1.0,,,-0.01,0.01464,7e-05,0.00026,0.00611,0.57392
1949,1995776,73.69129,101.1,1.0,0.96,1.017532,-0.002981,0.027099,0.004566,0.279337,0.060303,0.539531,66.345924,2.870646,66.332153,3.674468,4.0,0.00010052,10,549,0.05603,0.0802,0.03,0.0,100,0.1,1.0,,,-0.01,0.01248,0.00021,0.00055,0.00724,0.74742
1950,1996800,61.85113,106.14286,0.85714,0.95,0.916203,-0.000762,0.178797,0.00098,0.298114,0.001639,0.540266,64.342216,6.774157,63.553425,9.742341,4.0,0.00010042,7,582,0.05234,0.07514,0.03,0.0,100,0.28571,1.0,,,-0.01,0.01342,4e-05,-0.00076,0.0095,0.49182
1951,1997824,73.90065,99.75,1.0,0.95,0.881045,-0.001938,0.023757,0.002328,0.234842,0.024902,0.944173,62.870667,9.891908,62.755314,10.286975,4.0,0.00010032,8,596,0.05684,0.0794,0.03,0.0,100,0.125,0.0,,,-0.01,0.01245,0.0004,0.00082,0.00665,0.71691
1952,1998848,72.14907,130.77778,1.0,0.96,0.86943,-0.001468,0.01211,0.00139,0.204231,0.012172,0.977193,61.881504,11.343896,62.231598,11.923296,4.0,0.00010022,9,599,0.05766,0.08156,0.02,0.0,100,0.22222,1.0,,,-0.01,0.01351,-0.00028,0.00097,0.00941,0.78671
1953,1999872,64.80886,144.22222,0.88889,0.95,1.061628,-0.003642,0.009231,0.004156,0.261425,0.051862,0.949887,65.418709,6.493065,65.548836,6.719677,4.0,0.00010012,9,563,0.07107,0.09175,0.03,0.0,100,0.11111,1.0,,,-0.01,0.01373,-0.00018,-0.00101,0.00916,0.60729
1954,2000896,72.61141,111.5,1.0,0.95,1.065695,-0.001455,0.019532,0.00217,0.259292,0.022252,0.43029,65.795151,3.269495,66.396126,3.08307,4.0,0.00010001,10,530,0.05494,0.08545,0.03,0.0,100,0.3,0.0,,,-0.01,0.01374,0.00018,-0.00085,0.0079,0.76155
1955,2001920,72.86635,112.75,1.0,0.95,0.993085,-0.002325,0.006638,0.002136,0.221811,0.020264,0.758364,66.606552,2.601567,66.842644,2.694193,4.0,9.991e-05,8,571,0.05003,0.07442,0.03,0.0,100,0.125,0.0,,,-0.01,0.01343,0.00026,0.00055,0.00604,0.62726
1956,2002944,72.58757,116.0,1.0,0.95,1.083222,-0.002504,0.013088,0.002646,0.239797,0.030099,0.669888,66.718422,2.786724,66.876686,3.100786,4.0,9.981e-05,9,563,0.06191,0.08311,0.03,0.0,100,0.33333,1.0,,,-0.01,0.01216,0.00017,-0.0001,0.009,0.6822
1957,2003968,51.47471,111.42857,0.71429,0.93,1.011901,-0.002215,0.299655,0.002628,0.792273,0.036761,0.316071,66.865761,4.294384,64.632179,10.416642,4.0,9.971e-05,7,586,0.04145,0.06476,0.03,0.0,100,0.42857,0.0,,,-0.01,0.01164,0.00028,0.00154,0.00209,0.41341
1958,2004992,71.48734,149.83333,1.0,0.94,1.010912,-0.002875,0.010144,0.003687,0.273461,0.046143,0.705807,64.604416,2.376998,64.582588,2.662299,4.0,9.96e-05,6,590,0.04477,0.06152,0.02,0.0,100,0.0,1.0,,,-0.01,0.01172,0.00017,0.00148,0.00735,0.49031
1959,2006016,57.01197,206.0,0.8,0.93,1.118418,-0.003249,0.012955,0.003574,0.31933,0.038156,0.75296,64.43058,3.386573,63.82254,3.589167,4.0,9.95e-05,5,610,0.06581,0.08349,0.03,0.0,100,0.2,0.0,,,-0.01,0.00659,-0.00012,-0.00067,0.00488,0.33258
1960,2007040,70.41427,187.0,1.0,0.94,1.103317,-0.003705,0.009415,0.003651,0.288787,0.036795,0.732866,64.057068,2.287146,63.689331,2.924352,4.0,9.94e-05,6,559,0.06866,0.08977,0.03,0.0,100,0.0,1.0,,,-0.01,0.01031,-2e-05,-0.00036,0.00401,0.45433
1961,2008064,61.02564,189.14286,0.85714,0.94,1.045682,-0.001877,0.028007,0.002829,0.216082,0.032052,0.430324,63.226631,3.670807,63.348503,3.588188,4.0,9.93e-05,7,598,0.07262,0.09682,0.03,0.0,100,0.14286,0.5,,,-0.01,0.01104,-8e-05,-0.00109,0.00588,0.48788
1962,2009088,61.43595,126.28571,0.85714,0.93,1.089286,-0.001464,0.109149,0.000993,0.257043,0.002581,0.404645,64.000534,2.711634,63.568909,6.795725,4.0,9.919e-05,7,564,0.05752,0.07701,0.03,0.0,100,0.14286,1.0,,,-0.01,0.01254,-0.00053,-0.00027,0.00696,0.45546
1963,2010112,61.5052,121.14286,0.85714,0.93,1.013377,-0.001435,0.154073,0.002706,0.406072,0.029402,0.329472,63.580296,3.112939,62.681683,7.672648,4.0,9.909e-05,7,585,0.04794,0.07041,0.03,0.0,100,0.28571,0.66667,,,-0.01,0.0105,0.00084,-0.00282,0.00539,0.49494
1964,2011136,71.52901,151.5,1.0,0.93,1.086433,-0.002101,0.057926,0.002375,0.41576,0.018415,0.679906,61.7365,6.482547,60.630222,6.569403,4.0,9.899e-05,4,614,0.05901,0.07254,0.03,0.0,100,0.0,0.5,,,-0.01,0.00878,0.00035,-0.00505,0.00074,0.33307
1965,2012160,56.38617,227.83333,0.83333,0.92,1.037164,-0.001573,0.077186,0.001474,0.228073,0.011021,0.502083,60.456245,6.111322,60.011787,6.402039,4.0,9.889e-05,6,574,0.05082,0.07403,0.04,0.0,100,0.33333,0.0,,,-0.01,0.01246,-3e-05,-0.00231,0.00368,0.41081
1966,2013184,70.45538,176.2,1.0,0.92,0.971532,-0.002364,0.026389,0.00116,0.225492,0.007708,0.92779,57.942791,8.992012,57.660748,9.454254,4.0,9.878e-05,5,624,0.05737,0.07612,0.04,0.0,100,0.2,1.0,,,-0.01,0.0078,-0.00011,-0.00019,0.00297,0.45621
1967,2014208,57.46166,177.83333,0.83333,0.91,1.01757,-0.002368,0.14948,0.003175,0.367635,0.038609,0.804393,56.030426,11.670876,55.115913,13.62975,4.0,9.868e-05,6,599,0.05203,0.07865,0.04,0.0,100,0.33333,1.0,,,-0.01,0.01247,0.00042,-0.00031,0.00286,0.41443
1968,2015232,52.58568,234.0,0.75,0.91,1.083133,-0.001248,0.026483,0.001681,0.209581,0.005371,0.950154,58.360554,11.307554,57.921783,11.519391,4.0,9.858e-05,4,600,0.057,0.07682,0.04,0.0,100,0.25,1.0,,,-0.01,0.00749,4e-05,-0.00086,0.00372,0.2578
1969,2016256,69.89764,185.14286,1.0,0.91,1.06949,-0.001953,0.042278,0.00076,0.238671,0.001779,0.750361,59.143745,5.927389,59.208015,6.418555,4.0,9.848e-05,7,590,0.05931,0.08384,0.04,0.0,100,0.28571,0.75,,,-0.01,0.01239,2e-05,-0.00119,0.00397,0.56993
1970,2017280,71.0048,158.16667,1.0,0.91,0.884341,-0.001311,0.028278,0.00062,0.178879,0.003244,0.92599,57.01075,9.164224,57.023113,9.89823,4.0,9.837e-05,6,559,0.05042,0.06956,0.04,0.0,100,0.16667,0.0,,,-0.01,0.00931,2e-05,-0.00167,0.00359,0.60617
1971,2018304,52.15572,232.25,0.75,0.9,0.915374,-0.003165,0.025496,0.002989,0.24004,0.037598,0.948743,55.487995,10.7624,55.312256,11.424032,4.0,9.827e-05,4,551,0.07682,0.10322,0.05,0.0,100,0.5,0.5,,,-0.01,0.00963,-0.00027,-0.00308,0.00299,0.29439
1972,2019328,45.60388,219.0,0.66667,0.88,1.12159,-0.00231,0.166934,0.004081,0.504355,0.051339,0.677442,56.596836,9.198973,55.058186,11.153076,4.0,9.817e-05,6,537,0.07154,0.09533,0.06,0.0,100,0.33333,1.0,,,-0.01,0.00912,0.0,-0.00388,-0.00106,0.32635
1973,2020352,70.92048,156.66667,1.0,0.88,1.022953,-0.002136,0.040627,0.002319,0.23659,0.026193,0.811016,56.595741,6.521482,56.242077,7.167672,4.0,9.807e-05,3,614,0.05564,0.07689,0.06,0.0,100,0.66667,0.0,,,-0.01,0.00876,-0.00016,-0.00208,0.00143,0.27241
1974,2021376,52.42306,258.4,0.8,0.87,1.09882,-0.002388,0.039405,0.003307,0.224119,0.036516,0.87597,54.635967,8.616262,54.411808,9.104477,4.0,9.796e-05,5,630,0.09374,0.11681,0.07,0.0,100,0.4,1.0,,,-0.01,0.00711,-0.00013,-0.00924,0.0024,0.35056
1975,2022400,44.30594,278.0,0.66667,0.88,1.260848,-0.004011,0.013012,0.003205,0.29395,0.033447,0.929067,56.836201,6.481391,56.606327,6.743756,4.0,9.786e-05,3,573,0.04936,0.06999,0.08,0.0,100,0.33333,0.75,,,-0.01,0.00904,-9e-05,-0.00323,0.00436,0.14762
1976,2023424,69.1666,197.14286,1.0,0.88,1.167847,-0.003167,0.015709,0.003097,0.296989,0.032889,0.918128,57.919407,6.208443,58.484612,6.969567,4.0,9.776e-05,7,599,0.05386,0.08022,0.08,0.0,100,0.0,0.5,,,-0.01,0.00874,0.00062,-0.00183,0.00438,0.54546
1977,2024448,68.92554,198.5,1.0,0.88,1.135957,-0.00165,0.022205,0.001456,0.349141,0.005615,0.684634,60.326679,4.76635,61.244289,4.311163,4.0,9.766e-05,6,575,0.049,0.07206,0.08,0.0,100,0.16667,0.85714,,,-0.01,0.01028,0.0004,-0.0004,0.00658,0.45958
1978,2025472,71.45733,161.2,1.0,0.89,1.179678,-0.002337,0.024422,0.003404,0.253632,0.03969,0.661798,60.367268,4.509377,60.82729,4.312156,4.0,9.756e-05,5,553,0.04644,0.0689,0.07,0.0,100,0.0,0.5,,,-0.01,0.01208,0.00083,-0.0008,0.0048,0.37442
1979,2026496,52.49593,147.75,0.75,0.89,0.87033,-0.002022,0.121512,0.002435,0.561044,0.026263,0.639977,60.344307,5.809771,58.870033,9.212448,4.0,9.745e-05,4,651,0.04473,0.06319,0.06,0.0,100,0.25,1.0,,,-0.01,0.01045,-4e-05,-0.00158,0.00224,0.29997
1980,2027520,69.53731,190.4,1.0,0.89,0.840392,-0.002672,0.016032,0.002207,0.248125,0.023089,0.927874,57.969574,6.86159,57.87009,7.467399,4.0,9.735e-05,5,633,0.04046,0.05476,0.06,0.0,100,0.0,1.0,,,-0.01,0.00895,-0.00044,-0.00222,0.00522,0.49384
1981,2028544,50.01686,245.28571,0.71429,0.88,0.889002,-0.002205,0.032808,0.00122,0.195341,0.009068,0.895927,58.407814,8.449697,58.259438,8.782208,4.0,9.725e-05,7,634,0.04197,0.06615,0.08,0.0,100,0.0,1.0,,,-0.01,0.00925,0.00032,-0.0017,0.00238,0.47357
1982,2029568,71.43266,155.5,1.0,0.89,0.891531,-0.002295,0.014517,0.002713,0.212248,0.024623,0.905159,60.544487,5.900319,60.421635,6.413644,4.0,9.715e-05,4,644,0.03114,0.0471,0.08,0.0,100,0.25,1.0,,,-0.01,0.00917,0.00015,0.00063,0.0066,0.38265
1983,2030592,56.15345,151.4,0.8,0.88,0.807413,-0.001755,0.166096,0.000733,0.658603,0.003732,0.725612,57.105091,9.816586,55.043304,12.013928,4.0,9.704e-05,5,650,0.04118,0.05724,0.08,0.0,100,0.2,0.0,,,-0.01,0.00968,0.00058,-0.00756,-0.00041,0.40051
1984,2031616,23.34753,343.66667,0.33333,0.86,0.759693,-0.001547,0.012743,0.000728,0.354915,0.001465,0.973214,56.34333,10.347657,55.599007,10.660695,4.0,9.694e-05,3,674,0.04004,0.05772,0.1,0.0,100,0.0,0.0,,,-0.01,0.00827,-5e-05,-0.00389,0.00619,0.11124
1985,2032640,66.88309,231.8,1.0,0.87,0.929786,-0.001601,0.021324,0.001789,0.25133,0.016288,0.949793,56.542553,9.627262,56.04295,10.154482,4.0,9.684e-05,5,672,0.04278,0.05618,0.09,0.0,100,0.0,0.75,,,-0.01,0.00662,0.00012,-0.00363,0.00208,0.47352
1986,2033664,25.49995,285.0,0.4,0.84,0.840622,-0.001193,0.12391,0.000853,0.651459,0.002302,0.827498,55.174961,11.181051,53.317158,13.132662,4.0,9.674e-05,5,654,0.04013,0.05845,0.11,0.0,100,0.2,0.0,,,-0.01,0.00776,0.00069,-0.0014,-0.00148,0.18456
1987,2034688,69.57068,196.0,1.0,0.85,0.91326,-0.002214,0.02514,0.00121,0.293478,0.01137,0.936941,56.96299,9.458088,56.964966,9.893132,4.0,9.663e-05,4,650,0.02722,0.03826,0.11,0.0,100,0.0,0.75,,,-0.01,0.00889,0.0004,-0.00013,0.0071,0.36708
1988,2035712,70.50688,173.5,1.0,0.85,0.874172,-0.00212,0.055715,0.002604,0.393549,0.025984,0.92061,54.038128,12.235412,53.143108,12.94454,4.0,9.653e-05,4,656,0.03544,0.04826,0.11,0.0,100,0.0,0.0,,,-0.01,0.0086,0.00048,-0.00044,-0.00039,0.39032
1989,2036736,33.38406,270.16667,0.5,0.83,0.839603,-0.001466,0.174717,0.001791,0.485503,0.018938,0.738616,53.089993,11.016784,51.4953,12.704319,4.0,9.643e-05,6,664,0.04633,0.06407,0.12,0.0,100,0.33333,1.0,,,-0.01,0.00921,0.00037,0.00061,0.00111,0.29795
1990,2037760,70.2872,174.66667,1.0,0.83,0.883274,-0.001716,0.089948,0.001644,0.329627,0.008719,0.801223,52.862263,10.393852,51.93848,10.528618,4.0,9.633e-05,3,652,0.04154,0.05862,0.12,0.0,100,0.33333,0.0,,,-0.01,0.00884,0.00086,-0.00088,0.00126,0.28361
1991,2038784,54.74826,252.8,0.8,0.82,0.759204,-0.000688,0.058274,0.000559,0.205452,0.00286,0.895584,50.247257,11.048226,50.596149,11.716661,4.0,9.622e-05,5,679,0.03866,0.06037,0.13,0.0,100,0.2,1.0,,,-0.01,0.01109,0.00052,0.00067,0.00266,0.43438
1992,2039808,70.18781,182.0,1.0,0.83,0.784829,-0.00176,0.031819,0.001219,0.223933,0.011091,0.951782,51.870461,12.300473,51.544651,12.895496,4.0,9.612e-05,3,709,0.03174,0.04795,0.12,0.0,100,0.0,1.0,,,-0.01,0.00847,7e-05,-0.00229,0.00219,0.32778
1993,2040832,45.68826,288.0,0.66667,0.82,0.96934,-0.00198,0.02445,0.001909,0.187918,0.016183,0.943692,52.972309,10.000236,52.9659,10.55465,4.0,9.602e-05,6,628,0.05723,0.07513,0.13,0.0,100,0.0,0.75,,,-0.01,0.0086,0.00034,-0.00484,0.00324,0.35407
1994,2041856,52.09825,157.75,0.75,0.82,1.060026,-0.001519,0.14747,0.00221,0.414158,0.018345,0.565847,56.561405,6.2875,55.546638,9.159366,4.0,9.592e-05,4,629,0.04584,0.0643,0.13,0.0,100,0.25,0.8,,,-0.01,0.00895,-0.00011,-0.00223,0.00394,0.24419
1995,2042880,50.06479,202.5,0.75,0.81,1.001704,-0.002211,0.123961,0.002025,0.458772,0.023682,0.747524,54.7132,8.823585,53.41238,11.058972,4.0,9.581e-05,4,628,0.03239,0.04859,0.13,0.0,100,0.25,1.0,,,-0.01,0.00867,-4e-05,0.0013,0.00118,0.25387
1996,2043904,57.79075,263.71429,0.85714,0.82,1.060861,-0.001617,0.074494,0.002118,0.326007,0.012765,0.507454,55.493111,6.290506,55.957771,6.290091,4.0,9.571e-05,7,616,0.03641,0.05226,0.12,0.0,100,0.0,1.0,,,-0.01,0.00792,8e-05,-0.00097,0.00217,0.47894
1997,2044928,67.6872,197.0,1.0,0.82,0.958134,-0.001606,0.036667,0.002082,0.270477,0.021763,0.787256,55.016018,6.595002,54.406151,6.659827,4.0,9.561e-05,1,654,0.03473,0.0492,0.12,0.0,100,0.0,0.0,,,-0.01,0.00991,0.00027,-0.00184,0.00032,0.09296
1998,2045952,67.55901,229.0,1.0,0.82,0.822117,-0.002163,0.021396,0.002683,0.295921,0.030169,0.920457,52.888847,7.730407,52.190998,8.044105,4.0,9.551e-05,2,738,0.03554,0.04509,0.12,0.0,100,0.0,0.5,,,-0.01,0.00739,0.00035,0.00208,0.00322,0.22632
1999,2046976,39.18883,362.8,0.6,0.8,1.016075,-0.000665,0.043194,0.000876,0.185895,0.002511,0.696714,52.02063,6.039999,51.741516,5.986412,4.0,9.54e-05,5,639,0.03693,0.05225,0.14,0.0,100,0.0,0.83333,,,-0.01,0.00755,0.00035,0.00101,0.00237,0.25298
2000,2048000,55.82831,252.8,0.8,0.79,1.045636,-0.003085,0.0415,0.003057,0.263773,0.027727,0.785531,52.937561,6.208547,53.195362,7.009361,4.0,9.53e-05,5,617,0.03548,0.05556,0.15,0.0,100,0.0,1.0,,,-0.01,0.00849,0.00013,-0.00111,0.0034,0.33251
2001,2049024,68.48061,218.5,1.0,0.79,1.024173,-0.002449,0.017416,0.001816,0.253019,0.019113,0.927401,53.340603,7.051561,53.675964,7.972104,4.0,9.52e-05,4,628,0.03843,0.04972,0.15,0.0,100,0.0,1.0,,,-0.01,0.00922,-4e-05,-0.00061,0.00564,0.33626
2002,2050048,51.82319,263.75,0.75,0.79,1.094028,-0.002428,0.016132,0.002344,0.26955,0.02417,0.941076,53.362484,7.797075,53.597256,8.418588,4.0,9.51e-05,4,620,0.04289,0.06045,0.16,0.0,100,0.0,0.83333,,,-0.01,0.00846,1e-05,-0.00012,0.00392,0.24354
2003,2051072,54.28318,189.2,0.8,0.78,1.062207,-0.001271,0.128245,0.002202,0.282766,0.010986,0.592631,55.663086,5.573477,55.013195,8.767634,4.0,9.5e-05,5,623,0.03784,0.047,0.16,0.0,100,0.2,0.8,,,-0.01,0.00999,0.00028,-0.00075,0.00109,0.323
2004,2052096,55.66379,244.8,0.8,0.79,1.098474,-0.002323,0.027924,0.002336,0.244019,0.024275,0.795263,55.101528,5.190916,55.456917,5.701838,4.0,9.489e-05,5,595,0.04278,0.06058,0.15,0.0,100,0.0,0.85714,,,-0.01,0.0088,-0.0002,9e-05,0.00376,0.31525
2005,2053120,69.52629,185.8,1.0,0.79,1.090603,-0.001391,0.058109,0.002634,0.286026,0.017822,0.78064,54.620464,7.765637,55.210827,8.061312,4.0,9.479e-05,5,616,0.04454,0.06334,0.15,0.0,100,0.0,0.85714,,,-0.01,0.00807,-0.00048,-0.00074,0.00406,0.4102
2006,2054144,59.72824,236.71429,0.85714,0.8,1.07018,-0.002114,0.041359,0.001446,0.308496,0.007778,0.877416,54.308922,8.178132,54.982246,9.02601,4.0,9.469e-05,7,609,0.03652,0.05354,0.15,0.0,100,0.0,0.94444,,,-0.01,0.00942,-0.0004,-0.00026,0.00549,0.47673
2007,2055168,71.28656,152.0,1.0,0.81,0.904404,-0.002005,0.016543,0.001723,0.272061,0.013009,0.934352,55.7705,7.446155,56.412022,8.238403,4.0,9.459e-05,4,612,0.02704,0.04109,0.14,0.0,100,0.0,1.0,,,-0.01,0.01165,0.00054,0.00113,0.00365,0.35029
2008,2056192,72.32012,132.5,1.0,0.81,0.797136,-0.001294,0.032473,0.001234,0.24444,0.007708,0.950146,52.53949,12.324082,52.338249,13.180901,4.0,9.448e-05,2,665,0.03054,0.04371,0.14,0.0,100,0.0,1.0,,,-0.01,0.0098,0.00028,-0.00287,0.00567,0.20786
2009,2057216,45.51346,220.66667,0.66667,0.82,0.781273,-0.001616,0.142834,0.001164,0.504869,0.010114,0.847263,50.08054,13.784058,48.538769,15.125392,4.0,9.438e-05,6,662,0.04113,0.05655,0.13,0.0,100,0.16667,1.0,,,-0.01,0.00682,-2e-05,-0.0044,-0.00061,0.39436
2010,2058240,46.44217,249.66667,0.66667,0.8,0.865143,-0.001724,0.057008,0.001701,0.195371,0.015241,0.894819,53.924316,10.775228,54.024635,11.432938,4.0,9.428e-05,6,628,0.04094,0.06122,0.15,0.0,100,0.0,0.45455,,,-0.01,0.01142,0.0005,-0.00251,0.00257,0.37721
2011,2059264,44.58622,174.33333,0.66667,0.8,0.817332,-0.002254,0.175045,0.002518,0.599106,0.029367,0.729076,52.467495,10.935772,50.640224,12.512923,4.0,9.418e-05,3,678,0.02639,0.04173,0.14,0.0,100,0.33333,1.0,,,-0.01,0.00814,-0.00068,-0.00112,-0.00098,0.19328
2012,2060288,53.13466,213.6,0.8,0.81,0.674176,-0.001141,0.164406,0.001009,0.361631,0.007359,0.800391,47.334278,13.028185,46.471149,14.404769,4.0,9.407e-05,5,699,0.02776,0.04881,0.13,0.0,100,0.2,1.0,,,-0.01,0.01089,0.00084,0.00023,0.0025,0.43347
2013,2061312,46.1806,211.77778,0.66667,0.79,0.889741,-0.001328,0.179864,0.001499,0.243954,0.017264,0.779225,51.443111,12.036048,51.073017,14.598653,4.0,9.397e-05,9,619,0.03922,0.05975,0.13,0.0,100,0.22222,0.71429,,,-0.01,0.00974,0.00034,0.0008,0.00269,0.53534
2014,2062336,72.68375,135.0,1.0,0.79,1.032809,-0.002385,0.036166,0.001152,0.377927,0.008336,0.712008,55.521664,5.193268,56.335075,5.66248,4.0,9.387e-05,3,573,0.02737,0.04044,0.13,0.0,100,0.0,0.0,,,-0.01,0.01038,0.0006,0.00233,0.00719,0.23156
2015,2063360,70.75296,168.33333,1.0,0.81,1.024358,-0.001381,0.048262,0.001774,0.261256,0.009661,0.747464,56.200634,6.72286,56.376057,7.138126,4.0,9.377e-05,6,602,0.03566,0.05485,0.11,0.0,100,0.0,1.0,,,-0.01,0.01005,-2e-05,-0.00343,0.00254,0.49773
2016,2064384,58.56051,184.14286,0.85714,0.83,0.974884,-0.001035,0.166447,0.000799,0.21756,0.003767,0.514087,54.41922,6.756487,54.554714,9.161775,4.0,9.366e-05,7,583,0.0384,0.05632,0.1,0.0,100,0.28571,0.5,,,-0.01,0.00958,0.00056,-0.00054,0.00439,0.4912
2017,2065408,71.6663,146.0,1.0,0.83,0.943299,-0.002302,0.044605,0.002004,0.32639,0.018869,0.767819,55.220928,6.220442,55.770908,6.874479,4.0,9.356e-05,5,604,0.03743,0.05722,0.1,0.0,100,0.0,0.0,,,-0.01,0.0103,0.00059,0.00114,0.00135,0.44005
2018,2066432,52.34671,260.75,0.75,0.82,0.791442,-0.002203,0.050592,0.002921,0.20235,0.038016,0.782578,55.408318,7.581362,55.477497,7.766074,4.0,9.346e-05,4,656,0.02354,0.03874,0.11,0.0,100,0.0,0.5,,,-0.01,0.00827,-5e-05,0.00194,0.00243,0.30099
2019,2067456,41.15764,235.0,0.6,0.82,0.914221,-0.00145,0.12969,0.001616,0.270068,0.010638,0.729659,53.199249,8.443661,52.65781,10.877155,4.0,9.336e-05,5,626,0.02491,0.03819,0.1,0.0,100,0.2,1.0,,,-0.01,0.00855,6e-05,0.00125,0.00327,0.26364
2020,2068480,70.22471,179.42857,1.0,0.83,1.101504,-0.001322,0.047976,0.002313,0.621685,0.022914,0.711907,56.304554,6.683459,58.139851,6.365669,4.0,9.325e-05,7,559,0.03206,0.04913,0.09,0.0,100,0.0,1.0,,,-0.01,0.00957,0.00023,0.00205,0.00965,0.5049
2021,2069504,71.87384,159.8,1.0,0.83,1.003923,-0.001803,0.032153,0.00054,0.334824,0.001011,0.852203,59.640659,7.539484,60.157642,7.347105,4.0,9.315e-05,5,605,0.0289,0.04352,0.09,0.0,100,0.0,0.0,,,-0.01,0.01009,1e-05,0.00086,0.00473,0.4074
2022,2070528,56.33858,145.0,0.8,0.84,0.859125,-0.001305,0.198444,0.001566,0.447559,0.013672,0.423445,59.518272,7.174499,58.445801,9.246034,4.0,9.305e-05,5,644,0.02773,0.04602,0.08,0.0,100,0.2,1.0,,,-0.01,0.01023,0.00018,0.00049,0.00194,0.37653
2023,2071552,56.8326,216.4,0.8,0.84,0.759894,-0.001759,0.016948,0.001202,0.185994,0.009208,0.943255,57.55727,8.20742,57.50259,8.737306,4.0,9.295e-05,5,628,0.0242,0.03872,0.08,0.0,100,0.0,0.0,,,-0.01,0.00787,0.00023,0.00142,0.00251,0.43206
2024,2072576,-0.07122,450.0,0.0,0.82,0.712237,-0.001948,0.027107,0.001231,0.252301,0.009347,0.933511,57.557789,9.957558,57.061924,10.065238,4.0,9.284e-05,2,683,0.02126,0.03341,0.1,0.0,100,0.5,0.0,,,-0.01,0.01099,-0.00023,-0.00017,0.00138,0.0
2025,2073600,58.98255,189.0,0.85714,0.81,0.787588,-0.000873,0.139158,0.000447,0.369703,0.001221,0.615789,58.234875,6.403172,57.264927,9.422653,4.0,9.274e-05,7,667,0.02884,0.0486,0.1,0.0,100,0.14286,1.0,,,-0.01,0.01071,5e-05,0.001,0.00102,0.57842
2026,2074624,55.94685,238.4,0.8,0.81,0.959095,-0.00131,0.035096,0.002216,0.233475,0.01859,0.706359,57.658665,5.798044,58.066463,5.464653,4.0,9.264e-05,5,615,0.04246,0.06156,0.1,0.0,100,0.2,1.0,,,-0.01,0.00964,-0.00016,-0.0021,0.00723,0.3305
2027,2075648,59.2241,181.14286,0.85714,0.8,1.054956,-0.001318,0.133114,0.001099,0.294936,0.002407,0.542641,58.908756,4.562613,58.315525,8.507631,4.0,9.254e-05,7,582,0.04335,0.06334,0.1,0.0,100,0.14286,0.83333,,,-0.01,0.00991,8e-05,0.00034,0.00344,0.46471
2028,2076672,58.91571,140.5,0.83333,0.83,1.028361,-0.002442,0.170921,0.003416,0.355511,0.037388,0.60699,56.64666,7.637659,55.960243,10.308416,4.0,9.244e-05,6,593,0.03388,0.0546,0.07,0.0,100,0.16667,0.0,,,-0.01,0.01257,0.00056,0.00231,0.00286,0.40362
2029,2077696,61.46465,137.28571,0.85714,0.83,0.970983,-0.001706,0.102161,0.001516,0.253855,0.011579,0.807207,54.889988,9.016886,54.950256,11.706524,4.0,9.233e-05,7,578,0.03303,0.05453,0.07,0.0,100,0.14286,0.0,,,-0.01,0.01147,0.00021,0.00208,0.00431,0.51601
2030,2078720,72.09172,138.83333,1.0,0.85,0.967741,-0.00207,0.02124,0.002437,0.330287,0.027797,0.959423,54.607738,11.285027,55.229458,12.252611,4.0,9.223e-05,6,604,0.03364,0.05055,0.07,0.0,100,0.0,1.0,,,-0.01,0.01104,0.00027,0.00065,0.00505,0.5235
2031,2079744,61.01066,192.71429,0.85714,0.85,1.072611,-0.001839,0.024928,0.001271,0.326006,0.008719,0.936828,56.498711,9.802918,57.203491,10.33701,4.0,9.213e-05,7,578,0.03489,0.0551,0.07,0.0,100,0.0,1.0,,,-0.01,0.01041,0.0004,-0.00144,0.00481,0.48207
2032,2080768,70.80578,152.6,1.0,0.86,1.069043,-0.002153,0.055797,0.003028,0.218881,0.027065,0.746653,58.613346,7.149744,58.884514,7.329665,4.0,9.203e-05,5,593,0.04041,0.06208,0.07,0.0,100,0.0,0.75,,,-0.01,0.01057,0.00039,-0.00039,0.00522,0.401
2033,2081792,71.2043,158.0,1.0,0.86,0.957513,-0.001413,0.058094,0.002178,0.281689,0.016671,0.815228,57.581417,8.739684,58.276157,9.179953,4.0,9.192e-05,7,600,0.04423,0.0714,0.07,0.0,100,0.0,0.0,,,-0.01,0.01242,0.00059,0.00021,0.00616,0.6104
2034,2082816,59.55743,138.66667,0.83333,0.86,0.945138,-0.001485,0.152962,0.001438,0.327769,0.006871,0.781284,57.196999,10.97698,56.531513,13.172203,4.0,9.182e-05,6,603,0.04274,0.06749,0.07,0.0,100,0.16667,0.33333,,,-0.01,0.01146,0.0006,-0.00016,0.00352,0.43758
2035,2083840,59.64626,194.16667,0.83333,0.85,0.929134,-0.001799,0.053402,0.001616,0.243595,0.012939,0.899177,57.678764,10.737434,58.082184,11.443463,4.0,9.172e-05,6,591,0.03496,0.056,0.08,0.0,100,0.0,0.0,,,-0.01,0.01329,0.00044,0.00181,0.00763,0.42994
2036,2084864,61.80673,128.14286,0.85714,0.87,0.95175,-0.001585,0.197376,0.000424,0.527674,0.001151,0.777415,55.756435,13.102579,54.395252,14.846147,4.0,9.162e-05,7,602,0.04054,0.06989,0.06,0.0,100,0.14286,1.0,,,-0.01,0.01264,0.00046,-0.00044,0.00259,0.5182
2037,2085888,59.12982,208.33333,0.83333,0.86,0.89701,-0.002466,0.083897,0.001185,0.356171,0.008789,0.902109,53.352989,14.425576,54.116787,14.548996,4.0,9.151e-05,6,543,0.03786,0.05995,0.07,0.0,100,0.16667,1.0,,,-0.01,0.01236,0.00029,0.00068,0.0061,0.47124
2038,2086912,61.3098,140.14286,0.85714,0.85,0.990098,-0.001451,0.157091,0.001268,0.511675,0.01123,0.781003,56.976288,11.111705,55.705666,13.254689,4.0,9.141e-05,7,562,0.04215,0.06524,0.07,0.0,100,0.14286,0.92308,,,-0.01,0.01252,0.00018,3e-05,0.00237,0.51634
2039,2087936,50.60118,192.0,0.71429,0.84,0.919403,-0.001532,0.188267,0.000648,0.456389,0.002511,0.767666,54.062874,12.407685,52.979397,14.083577,4.0,9.131e-05,7,583,0.03923,0.06285,0.08,0.0,100,0.14286,0.66667,,,-0.01,0.0106,0.00061,-0.00071,1e-05,0.45504
2040,2088960,52.71645,144.0,0.75,0.86,0.977167,-0.001653,0.132003,0.002809,0.34181,0.030029,0.785901,56.034599,9.996814,55.447956,12.420054,4.0,9.121e-05,4,604,0.0389,0.05818,0.05,0.0,100,0.25,1.0,,,-0.01,0.01063,0.00035,0.00083,0.00421,0.26338
2041,2089984,71.26713,156.5,1.0,0.87,1.020804,-0.001677,0.04794,0.001256,0.29449,0.010882,0.919482,53.743702,12.014067,54.156025,12.860278,4.0,9.11e-05,6,596,0.04244,0.06348,0.05,0.0,100,0.0,1.0,,,-0.01,0.01093,0.00155,0.00032,0.00595,0.50849
2042,2091008,52.88422,183.25,0.75,0.86,1.073537,-0.0017,0.155224,0.000965,0.347156,0.00429,0.770519,55.08881,10.726662,54.371967,12.937473,4.0,9.1e-05,8,589,0.04401,0.06904,0.05,0.0,100,0.25,1.0,,,-0.01,0.01061,-2e-05,0.00173,0.00145,0.49426
2043,2092032,71.11355,164.0,1.0,0.87,1.128056,-0.001789,0.04143,0.002302,0.437231,0.015939,0.705997,59.306389,6.623329,60.234959,6.282115,4.0,9.09e-05,6,587,0.04724,0.07014,0.05,0.0,100,0.0,1.0,,,-0.01,0.01032,-3e-05,0.00106,0.00573,0.46719
2044,2093056,41.39134,142.8,0.6,0.86,1.106087,-0.002608,0.26643,0.001925,0.730988,0.020682,0.522363,57.638794,7.254476,56.15292,11.770255,4.0,9.08e-05,5,581,0.04579,0.06703,0.05,0.0,100,0.4,1.0,,,-0.01,0.01121,-0.00061,0.00263,0.00182,0.22934
2045,2094080,70.50754,183.57143,1.0,0.87,1.154657,-0.002232,0.037333,0.003932,0.459306,0.041016,0.782261,59.999043,6.6691,60.537994,6.352276,4.0,9.069e-05,7,595,0.05256,0.07349,0.05,0.0,100,0.0,0.91667,,,-0.01,0.00996,-5e-05,-0.00026,0.00622,0.52632
2046,2095104,70.11623,171.75,1.0,0.87,1.107931,-0.001917,0.074403,0.003241,0.255859,0.034842,0.680297,57.474373,7.961051,57.715393,7.905666,4.0,9.059e-05,4,600,0.07202,0.10184,0.05,0.0,100,0.0,0.83333,,,-0.01,0.01083,-0.00065,-0.00382,0.0033,0.31789
2047,2096128,70.5475,172.83333,1.0,0.88,1.031187,-0.002317,0.043223,0.001775,0.212975,0.012312,0.850432,56.350105,8.119809,56.289238,8.599227,4.0,9.049e-05,6,568,0.07878,0.10907,0.04,0.0,100,0.0,1.0,,,-0.01,0.00938,-0.00153,-0.00165,0.00446,0.49767
2048,2097152,57.96688,210.83333,0.83333,0.87,0.964766,-0.001438,0.024832,0.000961,0.230239,0.003383,0.934271,55.410824,9.099207,55.831917,9.913453,4.0,9.039e-05,6,632,0.07,0.09777,0.05,0.0,100,0.16667,0.85185,,,-0.01,0.00935,-0.00019,-0.00049,0.00361,0.46582
2049,2098176,70.32166,189.0,1.0,0.87,0.978136,-0.002294,0.01622,0.001583,0.241049,0.011579,0.953382,57.948017,9.068508,57.549221,9.342575,4.0,9.028e-05,3,662,0.05809,0.0789,0.05,0.0,100,0.0,0.8,,,-0.01,0.00893,8e-05,-0.00147,0.00299,0.27457
2050,2099200,49.26489,304.0,0.75,0.86,1.023853,-0.001478,0.0332,0.001363,0.208556,0.009661,0.892499,56.523495,8.339514,56.521099,8.758003,4.0,9.018e-05,4,627,0.04261,0.06021,0.06,0.0,100,0.0,0.66667,,,-0.01,0.00958,-9e-05,3e-05,0.00371,0.2473
2051,2100224,60.30049,165.28571,0.85714,0.86,1.097095,-0.002617,0.138663,0.003893,0.338124,0.055246,0.749009,55.916782,9.386377,55.412407,11.894547,4.0,9.008e-05,7,568,0.06163,0.08774,0.06,0.0,100,0.14286,1.0,,,-0.01,0.01175,0.00123,-0.00023,0.00469,0.48124
2052,2101248,58.08504,182.5,0.83333,0.86,0.888544,-0.002375,0.175437,0.003783,0.492216,0.048584,0.83195,53.610901,14.959958,52.246033,16.32361,4.0,8.998e-05,6,632,0.05502,0.07662,0.05,0.0,100,0.16667,0.75,,,-0.01,0.00915,7e-05,0.00235,0.00081,0.49985
2053,2102272,35.90776,297.0,0.5,0.85,0.983523,-0.001813,0.018471,0.00079,0.231066,0.003069,0.977913,54.110142,13.971664,54.300808,14.470442,4.0,8.988e-05,2,625,0.04202,0.05674,0.06,0.0,100,0.5,1.0,,,-0.01,0.01102,-0.00014,0.00122,0.00837,0.08874
2054,2103296,59.92168,228.0,0.85714,0.85,1.060594,-0.002488,0.042519,0.002178,0.242889,0.029576,0.942322,54.945435,13.025484,54.716351,13.490968,4.0,8.977e-05,7,604,0.05203,0.07744,0.07,0.0,100,0.14286,0.66667,,,-0.01,0.00896,0.00021,0.00055,0.00252,0.50119
2055,2104320,58.53409,165.0,0.83333,0.85,1.048128,-0.001344,0.157412,0.001027,0.291119,0.005476,0.634697,57.19849,8.628534,56.639244,10.376557,4.0,8.967e-05,6,609,0.0456,0.06764,0.06,0.0,100,0.16667,1.0,,,-0.01,0.01046,-0.00023,0.00301,0.00338,0.41097
2056,2105344,71.53908,158.5,1.0,0.86,1.121002,-0.00173,0.045535,0.001832,0.213555,0.015939,0.871236,55.794044,8.787151,55.554646,9.380576,4.0,8.957e-05,4,616,0.06765,0.08901,0.06,0.0,100,0.0,1.0,,,-0.01,0.00925,-9e-05,0.00212,0.00402,0.33287
2057,2106368,70.45959,180.0,1.0,0.86,0.8713,-0.001839,0.061038,0.002071,0.332107,0.01409,0.925334,50.716152,13.992817,49.897621,14.29821,4.0,8.947e-05,3,691,0.06395,0.08419,0.06,0.0,100,0.0,0.66667,,,-0.01,0.00807,9e-05,0.00168,0.00116,0.31703
2058,2107392,39.90267,268.0,0.6,0.86,0.829821,-0.002426,0.163277,0.003034,0.597449,0.038539,0.835861,46.979412,14.655941,45.137444,15.628326,4.0,8.936e-05,5,655,0.05731,0.08241,0.06,0.0,100,0.2,1.0,,,-0.01,0.00773,-9e-05,0.00179,-0.00098,0.30947
2059,2108416,34.8766,311.75,0.5,0.85,0.815631,-0.00164,0.057755,0.000671,0.311138,0.000419,0.937456,45.887486,14.397882,45.930302,15.151604,4.0,8.926e-05,4,670,0.05401,0.07654,0.08,0.0,100,0.0,0.0,,,-0.01,0.00892,-0.0,-0.0033,0.00256,0.21313
2060,2109440,52.00092,248.5,0.75,0.84,1.082109,-0.002038,0.076389,0.002727,0.29018,0.03561,0.906168,50.708538,13.626428,50.151134,14.205421,4.0,8.916e-05,4,578,0.06411,0.08692,0.09,0.0,100,0.0,0.8,,,-0.01,0.00973,-0.0003,0.00284,0.00329,0.25168
2061,2110464,57.12074,188.0,0.83333,0.83,1.081844,-0.000826,0.086715,0.002391,0.254597,0.016881,0.759173,51.812649,8.292565,51.973583,9.541154,4.0,8.906e-05,6,600,0.05801,0.08466,0.09,0.0,100,0.16667,1.0,,,-0.01,0.00913,0.0008,0.0022,0.00268,0.4015
2062,2111488,70.30892,188.6,1.0,0.85,1.033371,-0.002127,0.032528,0.002751,0.189706,0.030657,0.927438,53.919655,9.841827,54.087902,10.662486,4.0,8.895e-05,5,655,0.0609,0.08058,0.08,0.0,100,0.0,1.0,,,-0.01,0.00799,-0.00013,0.00328,0.00396,0.44912
2063,2112512,21.96057,277.0,0.33333,0.83,0.897715,-0.002565,0.121179,0.00182,0.489003,0.007638,0.850322,50.104565,12.406014,48.668842,13.97568,4.0,8.885e-05,3,676,0.03723,0.05483,0.09,0.0,100,0.33333,0.0,,,-0.01,0.00802,6e-05,0.00163,-0.00033,0.09294
2064,2113536,45.24188,242.83333,0.66667,0.82,1.031624,-0.002142,0.146248,0.002587,0.290146,0.030587,0.747213,51.559177,10.330564,50.974087,11.99826,4.0,8.875e-05,6,610,0.0418,0.06176,0.1,0.0,100,0.16667,0.5,,,-0.01,0.00847,0.00027,-5e-05,0.00254,0.32541
2065,2114560,59.54708,172.85714,0.85714,0.82,1.116785,-0.001199,0.136253,0.000622,0.225391,0.000907,0.673323,52.660271,7.588113,52.507782,10.198129,4.0,8.865e-05,7,579,0.06276,0.08657,0.1,0.0,100,0.14286,1.0,,,-0.01,0.00818,-0.00019,-0.00046,0.00266,0.48283
2066,2115584,68.58517,202.33333,1.0,0.82,1.002857,-0.002254,0.104462,0.001961,0.233591,0.015206,0.723308,49.870579,9.121829,49.899712,9.718952,4.0,8.854e-05,3,590,0.04339,0.06562,0.1,0.0,100,0.0,1.0,,,-0.01,0.00832,0.00017,0.0019,0.00243,0.25432
2067,2116608,58.08719,174.5,0.83333,0.81,0.948546,-0.001331,0.127232,0.000904,0.335449,0.000698,0.849485,47.980713,12.42213,47.457317,14.565527,4.0,8.844e-05,6,639,0.05315,0.0775,0.1,0.0,100,0.16667,0.0,,,-0.01,0.00926,-7e-05,0.00246,0.00272,0.46685
2068,2117632,71.70282,158.75,1.0,0.81,0.923794,-0.002312,0.02664,0.001796,0.384092,0.017578,0.973507,47.121487,15.853621,47.941895,17.037214,4.0,8.834e-05,4,666,0.03837,0.05581,0.1,0.0,100,0.0,1.0,,,-0.01,0.01054,1e-05,1e-05,0.00655,0.38043
2069,2118656,46.60944,270.83333,0.66667,0.8,1.185198,-0.002132,0.017107,0.001044,0.320707,0.005511,0.939379,55.535305,8.865616,56.04298,9.020117,4.0,8.824e-05,6,590,0.04793,0.06854,0.11,0.0,100,0.0,1.0,,,-0.01,0.00857,0.00024,-2e-05,0.00635,0.30321
2070,2119680,70.44377,171.71429,1.0,0.81,1.156208,-0.002006,0.038784,0.002344,0.547666,0.015241,0.803043,55.764397,6.991321,57.200207,7.108041,4.0,8.813e-05,7,573,0.05504,0.07876,0.1,0.0,100,0.0,0.75,,,-0.01,0.00945,0.00042,0.00083,0.00513,0.52932
2071,2120704,71.56425,150.14286,1.0,0.82,1.123857,-0.002673,0.026477,0.00276,0.647719,0.03118,0.865261,58.942783,7.359893,60.249519,7.036953,4.0,8.803e-05,7,582,0.05369,0.07592,0.1,0.0,100,0.0,1.0,,,-0.01,0.01055,0.00013,0.00101,0.00765,0.53998
2072,2121728,71.17231,168.66667,1.0,0.84,1.068184,-0.002085,0.018323,0.000921,0.502683,0.003697,0.856768,60.402859,6.438034,61.487926,5.850757,4.0,8.793e-05,6,567,0.05786,0.08248,0.09,0.0,100,0.0,1.0,,,-0.01,0.01171,-0.00032,0.00085,0.00531,0.46846
2073,2122752,52.24736,136.75,0.75,0.83,0.957159,-0.002243,0.175711,0.001345,0.378434,0.010289,0.522166,60.72583,7.488829,59.957939,9.657483,4.0,8.783e-05,4,598,0.04916,0.06824,0.09,0.0,100,0.25,1.0,,,-0.01,0.01125,-0.0001,-0.00024,0.0018,0.25218
2074,2123776,69.17741,207.0,1.0,0.85,0.933831,-0.001517,0.02099,0.001909,0.231362,0.01566,0.794455,60.362957,5.665249,60.619289,5.180507,4.0,8.772e-05,6,642,0.04051,0.06189,0.08,0.0,100,0.0,0.72727,,,-0.01,0.00901,-6e-05,0.0017,0.00495,0.53957
2075,2124800,71.85819,146.14286,1.0,0.85,0.996757,-0.002024,0.016006,0.002643,0.354955,0.02417,0.782261,60.187675,3.475931,61.073055,4.084589,4.0,8.762e-05,7,577,0.04595,0.06728,0.08,0.0,100,0.0,0.5,,,-0.01,0.01117,0.00029,-0.00037,0.00661,0.5671
2076,2125824,62.32459,189.25,0.875,0.86,0.976866,-0.00121,0.024563,0.000833,0.315851,0.005964,0.667556,61.558208,4.34639,62.147125,4.325007,4.0,8.752e-05,8,611,0.04413,0.06413,0.08,0.0,100,0.0,0.8,,,-0.01,0.01093,6e-05,-0.00164,0.0048,0.59409
2077,2126848,70.91706,148.66667,1.0,0.88,1.002725,-0.003099,0.007693,0.00244,0.366226,0.022426,0.865629,62.662304,3.742253,63.248737,3.666606,4.0,8.742e-05,6,603,0.05177,0.07381,0.06,0.0,100,0.0,1.0,,,-0.01,0.01194,-0.00022,-0.0006,0.00675,0.4941
2078,2127872,61.61783,129.71429,0.85714,0.89,1.00045,-0.000842,0.155428,0.002387,0.341938,0.020926,0.379171,63.012249,3.762638,62.229595,7.975895,4.0,8.732e-05,7,592,0.04019,0.06334,0.05,0.0,100,0.14286,1.0,,,-0.01,0.01297,0.00027,0.00121,0.00385,0.49024
2079,2128896,52.20693,149.625,0.75,0.87,0.995606,-0.00242,0.26601,0.001189,0.853411,0.013881,0.473551,61.487968,5.775915,59.480072,11.391911,4.0,8.721e-05,8,584,0.0414,0.06628,0.05,0.0,100,0.25,0.33333,,,-0.01,0.01154,0.00058,-0.00021,0.00192,0.48572
2080,2129920,72.83883,125.22222,1.0,0.91,1.050994,-0.001989,0.04579,0.002104,0.390075,0.009452,0.631479,59.513798,3.777774,60.650017,5.469396,4.0,8.711e-05,9,562,0.03666,0.05529,0.03,0.0,100,0.0,1.0,,,-0.01,0.01334,4e-05,0.00125,0.00829,0.68539
2081,2130944,72.17588,129.16667,1.0,0.92,0.962893,-0.001656,0.045002,0.002599,0.419686,0.029925,0.642703,59.101902,6.179987,60.142673,5.881228,4.0,8.701e-05,6,599,0.03507,0.05395,0.03,0.0,100,0.16667,0.0,,,-0.01,0.01195,0.00011,-0.00213,0.00589,0.50345
2082,2131968,71.00253,144.125,1.0,0.93,0.995239,-0.001239,0.059511,0.001732,0.457903,0.01008,0.426919,60.047966,6.11681,61.063694,5.409295,4.0,8.691e-05,8,593,0.03823,0.0609,0.03,0.0,100,0.125,1.0,,,-0.01,0.0112,0.00027,-0.00019,0.00571,0.66882
2083,2132992,61.85079,128.57143,0.85714,0.94,1.09597,-0.001324,0.139409,0.002357,0.313809,0.013986,0.570134,60.598248,5.500397,60.488804,9.102786,4.0,8.68e-05,7,570,0.04757,0.07189,0.01,0.0,100,0.14286,0.0,,,-0.01,0.01365,0.00062,0.00084,0.00599,0.45973
2084,2134016,72.58655,125.8,1.0,0.94,0.968973,-0.001261,0.053704,0.001302,0.218491,0.006313,0.720897,60.328491,6.798492,60.496861,6.787417,4.0,8.67e-05,5,617,0.05652,0.08171,0.01,0.0,100,0.0,0.0,,,-0.01,0.013,0.00038,-0.00064,0.00753,0.44857
2085,2135040,72.22364,139.66667,1.0,0.94,0.907119,-0.001304,0.022843,0.001184,0.203308,0.009905,0.924729,59.066868,7.949141,59.238804,8.775007,4.0,8.66e-05,6,635,0.04723,0.07266,0.01,0.0,100,0.0,1.0,,,-0.01,0.01262,0.0001,0.00161,0.0051,0.56812
2086,2136064,60.13393,221.71429,0.85714,0.93,0.870853,-0.002078,0.050719,0.002298,0.208957,0.021868,0.918905,56.358593,11.810279,56.212727,12.470197,4.0,8.65e-05,7,653,0.05066,0.07668,0.02,0.0,100,0.28571,0.33333,,,-0.01,0.01227,0.0006,0.00194,0.00387,0.57356
2087,2137088,57.33128,133.6,0.8,0.92,0.891077,-0.000676,0.118368,0.001718,0.412305,0.01559,0.799868,58.179401,10.138701,57.290764,12.592479,4.0,8.639e-05,5,620,0.04616,0.07459,0.02,0.0,100,0.2,1.0,,,-0.01,0.01216,9e-05,0.00202,0.00468,0.36409
2088,2138112,72.30646,135.5,1.0,0.93,0.860121,-0.001607,0.020945,0.001569,0.226623,0.00994,0.975121,56.910992,13.685843,57.10865,14.43366,4.0,8.629e-05,6,644,0.04504,0.06891,0.02,0.0,100,0.0,0.66667,,,-0.01,0.01156,0.00054,0.00207,0.00459,0.57307
2089,2139136,62.3431,170.57143,0.85714,0.92,1.033741,-0.002618,0.035199,0.002708,0.235281,0.024833,0.874852,61.256985,7.89831,61.347897,8.369164,4.0,8.619e-05,7,576,0.04712,0.07248,0.03,0.0,100,0.0,0.0,,,-0.01,0.01216,6e-05,-0.00098,0.00682,0.48973
2090,2140160,69.92556,178.28571,1.0,0.93,0.978803,-0.001603,0.05097,0.002176,0.265221,0.016078,0.650205,61.987751,7.178427,62.285061,6.354844,4.0,8.609e-05,7,607,0.05483,0.0849,0.02,0.0,100,0.0,0.83333,,,-0.01,0.01165,0.00033,0.00034,0.0048,0.58138
2091,2141184,62.34527,153.375,0.875,0.92,1.076224,-0.001125,0.094786,0.00259,0.26803,0.0271,0.726188,61.726902,6.43217,61.408562,9.4851,4.0,8.598e-05,8,580,0.05371,0.07412,0.02,0.0,100,0.125,0.5,,,-0.01,0.01099,0.0001,-0.00071,0.00748,0.53746
2092,2142208,72.06859,141.42857,1.0,0.92,0.966974,-0.001631,0.062147,0.00304,0.254859,0.035645,0.698487,61.218571,7.269145,61.439777,7.120086,4.0,8.588e-05,7,608,0.0446,0.06536,0.02,0.0,100,0.14286,1.0,,,-0.01,0.01124,7e-05,0.00094,0.00357,0.58955
2093,2143232,70.88189,149.5,1.0,0.95,1.020898,-0.001809,0.054001,0.003454,0.267101,0.040318,0.435347,62.271999,4.792024,62.714825,5.162083,4.0,8.578e-05,8,593,0.04394,0.06837,0.02,0.0,100,0.0,1.0,,,-0.01,0.01293,0.00061,-6e-05,0.00366,0.64655
2094,2144256,72.26937,137.33333,1.0,0.95,1.021464,-0.001763,0.022793,0.002092,0.231754,0.018903,0.732904,62.271946,4.843406,62.569572,4.715997,4.0,8.568e-05,6,600,0.0537,0.07525,0.02,0.0,100,0.0,0.75,,,-0.01,0.01139,8e-05,0.00238,0.00785,0.50076
2095,2145280,70.51989,173.6,1.0,0.95,0.911683,-0.001463,0.013918,0.001402,0.212239,0.01144,0.870183,62.248539,5.093347,62.412682,5.27217,4.0,8.557e-05,5,618,0.03894,0.06272,0.02,0.0,100,0.0,0.875,,,-0.01,0.0115,-3e-05,0.00385,0.00246,0.45618
2096,2146304,61.79197,183.14286,0.85714,0.94,0.916408,-0.002438,0.015918,0.002071,0.234109,0.017404,0.910839,62.091793,6.358053,62.229855,6.840192,4.0,8.547e-05,7,615,0.04645,0.06922,0.03,0.0,100,0.14286,1.0,,,-0.01,0.01231,-0.00014,-0.00054,0.00595,0.54147
2097,2147328,72.10658,136.33333,1.0,0.94,0.979707,-0.001845,0.016923,0.003172,0.185707,0.033273,0.835744,63.08305,4.824297,63.203407,5.030863,4.0,8.537e-05,6,593,0.03872,0.06004,0.03,0.0,100,0.0,1.0,,,-0.01,0.01204,-2e-05,0.00166,0.00526,0.50758
2098,2148352,71.03369,162.71429,1.0,0.95,0.940235,-0.000715,0.026886,0.000614,0.237204,0.001883,0.772802,62.012695,5.312114,62.439049,5.428271,4.0,8.527e-05,7,605,0.04986,0.07328,0.03,0.0,100,0.0,1.0,,,-0.01,0.01392,0.0002,8e-05,0.00443,0.60838
2099,2149376,72.74591,118.875,1.0,0.95,0.945529,-0.002539,0.009637,0.002928,0.262198,0.032471,0.947414,62.017143,6.428413,62.492302,7.247063,4.0,8.516e-05,8,605,0.0476,0.07183,0.03,0.0,100,0.0,0.0,,,-0.01,0.01284,0.0001,0.00249,0.00884,0.68256
2100,2150400,61.4871,156.14286,0.85714,0.94,1.02478,-0.000453,0.080302,0.001208,0.235409,0.009242,0.70364,63.170643,5.857586,63.034554,9.184283,4.0,8.506e-05,7,578,0.04695,0.07114,0.03,0.0,100,0.71429,1.0,,,-0.01,0.0128,0.00017,0.00175,0.00556,0.47953
2101,2151424,73.07033,120.44444,1.0,0.96,1.068366,-0.001663,0.019678,0.001368,0.24181,0.010359,0.661145,64.962273,3.882946,65.375854,3.842939,4.0,8.496e-05,9,563,0.05053,0.0758,0.02,0.0,100,0.22222,1.0,,,-0.01,0.01366,0.00023,0.00342,0.00671,0.69285
2102,2152448,63.88763,113.5,0.875,0.95,0.939983,-0.001572,0.19122,0.001726,0.692824,0.014544,0.592031,63.1157,7.360748,61.296257,10.658337,4.0,8.486e-05,8,599,0.0483,0.07626,0.02,0.0,100,0.125,0.0,,,-0.01,0.01255,0.00075,0.00228,0.0035,0.61793
2103,2153472,71.94025,124.375,1.0,0.96,0.921366,-0.001309,0.045767,0.002882,0.353608,0.030448,0.897824,59.170593,10.106206,59.94157,10.414415,4.0,8.476e-05,8,593,0.04774,0.07071,0.01,0.0,100,0.5,0.66667,,,-0.01,0.01195,0.00027,-0.00158,0.00765,0.71612
2104,2154496,53.88203,155.25,0.75,0.95,1.033413,-0.001939,0.15036,0.002702,0.420877,0.027762,0.787282,59.415291,11.079658,58.427494,13.405375,4.0,8.465e-05,8,579,0.04439,0.07035,0.02,0.0,100,0.25,1.0,,,-0.01,0.01567,0.00043,0.00061,0.00391,0.50028
2105,2155520,73.20781,120.0,1.0,0.95,1.044064,-0.002478,0.071024,0.001837,0.264554,0.019531,0.678823,62.218391,6.41495,62.329388,7.399292,4.0,8.455e-05,7,578,0.03412,0.05102,0.02,0.0,100,0.42857,1.0,,,-0.01,0.01506,0.00041,0.00281,0.00639,0.55261
2106,2156544,64.42869,134.5,0.9,0.94,1.014311,-0.002085,0.225809,0.003886,0.418313,0.051444,0.412303,60.479206,8.148787,59.637135,10.050439,4.0,8.445e-05,10,598,0.04062,0.06197,0.02,0.0,100,0.5,0.0,,,-0.01,0.01248,0.00038,0.00074,0.00035,0.77802
2107,2157568,71.91116,126.0,1.0,0.94,1.056002,-0.002155,0.033174,0.002087,0.285425,0.01123,0.671303,59.608967,5.080138,59.973919,5.197286,4.0,8.435e-05,3,602,0.03584,0.05426,0.02,0.0,100,0.0,0.0,,,-0.01,0.01301,0.00063,0.00078,0.00375,0.24808
2108,2158592,71.43565,149.16667,1.0,0.94,0.991285,-0.001953,0.061676,0.001397,0.25488,0.004743,0.863251,57.653442,9.826674,57.30323,10.545291,4.0,8.424e-05,6,616,0.03545,0.05437,0.02,0.0,100,0.66667,1.0,,,-0.01,0.01446,0.00054,0.00198,0.00138,0.54334
2109,2159616,61.0975,190.25,0.875,0.93,1.076015,-0.001469,0.067743,0.00339,0.225572,0.037423,0.658251,58.914036,6.640217,59.323048,7.083838,4.0,8.414e-05,8,586,0.04625,0.0682,0.02,0.0,100,0.5,0.0,,,-0.01,0.0124,-0.00013,0.00148,0.0031,0.56888
2110,2160640,71.57773,154.0,1.0,0.94,1.096089,-0.00228,0.032513,0.002475,0.249609,0.017927,0.781197,59.590664,5.769804,59.783588,6.142701,4.0,8.404e-05,6,601,0.04108,0.06028,0.01,0.0,100,0.16667,0.0,,,-0.01,0.0119,0.0003,-0.00084,0.00226,0.49277
2111,2161664,39.36411,157.71429,0.57143,0.91,0.977433,-0.001619,0.447177,0.001636,1.258134,0.017194,0.26335,58.275612,6.477757,54.902702,12.179539,4.0,8.394e-05,7,607,0.04143,0.06797,0.01,0.0,100,0.57143,0.0,,,-0.01,0.01329,4e-05,0.00295,-0.00522,0.34628
2112,2162688,60.00215,122.66667,0.83333,0.9,0.725369,-0.001209,0.091731,0.001426,0.32813,0.011126,0.813218,51.34742,8.884062,51.485863,11.270873,4.0,8.383e-05,6,688,0.03741,0.05727,0.01,0.0,100,0.5,0.0,,,-0.01,0.01199,0.00019,0.00131,0.00291,0.57234
2113,2163712,71.85672,130.5,1.0,0.9,0.70063,-0.000963,0.051061,0.000823,0.240902,0.004743,0.940289,48.257488,13.521841,48.151573,14.596526,4.0,8.373e-05,4,709,0.03992,0.05672,0.01,0.0,100,0.5,0.0,,,-0.01,0.0119,0.00017,-0.00031,0.0033,0.48427
2114,2164736,22.45541,281.16667,0.33333,0.87,0.870228,-0.001428,0.153278,0.001239,0.529502,0.012486,0.851313,51.684757,13.493361,50.111122,16.120863,4.0,8.363e-05,6,648,0.0373,0.05676,0.03,0.0,100,1.0,0.0,,,-0.01,0.01413,0.00027,0.00349,-0.00208,0.19336
2115,2165760,71.12686,172.0,1.0,0.87,1.140794,-0.001667,0.058155,0.002373,0.365802,0.01995,0.595567,58.194843,6.925277,58.81496,6.234416,4.0,8.353e-05,6,595,0.05145,0.07089,0.03,0.0,100,0.0,1.0,,,-0.01,0.01131,-0.00027,0.00155,0.00292,0.47795
2116,2166784,70.28999,180.66667,1.0,0.87,0.971416,-0.002036,0.045179,0.002659,0.278924,0.027239,0.789343,56.740601,6.923181,57.281494,7.380667,4.0,8.342e-05,6,622,0.04723,0.06753,0.03,0.0,100,0.66667,1.0,,,-0.01,0.01217,-0.0004,-0.00037,0.00364,0.53761
2117,2167808,70.72299,156.0,1.0,0.87,0.918506,-0.001782,0.059293,0.001141,0.238553,0.004046,0.833259,56.463047,8.978288,56.776093,9.439762,4.0,8.332e-05,5,640,0.03395,0.05034,0.03,0.0,100,0.6,1.0,,,-0.01,0.01372,4e-05,0.0019,0.00273,0.47941
2118,2168832,39.49818,198.14286,0.57143,0.85,0.907855,-0.001704,0.213243,0.00172,0.895223,0.014858,0.745621,54.148052,11.056585,51.59058,14.311442,4.0,8.322e-05,7,640,0.03886,0.0572,0.04,0.0,100,0.42857,1.0,,,-0.01,0.01218,0.00028,-0.00176,-0.0015,0.37858
2119,2169856,71.49391,138.4,1.0,0.85,0.918073,-0.002383,0.076464,0.002589,0.368208,0.031076,0.874788,52.403633,11.35163,53.19688,12.132685,4.0,8.312e-05,5,632,0.03688,0.05738,0.04,0.0,100,0.0,0.5,,,-0.01,0.01458,0.00017,0.00133,0.00421,0.46614
2120,2170880,53.48568,245.5,0.75,0.85,0.978852,-0.001994,0.045044,0.002616,0.226723,0.020961,0.914868,54.857548,10.796296,54.739342,11.439229,4.0,8.301e-05,4,626,0.04036,0.05577,0.05,0.0,100,0.5,0.0,,,-0.01,0.01359,0.00012,0.00213,0.0026,0.26771
2121,2171904,57.97925,176.33333,0.83333,0.85,0.923894,-0.001146,0.182938,0.000982,0.331035,0.005964,0.756259,53.268253,11.968968,52.409199,13.568962,4.0,8.291e-05,6,638,0.04432,0.06445,0.04,0.0,100,0.5,1.0,,,-0.01,0.01373,-0.00028,0.00207,-4e-05,0.46445
2122,2172928,50.59187,186.57143,0.71429,0.83,0.936408,-0.001902,0.155492,0.001412,0.251386,0.006557,0.729753,53.417442,9.474457,53.521877,11.958774,4.0,8.281e-05,7,610,0.04829,0.06959,0.05,0.0,100,0.57143,0.0,,,-0.01,0.01497,-9e-05,0.00107,0.00369,0.44927
2123,2173952,60.4509,134.83333,0.83333,0.83,0.986525,-0.001509,0.102457,0.000956,0.252653,0.006871,0.87192,53.307396,12.280661,53.101604,14.589479,4.0,8.271e-05,6,617,0.03827,0.05634,0.05,0.0,100,0.16667,1.0,,,-0.01,0.01616,0.0002,-0.00281,0.00307,0.4362
2124,2174976,49.25229,205.42857,0.71429,0.81,1.032216,-0.001298,0.186766,0.001554,0.262082,0.004046,0.717324,54.594048,11.552962,54.158081,13.046726,4.0,8.26e-05,7,605,0.05486,0.07736,0.06,0.0,100,0.71429,0.6,,,-0.01,0.01515,0.00049,-0.00118,-0.00013,0.41885
2125,2176000,54.11969,122.75,0.75,0.8,1.12665,-0.001899,0.152335,0.001989,0.353038,0.009766,0.636621,58.476044,7.438156,57.836792,10.254057,4.0,8.25e-05,4,590,0.04714,0.06466,0.06,0.0,100,0.5,1.0,,,-0.01,0.01446,0.00022,0.00391,0.00111,0.23556
2126,2177024,42.10296,142.4,0.6,0.79,1.221577,-0.001651,0.165761,0.001741,0.532715,0.003871,0.694991,55.908234,8.22654,54.536613,11.993699,4.0,8.24e-05,5,562,0.05327,0.06844,0.06,0.0,100,0.6,1.0,,,-0.01,0.01288,-0.00054,0.00088,0.00187,0.22477
2127,2178048,46.94562,219.83333,0.66667,0.77,1.130762,-0.002575,0.175647,0.002363,0.324143,0.019182,0.726748,54.995708,11.229878,54.255314,12.525172,4.0,8.23e-05,6,608,0.04509,0.06145,0.07,0.0,100,0.5,0.0,,,-0.01,0.01246,-3e-05,0.00396,-3e-05,0.3172
2128,2179072,61.35789,227.42857,0.85714,0.78,1.056489,-0.001296,0.127326,0.001464,0.557336,0.005371,0.565986,54.607449,9.961332,55.886089,9.046063,4.0,8.22e-05,7,590,0.04198,0.05834,0.08,0.0,100,0.14286,1.0,,,-0.01,0.01568,-4e-05,0.00334,0.00326,0.48901
2129,2180096,71.89256,145.66667,1.0,0.8,1.027397,-0.002353,0.090407,0.004384,0.549684,0.057373,0.486805,54.92828,6.71295,56.076336,6.982415,4.0,8.209e-05,6,594,0.05253,0.073,0.08,0.0,100,0.16667,1.0,,,-0.01,0.01689,-0.00029,0.00145,0.00107,0.50535
2130,2181120,72.1415,148.0,1.0,0.8,1.045961,-0.001369,0.039319,0.002597,0.52229,0.017822,0.74761,57.860786,6.33052,58.889057,6.387898,4.0,8.199e-05,6,608,0.04702,0.0628,0.08,0.0,100,0.16667,1.0,,,-0.01,0.01456,0.00017,4e-05,0.00619,0.49171
2131,2182144,61.66838,169.0,0.875,0.83,1.068604,-0.00241,0.120445,0.002322,0.303199,0.016567,0.732022,57.6502,7.693296,57.645721,10.670784,4.0,8.189e-05,8,585,0.04576,0.06307,0.06,0.0,100,0.5,0.75,,,-0.01,0.01693,0.00039,0.00042,0.00399,0.54873
2132,2183168,71.99511,134.28571,1.0,0.83,0.977903,-0.002502,0.044277,0.003664,0.64806,0.03118,0.722483,58.297756,6.062451,59.851925,6.031512,4.0,8.179e-05,7,590,0.04546,0.06945,0.06,0.0,100,0.57143,0.75,,,-0.01,0.01632,0.00074,0.00049,0.00127,0.583
2133,2184192,72.56464,131.4,1.0,0.83,1.025049,-0.00284,0.024146,0.003507,0.524876,0.040597,0.780607,61.835815,5.844509,62.824459,5.327892,4.0,8.168e-05,5,599,0.04367,0.06068,0.06,0.0,100,0.4,0.0,,,-0.01,0.01606,0.00029,0.00079,0.00634,0.41435
2134,2185216,72.20841,146.44444,1.0,0.84,1.10158,-0.003169,0.016672,0.002596,0.536593,0.021345,0.835896,62.395386,5.559999,63.518337,5.11389,4.0,8.158e-05,9,565,0.05712,0.07549,0.05,0.0,100,0.33333,0.88889,,,-0.01,0.01703,-9e-05,-0.00272,0.00648,0.68581
2135,2186240,72.14293,132.75,1.0,0.86,1.030434,-0.001915,0.024581,0.001692,0.355498,0.007603,0.706063,64.460365,5.414321,65.091469,4.756692,4.0,8.148e-05,8,583,0.05148,0.06853,0.05,0.0,100,0.125,0.0,,,-0.01,0.01621,0.00038,0.0002,0.00645,0.64544
2136,2187264,73.09604,123.42857,1.0,0.87,0.877022,-0.002003,0.010526,0.002401,0.254973,0.026263,0.853357,64.831932,4.556551,65.122871,4.466221,4.0,8.138e-05,7,625,0.04553,0.06455,0.04,0.0,100,0.0,1.0,,,-0.01,0.01646,-0.00022,0.0019,0.00471,0.63869
2137,2188288,58.81522,162.66667,0.83333,0.89,0.799709,-0.000619,0.145679,0.001536,0.540892,0.013323,0.555662,64.098633,6.155042,62.820454,9.37033,4.0,8.127e-05,6,640,0.03883,0.05714,0.03,0.0,100,0.5,1.0,,,-0.01,0.01799,0.00051,0.00057,0.00288,0.48831
2138,2189312,59.20756,155.0,0.83333,0.89,0.937252,-0.000687,0.167272,0.000193,0.622391,0.0,0.534744,63.77536,6.215867,62.406918,9.496483,4.0,8.117e-05,6,606,0.04087,0.06051,0.03,0.0,100,0.16667,0.0,,,-0.01,0.01666,0.00061,0.00251,0.00278,0.42997
2139,2190336,61.04345,153.28571,0.85714,0.89,0.914096,-0.00065,0.192391,0.001524,0.337321,0.013811,0.528511,60.736565,8.726014,59.985107,10.220272,4.0,8.107e-05,7,627,0.04523,0.06675,0.02,0.0,100,0.28571,1.0,,,-0.01,0.01349,0.00045,0.00193,0.00238,0.53497
2140,2191360,61.22299,152.0,0.85714,0.9,0.898986,-0.001212,0.178239,0.00052,0.543947,0.000767,0.470156,60.467731,6.238633,59.112083,9.154824,4.0,8.097e-05,7,600,0.03824,0.05296,0.02,0.0,100,0.28571,0.5,,,-0.01,0.01367,0.0005,0.00099,0.0017,0.56013
2141,2192384,58.99268,136.0,0.83333,0.92,0.937638,-0.000745,0.092971,0.001655,0.209591,0.005476,0.535526,58.149754,5.485614,57.874348,6.98586,4.0,8.086e-05,6,612,0.04064,0.05718,0.01,0.0,100,0.16667,0.5,,,-0.01,0.01381,1e-05,-0.00497,0.00343,0.44627
2142,2193408,58.85536,206.83333,0.83333,0.93,0.895762,-0.003072,0.031765,0.002523,0.278817,0.024658,0.85141,57.202908,6.671052,56.932064,7.335189,4.0,8.076e-05,6,638,0.03733,0.05414,0.01,0.0,100,0.66667,1.0,,,-0.01,0.01349,0.00017,-0.00071,0.00209,0.47976
2143,2194432,62.54237,111.42857,0.85714,0.92,0.913381,-0.001284,0.133809,0.001035,0.416226,0.006383,0.687578,56.364025,7.054721,55.581543,10.462873,4.0,8.066e-05,7,631,0.03751,0.05768,0.01,0.0,100,0.57143,1.0,,,-0.01,0.01742,0.0003,0.00089,0.00548,0.56435
2144,2195456,61.16658,176.0,0.83333,0.91,0.860944,-0.001783,0.034076,0.002422,0.247288,0.019078,0.90252,55.903576,8.472807,56.162895,9.488885,4.0,8.056e-05,6,650,0.03848,0.05781,0.02,0.0,100,0.33333,1.0,,,-0.01,0.014,6e-05,0.00181,0.0061,0.49282
2145,2196480,59.42042,207.0,0.83333,0.9,0.957859,-0.000788,0.046289,0.001477,0.209768,0.007568,0.880809,56.523705,9.121017,56.609829,9.811929,4.0,8.045e-05,6,613,0.04891,0.06728,0.03,0.0,100,0.66667,1.0,,,-0.01,0.01463,0.00013,-0.00042,0.00245,0.45993
2146,2197504,71.54957,153.6,1.0,0.91,0.86877,-0.001765,0.057838,0.001903,0.213105,0.014125,0.885469,55.427502,10.571719,55.65369,11.176905,4.0,8.035e-05,5,646,0.02836,0.047,0.03,0.0,100,0.4,0.83333,,,-0.01,0.01645,6e-05,0.00168,0.00256,0.48777
2147,2198528,71.06008,177.5,1.0,0.91,0.890341,-0.001567,0.079727,0.000563,0.252814,0.003767,0.862798,53.427376,12.292747,54.054924,12.148486,4.0,8.025e-05,6,631,0.03929,0.05476,0.03,0.0,100,0.16667,0.0,,,-0.01,0.01729,0.00012,0.00049,0.00622,0.57903
2148,2199552,60.39017,191.33333,0.83333,0.9,0.977189,-0.00225,0.043723,0.001643,0.28101,0.01716,0.925735,55.034077,11.078438,54.835316,12.117881,4.0,8.015e-05,6,635,0.03856,0.05268,0.04,0.0,100,0.33333,1.0,,,-0.01,0.0164,-0.00032,0.00137,0.00465,0.47263
2149,2200576,48.07744,202.83333,0.66667,0.88,0.940454,-0.001737,0.111019,0.003003,0.398875,0.032575,0.820307,56.2369,10.659568,55.351997,12.81049,4.0,8.004e-05,6,623,0.03129,0.04794,0.05,0.0,100,0.16667,1.0,,,-0.01,0.01614,0.0002,-0.00103,0.00103,0.3601
2150,2201600,59.64455,131.5,0.83333,0.87,0.926228,-0.001484,0.226219,0.00102,0.642431,0.003244,0.646083,56.69278,9.629797,55.36079,12.628551,4.0,7.994e-05,6,611,0.03838,0.05978,0.05,0.0,100,0.16667,1.0,,,-0.01,0.01734,0.00039,0.00114,0.00122,0.45397
2151,2202624,64.29345,130.0,0.88889,0.86,1.012288,-0.00088,0.053271,0.000484,0.361574,0.000907,0.876442,55.706413,9.08855,56.48822,10.326386,4.0,7.984e-05,9,597,0.04092,0.06104,0.05,0.0,100,0.22222,1.0,,,-0.01,0.01786,-0.00032,0.00277,0.00319,0.68649
2152,2203648,71.04036,164.5,1.0,0.86,0.981241,-0.00156,0.081367,0.001837,0.39668,0.010149,0.794692,55.422462,9.736337,56.492878,10.079055,4.0,7.974e-05,6,606,0.03877,0.05582,0.05,0.0,100,0.5,1.0,,,-0.01,0.0166,0.00025,0.00266,0.0046,0.5271
2153,2204672,72.43037,146.16667,1.0,0.87,1.022653,-0.002172,0.034565,0.002905,0.387481,0.021833,0.92654,55.721802,10.241569,56.555763,10.903724,4.0,7.964e-05,6,593,0.03148,0.04661,0.05,0.0,100,0.0,0.0,,,-0.01,0.01666,-0.00029,0.00328,0.0067,0.51516
2154,2205696,61.3554,184.875,0.875,0.87,1.055225,-0.001218,0.20326,0.002458,0.290393,0.029332,0.703773,56.366333,12.275487,56.537239,13.050819,4.0,7.953e-05,8,528,0.03699,0.05703,0.05,0.0,100,0.25,1.0,,,-0.01,0.01671,0.00031,0.00242,0.0041,0.57492
2155,2206720,73.05282,135.8,1.0,0.88,1.181956,-0.001581,0.042874,0.002648,0.409926,0.016462,0.633751,61.192341,6.241256,62.056507,5.574872,4.0,7.943e-05,5,580,0.03408,0.04938,0.05,0.0,100,0.0,1.0,,,-0.01,0.01746,0.00022,0.00255,0.00435,0.37573
2156,2207744,72.68267,139.11111,1.0,0.9,1.168315,-0.002284,0.015339,0.002041,0.39225,0.022077,0.811307,62.502789,4.647206,63.196533,4.518461,4.0,7.933e-05,9,581,0.04403,0.0631,0.05,0.0,100,0.22222,0.0,,,-0.01,0.01441,3e-05,-0.00037,0.00878,0.67454
2157,2208768,72.4626,147.625,1.0,0.91,1.115459,-0.001912,0.025867,0.002302,0.443221,0.020368,0.729099,61.492729,4.488142,62.484264,4.787537,4.0,7.923e-05,8,563,0.04057,0.06039,0.04,0.0,100,0.25,0.0,,,-0.01,0.01707,0.00052,0.00038,0.00509,0.60193
2158,2209792,72.27745,132.0,1.0,0.91,0.881033,-0.001714,0.05592,0.001881,0.22816,0.0128,0.6497,61.532749,6.563576,61.451908,6.435001,4.0,7.912e-05,4,629,0.04275,0.06112,0.04,0.0,100,0.5,0.5,,,-0.01,0.01566,-3e-05,-0.00187,0.00124,0.38453
2159,2210816,72.21217,139.5,1.0,0.92,0.941448,-0.002158,0.013809,0.001151,0.243497,0.006766,0.93083,60.779919,6.686343,61.04657,7.320374,4.0,7.902e-05,6,616,0.04649,0.06017,0.04,0.0,100,0.16667,1.0,,,-0.01,0.01691,0.00014,-0.00157,0.00918,0.55698
2160,2211840,64.04054,166.0,0.875,0.93,0.959666,-0.002247,0.007507,0.002385,0.272764,0.025705,0.972583,60.416889,8.933784,60.780582,9.688008,4.0,7.892e-05,8,604,0.05228,0.06676,0.03,0.0,100,0.0,1.0,,,-0.01,0.01836,-3e-05,-0.0013,0.00705,0.61634
2161,2212864,63.12528,165.0,0.875,0.92,1.001623,-0.001425,0.017695,0.001066,0.319241,0.00415,0.923502,63.015846,7.328207,63.665188,7.539087,4.0,7.882e-05,8,591,0.05059,0.0742,0.04,0.0,100,0.5,1.0,,,-0.01,0.01782,0.00076,0.0012,0.00356,0.58486
2162,2213888,73.13127,119.25,1.0,0.92,1.035643,-0.001984,0.011154,0.00302,0.349504,0.027867,0.747156,65.449326,3.730369,66.14666,3.302519,4.0,7.871e-05,8,577,0.05617,0.06879,0.04,0.0,100,0.125,1.0,,,-0.01,0.0174,5e-05,0.00234,0.00705,0.63108
2163,2214912,73.0407,128.375,1.0,0.94,1.029241,-0.002108,0.009076,0.002777,0.287237,0.028948,0.680543,66.771873,3.183439,67.086449,2.740954,4.0,7.861e-05,8,587,0.06451,0.08957,0.03,0.0,100,0.25,1.0,,,-0.01,0.01989,0.00023,0.00137,0.00652,0.64394
2164,2215936,65.16361,110.77778,0.88889,0.96,1.052088,-0.001552,0.172878,0.001221,0.433801,0.009487,0.357491,67.173904,3.462282,66.141548,8.199041,4.0,7.851e-05,9,564,0.05142,0.07343,0.02,0.0,100,0.22222,0.66667,,,-0.01,0.01844,0.00074,9e-05,0.00784,0.61523
2165,2216960,73.53309,115.3,1.0,0.96,1.054181,-0.002143,0.008991,0.002073,0.286717,0.012451,0.721292,65.917595,2.498256,66.549881,2.595577,4.0,7.841e-05,10,548,0.05881,0.08049,0.02,0.0,100,0.2,0.5,,,-0.01,0.02003,0.00078,0.00131,0.00866,0.75928
2166,2217984,73.63316,108.6,1.0,0.96,1.018063,-0.001973,0.028104,0.003216,0.229418,0.036516,0.475455,66.420174,2.987068,66.517502,3.628504,4.0,7.83e-05,10,552,0.06311,0.0906,0.02,0.0,100,0.1,0.66667,,,-0.01,0.01915,0.00044,0.00078,0.00437,0.78485
2167,2219008,73.84,110.77778,1.0,0.97,1.060951,-0.001979,0.008513,0.002571,0.273242,0.022635,0.643395,66.723503,2.865963,67.307472,2.44154,4.0,7.82e-05,9,562,0.06593,0.08307,0.02,0.0,100,0.22222,0.75,,,-0.01,0.02012,0.00079,0.00184,0.01014,0.66779
2168,2220032,64.79228,111.55556,0.88889,0.96,0.952092,-0.00094,0.200995,0.001599,0.685534,0.01287,0.451224,66.671364,4.649741,64.868881,9.513189,4.0,7.81e-05,9,581,0.06016,0.08553,0.02,0.0,100,0.22222,0.66667,,,-0.01,0.01901,-9e-05,9e-05,0.00176,0.67149
2169,2221056,71.99152,143.375,1.0,0.96,0.926342,-0.001622,0.0485,0.000931,0.413177,0.003836,0.475747,63.054363,5.931302,63.87751,4.774666,4.0,7.8e-05,8,620,0.06719,0.08798,0.02,0.0,100,0.25,1.0,,,-0.01,0.01855,0.00056,0.00095,0.00503,0.70861
2170,2222080,73.54441,107.88889,1.0,0.96,1.016677,-0.001834,0.011398,0.00262,0.367585,0.016462,0.573284,65.466866,2.253968,66.103561,2.583915,4.0,7.789e-05,9,556,0.06047,0.085,0.02,0.0,100,0.22222,0.0,,,-0.01,0.02134,0.0002,0.00207,0.00637,0.70682
2171,2223104,73.8027,107.88889,1.0,0.96,1.064648,-0.002155,0.008529,0.002568,0.322855,0.026751,0.597226,66.96386,2.415857,67.551781,2.277171,4.0,7.779e-05,9,544,0.05588,0.07506,0.02,0.0,100,0.22222,0.66667,,,-0.01,0.01771,0.00049,0.00092,0.01138,0.6777
2172,2224128,73.89042,94.91667,1.0,0.98,0.992872,-0.001181,0.007379,0.002612,0.253759,0.012312,0.684813,67.303932,2.331105,67.81739,2.377889,4.0,7.769e-05,12,543,0.05191,0.07574,0.0,0.0,100,0.33333,1.0,,,-0.01,0.01928,0.00065,0.00193,0.00452,0.92104
2173,2225152,73.71626,100.11111,1.0,0.98,0.945612,-0.001744,0.010135,0.001758,0.22661,0.006941,0.440132,67.958771,2.437518,68.308731,2.1544,4.0,7.759e-05,9,548,0.05951,0.0853,0.0,0.0,100,0.66667,1.0,,,-0.01,0.01961,0.00071,0.00095,0.0083,0.7054
2174,2226176,45.88748,90.09091,0.63636,0.94,0.878367,-0.001368,0.612181,0.000758,2.238293,0.001918,0.426777,67.277084,6.192298,62.129559,15.467638,4.0,7.748e-05,11,557,0.04839,0.07759,0.0,0.0,100,0.54545,0.0,,,-0.01,0.01836,0.00085,0.00099,-0.00127,0.59118
2175,2227200,66.05555,95.3,0.9,0.94,0.869344,-0.001375,0.164595,0.000501,0.782325,0.003069,0.53659,62.390465,5.503981,61.651371,9.39794,4.0,7.738e-05,10,581,0.05755,0.08298,0.0,0.0,100,0.3,1.0,,,-0.01,0.01625,0.00041,-0.00128,0.00263,0.77853
2176,2228224,73.474,95.5,1.0,0.94,0.874595,-0.002664,0.017031,0.002177,0.389202,0.015485,0.93446,61.721802,7.059549,62.637615,7.876607,4.0,7.728e-05,8,544,0.04807,0.07103,0.0,0.0,100,0.125,1.0,,,-0.01,0.01695,0.00022,-0.00156,0.01087,0.66801
2177,2229248,53.11107,128.45455,0.72727,0.91,0.873526,-0.000684,0.274155,0.000465,0.692734,0.000732,0.550346,62.556179,7.223514,60.823799,12.564103,4.0,7.718e-05,11,569,0.05369,0.08062,0.01,0.0,100,0.45455,0.83333,,,-0.01,0.01858,1e-05,0.00097,0.00159,0.6668
2178,2230272,65.79877,94.3,0.9,0.91,0.831142,-0.00192,0.179847,0.002766,0.327883,0.018311,0.594796,60.088039,7.001372,59.710415,10.426035,4.0,7.708e-05,10,596,0.06503,0.10053,0.01,0.0,100,0.6,1.0,,,-0.01,0.02031,0.00023,-0.00011,0.0017,0.79674
2179,2231296,73.12485,102.85714,1.0,0.91,0.865242,-0.000844,0.050236,0.000609,0.31479,0.002651,0.867798,59.871086,9.30757,60.693901,9.755424,4.0,7.697e-05,7,605,0.0708,0.09434,0.01,0.0,100,0.28571,0.83333,,,-0.01,0.01649,0.00082,-0.00244,0.00678,0.63371
2180,2232320,72.41412,134.44444,1.0,0.91,0.918434,-0.001965,0.048846,0.002184,0.55827,0.014893,0.648748,62.093391,7.559015,63.431648,6.150659,4.0,7.687e-05,9,594,0.05716,0.07919,0.01,0.0,100,0.22222,0.5,,,-0.01,0.01865,6e-05,0.00016,0.00674,0.75115
2181,2233344,64.26744,133.77778,0.88889,0.9,1.012676,-0.000708,0.171218,0.001157,0.295517,0.003313,0.393422,64.615974,4.147198,64.274086,8.372952,4.0,7.677e-05,9,568,0.06316,0.08751,0.01,0.0,100,0.44444,0.93333,,,-0.01,0.01906,0.00061,0.00172,0.01058,0.60833
2182,2234368,74.05796,102.81818,1.0,0.9,1.085922,-0.001671,0.025118,0.00163,0.387097,0.00565,0.637121,64.259666,3.801767,65.24398,3.819161,4.0,7.667e-05,11,519,0.06803,0.09556,0.01,0.0,100,0.0,1.0,,,-0.01,0.01756,0.00054,0.00089,0.00811,0.82493
2183,2235392,73.84829,108.28571,1.0,0.9,1.063387,-0.001864,0.009531,0.001049,0.324656,0.007673,0.703805,66.064018,3.049708,66.658676,2.837578,4.0,7.656e-05,7,561,0.04394,0.06405,0.01,0.0,100,0.14286,0.0,,,-0.01,0.01978,0.0006,0.00161,0.00782,0.52394
2184,2236416,65.53047,117.5,0.9,0.9,0.968802,-0.001293,0.163072,0.00141,0.428096,0.013811,0.488598,65.921463,4.920478,64.89621,8.949512,4.0,7.646e-05,10,569,0.05558,0.0799,0.01,0.0,100,0.3,0.66667,,,-0.01,0.0198,0.00046,2e-05,0.00336,0.70788
2185,2237440,73.8443,100.27273,1.0,0.93,1.002339,-0.000883,0.028309,0.002347,0.459442,0.011963,0.346233,65.499786,3.900339,66.746964,3.155409,4.0,7.636e-05,11,563,0.05683,0.08232,0.01,0.0,100,0.18182,0.5,,,-0.01,0.01878,0.00092,0.00135,0.01115,0.85216
2186,2238464,73.68773,108.77778,1.0,0.94,1.055509,-0.001913,0.012723,0.001224,0.263189,0.007778,0.546675,67.364502,3.134825,67.535759,2.756079,4.0,7.626e-05,9,566,0.05077,0.07211,0.01,0.0,100,0.0,0.5,,,-0.01,0.01777,0.00082,-0.0006,0.00758,0.6894
2187,2239488,64.56209,106.77778,0.88889,0.93,1.003953,-0.002558,0.180546,0.002453,0.496661,0.030622,0.480632,66.603081,5.453023,65.503914,9.20604,4.0,7.615e-05,9,564,0.05133,0.07563,0.01,0.0,100,0.11111,0.0,,,-0.01,0.01928,0.00029,-0.00235,0.00365,0.64023
2188,2240512,73.72243,103.14286,1.0,0.96,0.855969,-0.002427,0.069135,0.004126,0.264517,0.057059,0.601826,63.878384,7.383132,63.751255,6.897713,4.0,7.605e-05,7,599,0.05636,0.07992,0.0,0.0,100,0.28571,0.0,,,-0.01,0.018,-0.00013,0.00043,0.00683,0.66468
2189,2241536,72.67038,141.33333,1.0,0.97,0.841437,-0.00167,0.019289,0.000618,0.253003,0.002651,0.895824,62.661827,6.344071,62.328159,6.934662,4.0,7.595e-05,6,649,0.06336,0.085,0.0,0.0,100,0.16667,0.0,,,-0.01,0.01742,0.0007,0.00206,0.00602,0.58966
2190,2242560,71.61823,164.83333,1.0,0.97,0.865962,-0.001121,0.019306,0.000648,0.177554,0.00143,0.93861,61.594921,8.950203,61.703457,9.234581,4.0,7.585e-05,6,634,0.04692,0.06628,0.0,0.0,100,0.16667,1.0,,,-0.01,0.01786,0.00027,1e-05,0.0059,0.54625
2191,2243584,66.12013,149.0,0.90909,0.96,0.958145,-0.001932,0.012817,0.001685,0.303073,0.015276,0.922743,64.459114,6.014449,65.046806,6.408914,4.0,7.574e-05,11,580,0.06798,0.09458,0.01,0.0,100,0.18182,1.0,,,-0.01,0.01877,0.00043,-0.00072,0.00678,0.81125
2192,2244608,73.51627,105.5,1.0,0.96,0.832203,-0.001597,0.038195,0.001888,0.220532,0.020403,0.734863,64.441162,6.220222,64.78669,6.074522,4.0,7.564e-05,8,613,0.06085,0.08915,0.01,0.0,100,0.25,0.0,,,-0.01,0.01797,0.00124,0.00204,0.00453,0.73998
2193,2245632,72.99528,122.66667,1.0,0.97,0.917632,-0.002167,0.017336,0.001653,0.337853,0.009905,0.535018,65.827408,3.65457,66.491638,3.099311,4.0,7.554e-05,9,568,0.04375,0.06595,0.01,0.0,100,0.0,1.0,,,-0.01,0.02099,0.00073,0.00215,0.00592,0.73891
2194,2246656,73.11613,108.0,1.0,0.97,0.984488,-0.00181,0.007977,0.002543,0.28413,0.016357,0.684617,67.336266,2.618397,67.730904,2.513164,4.0,7.544e-05,10,548,0.04994,0.07452,0.01,0.0,100,0.4,0.0,,,-0.01,0.02021,0.00045,-0.00012,0.00586,0.79689
2195,2247680,73.35559,114.33333,1.0,0.97,0.964312,-0.003114,0.008738,0.003081,0.237568,0.027972,0.637057,67.851128,2.788277,68.07412,2.513286,4.0,7.533e-05,9,577,0.05038,0.07147,0.01,0.0,100,0.22222,1.0,,,-0.01,0.01707,0.00092,-0.00141,0.01021,0.71003
2196,2248704,73.18279,103.5,1.0,0.98,0.960519,-0.001878,0.007277,0.002088,0.217855,0.013637,0.619088,68.113388,2.480876,68.227852,2.23045,4.0,7.523e-05,10,581,0.05083,0.07997,0.01,0.0,100,0.3,1.0,,,-0.01,0.01526,0.00086,-6e-05,0.00574,0.79755
2197,2249728,73.78627,102.0,1.0,0.98,1.00359,-0.002643,0.004262,0.002043,0.257095,0.015416,0.70625,68.871086,2.178377,68.886635,1.944318,4.0,7.513e-05,7,577,0.04964,0.06996,0.01,0.0,100,0.42857,0.0,,,-0.01,0.01546,0.0005,0.00032,0.01042,0.53887
2198,2250752,56.79289,110.11111,0.77778,0.96,1.056545,-0.000584,0.350209,0.001691,0.978791,0.01144,0.188198,68.498878,2.560866,65.910492,10.294057,4.0,7.503e-05,9,576,0.04191,0.06512,0.01,0.0,100,0.33333,1.0,,,-0.01,0.01759,0.00017,-0.00147,0.0062,0.54126
2199,2251776,57.99053,142.9,0.8,0.95,0.96189,-0.001205,0.16892,0.00072,0.457088,0.000802,0.381817,64.684738,3.580992,63.610161,8.359845,4.0,7.492e-05,10,577,0.04619,0.07336,0.02,0.0,100,0.5,1.0,,,-0.01,0.01798,0.00039,-0.00126,0.00029,0.65028
2200,2252800,73.16445,100.7,1.0,0.95,0.994186,-0.001016,0.080021,0.000903,0.34477,0.003871,0.367704,63.396797,4.684446,64.157814,5.680268,4.0,7.482e-05,10,542,0.04118,0.06717,0.02,0.0,100,0.3,0.0,,,-0.01,0.01603,0.00073,-0.00107,0.00874,0.78958
2201,2253824,65.2984,95.33333,0.88889,0.94,0.986804,-0.001142,0.058334,0.000389,0.238106,0.000244,0.573018,63.804695,5.097555,64.146217,5.780842,4.0,7.472e-05,9,576,0.04516,0.07194,0.02,0.0,100,0.66667,1.0,,,-0.01,0.01667,0.0011,-2e-05,0.00631,0.63766
2202,2254848,65.13609,97.66667,0.88889,0.94,0.960045,-0.000988,0.188803,0.003254,0.346547,0.030552,0.382028,63.706753,4.525374,63.092182,8.638066,4.0,7.462e-05,9,581,0.0428,0.06312,0.01,0.0,100,0.11111,0.5,,,-0.01,0.01809,0.00057,0.00148,0.00794,0.66957
2203,2255872,48.18757,101.16667,0.66667,0.92,0.928591,-0.001745,0.279813,0.001532,0.903394,0.009626,0.562404,62.255161,7.792321,59.973049,12.597094,4.0,7.452e-05,6,605,0.03984,0.06616,0.01,0.0,100,0.5,0.0,,,-0.01,0.01634,3e-05,-0.00127,0.00072,0.34816
2204,2256896,71.75944,144.25,1.0,0.92,1.078038,-0.001063,0.051397,0.001022,0.418077,0.003941,0.386091,62.173462,5.654519,63.046246,4.521933,4.0,7.441e-05,8,567,0.04179,0.06308,0.01,0.0,100,0.375,1.0,,,-0.01,0.01501,0.00027,0.00231,0.00624,0.62342
2205,2257920,66.41326,142.45455,0.90909,0.91,1.024198,-0.001488,0.040482,0.001103,0.293553,0.011544,0.48745,62.413399,4.548711,63.008644,4.633116,4.0,7.431e-05,11,590,0.04474,0.07227,0.02,0.0,100,0.36364,0.66667,,,-0.01,0.01546,0.00078,-0.00031,0.00152,0.82225
2206,2258944,63.31472,125.125,0.875,0.9,1.030658,-0.001412,0.155735,0.001175,0.303477,0.010986,0.555986,62.119709,5.517898,61.841942,9.372181,4.0,7.421e-05,8,552,0.04008,0.06105,0.02,0.0,100,0.125,0.0,,,-0.01,0.0199,0.00046,0.0006,0.00652,0.53931
2207,2259968,73.63142,107.0,1.0,0.9,0.956144,-0.001684,0.042446,0.000996,0.314667,0.009556,0.666655,62.168926,5.166087,62.742527,5.509351,4.0,7.411e-05,7,600,0.03272,0.05477,0.02,0.0,100,0.14286,0.0,,,-0.01,0.01665,0.00054,0.00173,0.00522,0.60624
2208,2260992,63.98632,106.25,0.875,0.89,0.96295,-0.001503,0.163282,0.001158,0.392356,0.005057,0.588252,61.916538,6.420415,60.939457,9.830749,4.0,7.4e-05,8,607,0.03934,0.06382,0.02,0.0,100,0.5,1.0,,,-0.01,0.01859,0.0001,0.00235,0.00627,0.61208
2209,2262016,71.98569,158.66667,1.0,0.9,1.004505,-0.001671,0.045672,0.000406,0.341287,0.000837,0.794531,61.135151,7.903878,61.856808,7.476795,4.0,7.39e-05,9,609,0.03311,0.05495,0.02,0.0,100,0.0,0.0,,,-0.01,0.0159,0.00081,0.00101,0.00434,0.75375
2210,2263040,64.33207,116.33333,0.88889,0.9,0.967197,-0.001527,0.168917,0.00167,0.284797,0.004116,0.528059,62.204651,6.03338,62.013378,9.463819,4.0,7.38e-05,9,586,0.03455,0.05748,0.02,0.0,100,0.33333,0.0,,,-0.01,0.01662,0.00012,-0.0005,0.0066,0.66252
2211,2264064,73.0547,113.125,1.0,0.92,1.084019,-0.001983,0.015761,0.001478,0.380007,0.014474,0.714179,63.961086,3.614137,64.796555,3.586733,4.0,7.37e-05,8,570,0.03387,0.05342,0.01,0.0,100,0.5,0.0,,,-0.01,0.01509,0.00041,0.00107,0.00814,0.61749
2212,2265088,66.24383,114.36364,0.90909,0.92,1.119554,-0.001338,0.147235,0.001663,0.337933,0.008405,0.560053,64.019737,4.989984,63.632202,9.142789,4.0,7.359e-05,11,535,0.03367,0.05523,0.01,0.0,100,0.27273,1.0,,,-0.01,0.01647,0.00034,-0.00062,0.00651,0.73701
2213,2266112,62.39691,105.14286,0.85714,0.91,1.044478,-0.001089,0.20061,0.001551,0.428942,0.006173,0.327908,63.604168,4.951796,62.594219,8.526879,4.0,7.349e-05,7,578,0.03207,0.054,0.01,0.0,100,0.28571,1.0,,,-0.01,0.01646,0.00049,-0.0043,0.00344,0.46022
2214,2267136,63.2368,121.44444,0.88889,0.91,0.979585,-0.001725,0.189396,0.001571,0.254097,0.006383,0.46012,61.57555,6.558474,61.396553,9.221117,4.0,7.339e-05,9,606,0.03739,0.06209,0.01,0.0,100,0.33333,0.66667,,,-0.01,0.01499,0.00024,-0.0039,0.00478,0.68131
2215,2268160,73.3115,108.42857,1.0,0.93,0.926326,-0.002853,0.038103,0.002151,0.259131,0.015311,0.808738,60.914795,6.231594,61.09259,7.269708,4.0,7.329e-05,7,622,0.04115,0.05846,0.01,0.0,100,0.14286,1.0,,,-0.01,0.01364,0.00058,-0.00415,0.007,0.62125
2216,2269184,72.86801,107.33333,1.0,0.93,0.851258,-0.00147,0.056259,0.001457,0.217528,0.008789,0.882891,56.672058,10.372975,56.486935,11.073,4.0,7.318e-05,6,630,0.03381,0.05316,0.01,0.0,100,0.16667,0.0,,,-0.01,0.0168,0.00014,-0.00222,0.00404,0.56659
2217,2270208,36.09421,285.5,0.5,0.91,0.774008,-0.001727,0.035087,0.00145,0.238164,0.009801,0.928029,58.152306,10.762001,57.774071,11.085288,4.0,7.308e-05,4,682,0.04278,0.05917,0.03,0.0,100,0.75,1.0,,,-0.01,0.0126,0.00095,-1e-05,0.00344,0.21267
2218,2271232,71.30264,162.28571,1.0,0.92,0.910962,-0.000715,0.027932,0.00095,0.276489,0.000558,0.916575,60.456715,8.980483,61.087803,9.372156,4.0,7.298e-05,7,599,0.03676,0.05779,0.02,0.0,100,0.28571,0.0,,,-0.01,0.0186,0.00048,-0.00149,0.00627,0.6272
2219,2272256,59.28506,212.66667,0.83333,0.92,0.85962,-0.000924,0.068167,0.001349,0.2228,0.003836,0.829727,60.491425,10.196492,60.314915,10.080698,4.0,7.288e-05,6,652,0.04751,0.06864,0.03,0.0,100,0.16667,0.33333,,,-0.01,0.01683,0.00055,0.00065,0.00349,0.47436
2220,2273280,64.23044,135.9,0.9,0.91,0.936322,-0.001042,0.211635,0.000939,0.320045,0.000732,0.325572,61.225708,6.095023,60.773628,8.880899,4.0,7.277e-05,10,603,0.05056,0.07646,0.03,0.0,100,0.4,1.0,,,-0.01,0.01767,0.00064,-0.00183,-0.00014,0.77136
2221,2274304,73.67085,102.125,1.0,0.92,1.058778,-0.001626,0.020958,0.001734,0.396422,0.016532,0.689144,62.724648,3.389586,63.589329,3.958892,4.0,7.267e-05,8,577,0.04716,0.06895,0.03,0.0,100,0.125,1.0,,,-0.01,0.01771,0.00079,0.00105,0.00876,0.62334
2222,2275328,72.34239,141.85714,1.0,0.92,0.985047,-0.001459,0.033211,0.001565,0.290452,0.003034,0.483564,62.730747,4.020348,63.033657,4.083311,4.0,7.257e-05,7,556,0.05178,0.07957,0.03,0.0,100,0.42857,1.0,,,-0.01,0.01835,0.00084,0.00024,0.00312,0.56928
2223,2276352,72.98749,128.375,1.0,0.93,0.947491,-0.001711,0.012725,0.000968,0.290094,0.004674,0.866924,63.623817,4.357225,64.13765,4.84908,4.0,7.247e-05,8,600,0.04625,0.07183,0.03,0.0,100,0.25,1.0,,,-0.01,0.01635,2e-05,0.00254,0.00965,0.69775
2224,2277376,64.38495,98.625,0.875,0.92,0.885124,-0.000452,0.169392,0.000458,0.334511,0.001814,0.546305,61.990765,6.534083,61.197895,9.634961,4.0,7.236e-05,8,571,0.04538,0.07332,0.03,0.0,100,0.25,1.0,,,-0.01,0.01684,0.0006,0.00031,0.00247,0.62608
2225,2278400,51.67437,172.57143,0.71429,0.91,0.816549,-0.000924,0.121101,0.000551,0.407111,0.001151,0.772671,60.159737,9.155092,59.485291,12.022449,4.0,7.226e-05,7,644,0.04062,0.05985,0.04,0.0,100,0.28571,1.0,,,-0.01,0.01937,0.0002,0.00203,0.00641,0.48855
2226,2279424,74.25786,96.55556,1.0,0.91,0.901852,-0.001943,0.035518,0.001932,0.278127,0.013846,0.892094,62.287861,8.196959,62.465534,8.948223,4.0,7.216e-05,9,619,0.0524,0.07816,0.04,0.0,100,0.11111,1.0,,,-0.01,0.01736,0.00072,-0.00189,0.00776,0.8023
2227,2280448,65.291,150.11111,0.88889,0.92,0.951051,-0.000768,0.030213,0.001705,0.240447,0.018834,0.921259,62.097923,9.368031,62.556053,9.783035,4.0,7.206e-05,9,603,0.04735,0.07042,0.05,0.0,100,0.11111,0.0,,,-0.01,0.01915,0.00031,0.00078,0.00741,0.69595
2228,2281472,73.6548,110.71429,1.0,0.92,1.057289,-0.002354,0.011701,0.00248,0.262427,0.021798,0.946783,64.765526,7.297467,65.062141,7.731081,4.0,7.196e-05,7,546,0.05486,0.07806,0.05,0.0,100,0.0,0.66667,,,-0.01,0.01707,0.00075,0.00095,0.01129,0.55075
2229,2282496,72.48669,136.3,1.0,0.92,1.012749,-0.001543,0.048954,0.002808,0.363144,0.035191,0.522874,65.601418,6.458397,66.255783,5.274726,4.0,7.185e-05,10,580,0.05073,0.07642,0.05,0.0,100,0.0,1.0,,,-0.01,0.01929,0.00081,0.00101,0.00716,0.79132
2230,2283520,73.34788,108.6,1.0,0.94,0.937609,-0.001315,0.021117,0.002649,0.266434,0.025844,0.338947,66.435471,3.535121,66.797531,3.072244,4.0,7.175e-05,10,540,0.06335,0.09149,0.03,0.0,100,0.1,0.0,,,-0.01,0.01968,0.00064,0.00042,0.00328,0.8466
2231,2284544,73.54027,104.6,1.0,0.95,1.033086,-0.001846,0.004657,0.000537,0.274542,0.001848,0.802678,67.283813,2.300189,67.700272,2.383593,4.0,7.165e-05,10,563,0.06405,0.07763,0.02,0.0,100,0.1,1.0,,,-0.01,0.01822,0.00092,0.0003,0.00854,0.76772
2232,2285568,65.39536,106.5,0.9,0.95,1.002686,-0.000627,0.166016,0.000626,0.377867,0.004325,0.316435,67.430771,3.429504,66.539207,7.687056,4.0,7.155e-05,10,564,0.05278,0.07739,0.02,0.0,100,0.6,1.0,,,-0.01,0.0178,0.00063,-2e-05,0.00319,0.69715
2233,2286592,63.91862,106.375,0.875,0.94,0.923935,-0.001107,0.123433,0.001283,0.390756,0.014021,0.607122,65.410416,5.105844,64.777512,9.19655,4.0,7.144e-05,8,575,0.04659,0.0713,0.02,0.0,100,0.5,0.0,,,-0.01,0.01941,0.0008,-0.00171,0.00478,0.58526
2234,2287616,64.75943,100.55556,0.88889,0.93,1.002156,-0.002396,0.181613,0.002155,0.363164,0.012974,0.300053,65.87767,3.485416,65.183273,7.93931,4.0,7.134e-05,9,576,0.0632,0.08929,0.02,0.0,100,0.22222,0.0,,,-0.01,0.01586,0.00113,0.0006,0.00562,0.63085
2235,2288640,73.30761,111.0,1.0,0.94,1.030826,-0.001766,0.021584,0.001092,0.363255,0.004604,0.579771,65.116287,3.665668,65.913857,3.590799,4.0,7.124e-05,10,578,0.06065,0.08498,0.02,0.0,100,0.4,0.5,,,-0.01,0.01707,0.00154,0.00084,0.00746,0.79277
2236,2289664,73.35084,112.5,1.0,0.96,1.100818,-0.002077,0.018374,0.00403,0.330236,0.045375,0.568419,65.737137,3.414353,66.122063,3.312101,4.0,7.114e-05,10,541,0.06199,0.08917,0.01,0.0,100,0.4,1.0,,,-0.01,0.01703,0.00182,-0.00052,0.0067,0.74914
2237,2290688,73.30282,117.0,1.0,0.96,0.973482,-0.001461,0.023479,0.001677,0.247143,0.004708,0.561086,66.314377,3.838907,66.50322,3.650548,4.0,7.103e-05,8,595,0.05306,0.07554,0.01,0.0,100,0.125,0.0,,,-0.01,0.0189,0.00098,0.00061,0.00763,0.66182
2238,2291712,73.15756,114.22222,1.0,0.97,0.982999,-0.001048,0.02616,0.00061,0.197493,0.001151,0.451004,66.105598,3.584951,66.269279,3.498208,4.0,7.093e-05,9,582,0.05491,0.08609,0.0,0.0,100,0.33333,0.0,,,-0.01,0.01878,0.0007,0.0001,0.0037,0.73267
2239,2292736,73.00394,120.0,1.0,0.97,1.053297,-0.002059,0.008272,0.000581,0.277066,0.003767,0.641383,67.089958,2.795331,67.554207,2.460595,4.0,7.083e-05,9,581,0.04476,0.07256,0.0,0.0,100,0.11111,1.0,,,-0.01,0.01982,0.0004,0.00137,0.00761,0.70649
2240,2293760,64.62984,108.66667,0.88889,0.96,1.013848,-0.002002,0.193925,0.003204,0.495293,0.037319,0.279662,67.489601,3.18059,66.257256,7.991171,4.0,7.073e-05,9,557,0.058,0.0955,0.0,0.0,100,0.55556,0.5,,,-0.01,0.01725,0.00082,0.00036,0.00321,0.64093
2241,2294784,64.74472,117.11111,0.88889,0.95,1.099402,-0.001836,0.160767,0.00394,0.450589,0.043771,0.458322,66.159058,4.07156,65.192062,8.571916,4.0,7.062e-05,9,575,0.0548,0.08258,0.0,0.0,100,0.44444,0.5,,,-0.01,0.01694,0.00094,0.00043,0.00842,0.60091
2242,2295808,72.95908,124.0,1.0,0.95,1.026928,-0.001938,0.021709,0.001318,0.227842,0.005685,0.649903,64.640373,3.452682,64.874649,3.774531,4.0,7.052e-05,7,548,0.04906,0.07473,0.0,0.0,100,0.28571,1.0,,,-0.01,0.01685,0.00065,0.00081,0.00406,0.57107
2243,2296832,73.49573,118.5,1.0,0.96,1.032135,-0.000811,0.034611,0.001384,0.242056,0.01008,0.697416,64.198524,5.329874,64.644279,5.346807,4.0,7.042e-05,8,592,0.05778,0.08891,0.0,0.0,100,0.125,0.5,,,-0.01,0.01889,0.0004,0.00217,0.00768,0.66245
2244,2297856,72.42172,136.83333,1.0,0.97,1.015723,-0.001463,0.019353,0.001429,0.18426,0.007533,0.540055,65.907501,3.570603,65.914383,3.2616,4.0,7.032e-05,6,610,0.06124,0.09664,0.0,0.0,100,0.33333,1.0,,,-0.01,0.01403,0.00096,0.00091,0.0057,0.4992
2245,2298880,72.52669,134.2,1.0,0.98,1.029659,-0.001788,0.011963,0.000885,0.241395,0.001116,0.782336,65.542221,3.449695,65.842712,3.654695,4.0,7.021e-05,10,581,0.05425,0.08581,0.0,0.0,100,0.2,1.0,,,-0.01,0.01845,0.0008,0.00075,0.00552,0.81619
2246,2299904,73.22794,106.71429,1.0,0.98,0.948536,-0.002211,0.028254,0.003966,0.229433,0.055525,0.667732,65.070053,4.636812,65.295326,4.615532,4.0,7.011e-05,7,601,0.04742,0.07863,0.0,0.0,100,0.14286,1.0,,,-0.01,0.01734,0.0006,0.0008,0.0074,0.60043
2247,2300928,55.19659,151.0,0.75,0.96,1.022099,-0.000595,0.135268,0.001718,0.405151,0.016113,0.583334,65.272987,5.079041,64.498169,9.084689,4.0,7.001e-05,8,577,0.04932,0.08121,0.01,0.0,100,0.375,1.0,,,-0.01,0.01773,0.00106,0.00073,0.00643,0.46612
2248,2301952,73.55428,109.07692,1.0,0.96,1.089719,-0.001691,0.008933,0.001497,0.380594,0.007185,0.778953,65.733269,2.448286,66.548447,2.835499,4.0,6.991e-05,13,537,0.05082,0.08351,0.01,0.0,100,0.30769,1.0,,,-0.01,0.01578,0.00108,0.00073,0.01021,0.97036
2249,2302976,64.99249,108.11111,0.88889,0.95,1.051387,-0.002904,0.157502,0.004108,0.493287,0.050258,0.574552,65.64241,5.851952,64.645676,9.546108,4.0,6.98e-05,9,566,0.04948,0.07926,0.01,0.0,100,0.33333,1.0,,,-0.01,0.01688,0.00152,0.0008,0.00431,0.61131
2250,2304000,73.51014,103.75,1.0,0.95,1.091798,-0.002138,0.019054,0.003836,0.342221,0.031982,0.550407,65.013115,2.889836,65.675255,3.099957,4.0,6.97e-05,8,560,0.0538,0.08273,0.01,0.0,100,0.375,1.0,,,-0.01,0.01798,0.00063,0.00038,0.00741,0.6071
2251,2305024,59.10999,101.36364,0.81818,0.93,0.993481,-0.002039,0.355929,0.002058,0.719422,0.008998,0.458415,63.68626,7.931838,61.958103,12.550541,4.0,6.96e-05,11,564,0.05745,0.09838,0.01,0.0,100,0.63636,0.0,,,-0.01,0.01609,0.00099,-0.00097,-0.00177,0.72217
2252,2306048,73.37997,102.66667,1.0,0.94,1.042699,-0.001487,0.03254,0.001065,0.446418,0.004743,0.469787,63.068886,3.76759,64.076889,3.959248,4.0,6.95e-05,9,564,0.04995,0.07797,0.01,0.0,100,0.33333,0.0,,,-0.01,0.01681,0.00056,0.0017,0.00757,0.69051
2253,2307072,65.8941,105.3,0.9,0.94,1.055151,-0.001411,0.17596,0.000601,0.32773,0.000419,0.472759,64.061455,4.944562,63.798946,8.948993,4.0,6.94e-05,10,527,0.05319,0.08474,0.01,0.0,100,0.6,1.0,,,-0.01,0.0167,0.00118,0.00223,0.00782,0.67777
2254,2308096,73.33916,110.55556,1.0,0.94,0.983884,-0.000864,0.043581,0.000369,0.400249,0.000732,0.356084,63.315624,4.390019,64.054314,4.124034,4.0,6.929e-05,9,558,0.04726,0.0793,0.01,0.0,100,0.55556,1.0,,,-0.01,0.01602,0.00094,0.00203,0.00385,0.72381
2255,2309120,73.10912,111.25,1.0,0.94,0.981883,-0.002063,0.031108,0.002087,0.302396,0.014265,0.408235,64.808189,4.380538,65.282066,3.807835,4.0,6.919e-05,8,599,0.05466,0.08182,0.01,0.0,100,0.375,1.0,,,-0.01,0.01563,0.00072,-0.00013,0.00671,0.6815
2256,2310144,72.2937,122.57143,1.0,0.94,0.908206,-0.002174,0.01288,0.002352,0.210255,0.026925,0.790081,64.972,3.852641,65.136032,4.049715,4.0,6.909e-05,7,626,0.0504,0.07918,0.01,0.0,100,0.57143,0.0,,,-0.01,0.01482,0.00051,0.00058,0.00329,0.64047
2257,2311168,62.68372,156.0,0.85714,0.93,0.92462,-0.00173,0.040914,0.00084,0.238241,0.006348,0.740761,63.909344,5.936405,63.665489,6.213001,4.0,6.899e-05,7,599,0.05218,0.08066,0.02,0.0,100,0.42857,1.0,,,-0.01,0.01411,0.00098,-0.00194,0.00228,0.5145
2258,2312192,66.28827,114.0,0.91667,0.94,1.022335,-0.000378,0.062531,0.000716,0.269194,7e-05,0.516681,64.5168,3.419584,65.231995,5.563915,4.0,6.888e-05,12,561,0.04858,0.07632,0.01,0.0,100,0.25,1.0,,,-0.01,0.01662,0.00129,-0.00144,0.00818,0.84257
2259,2313216,73.79197,101.625,1.0,0.94,1.01479,-0.002525,0.013198,0.002431,0.332961,0.023089,0.704243,65.97242,3.19911,66.453514,3.241367,4.0,6.878e-05,8,486,0.0512,0.07917,0.01,0.0,100,0.125,0.5,,,-0.01,0.01834,0.00119,-0.00088,0.00692,0.61634
2260,2314240,59.43552,108.09091,0.81818,0.93,0.934402,-0.001167,0.29045,0.003694,0.88791,0.037319,0.484859,65.694534,5.683758,63.536003,11.930372,4.0,6.868e-05,11,560,0.04598,0.07274,0.01,0.0,100,0.36364,0.8,,,-0.01,0.01613,0.00097,-0.00058,0.00534,0.73736
2261,2315264,67.3399,97.07692,0.92308,0.93,1.001352,-0.001074,0.192532,0.002082,0.242466,0.012556,0.318318,63.379269,3.781919,63.277313,8.263682,4.0,6.858e-05,13,563,0.05282,0.08293,0.01,0.0,100,0.30769,0.0,,,-0.01,0.01688,0.00126,0.00076,0.00293,0.93312
2262,2316288,74.08124,96.44444,1.0,0.94,1.025054,-0.001171,0.051996,0.002143,0.51226,0.015869,0.447443,63.444218,4.44238,64.771172,4.712588,4.0,6.847e-05,9,550,0.04263,0.06204,0.01,0.0,100,0.0,1.0,,,-0.01,0.02062,0.00082,0.00062,0.00921,0.66389
2263,2317312,73.73948,96.75,1.0,0.94,0.95069,-0.00169,0.039053,0.001724,0.445443,0.011091,0.42229,65.583595,4.899189,66.49987,4.17059,4.0,6.837e-05,8,584,0.05081,0.07629,0.01,0.0,100,0.25,0.0,,,-0.01,0.01657,0.00046,0.00022,0.01023,0.64783
2264,2318336,73.60077,104.3,1.0,0.95,0.98488,-0.001815,0.017748,0.00295,0.248191,0.027379,0.657797,66.729927,4.170033,66.934486,3.706642,4.0,6.827e-05,10,601,0.06945,0.09533,0.01,0.0,100,0.0,0.0,,,-0.01,0.01678,0.00016,0.0018,0.00405,0.84051
2265,2319360,63.91625,124.55556,0.88889,0.94,0.976034,-0.001838,0.176134,0.003615,0.370353,0.030413,0.461936,66.467583,4.999734,65.829597,8.886175,4.0,6.817e-05,9,524,0.05757,0.08556,0.01,0.0,100,0.55556,1.0,,,-0.01,0.0176,0.00171,0.00121,0.00329,0.63406
2266,2320384,73.52856,100.81818,1.0,0.94,1.008842,-0.001304,0.022357,0.001244,0.291645,0.006592,0.519759,65.961098,3.451252,66.49604,3.283288,4.0,6.806e-05,11,568,0.05594,0.0847,0.01,0.0,100,0.36364,1.0,,,-0.01,0.0177,0.00067,0.00033,0.00516,0.87163
2267,2321408,73.77098,100.375,1.0,0.95,0.916819,-0.000857,0.030249,0.000753,0.226271,0.002999,0.732786,65.517769,5.065326,65.70974,5.247869,4.0,6.796e-05,8,599,0.05382,0.077,0.0,0.0,100,0.125,1.0,,,-0.01,0.01958,0.00092,-0.00061,0.00864,0.68286
2268,2322432,73.66555,99.57143,1.0,0.96,0.83847,-0.001428,0.032852,0.001534,0.186687,0.005999,0.827237,65.103889,6.180327,64.958168,6.868178,4.0,6.786e-05,7,617,0.04725,0.06669,0.0,0.0,100,0.14286,0.5,,,-0.01,0.01558,0.00059,0.00228,0.00851,0.64183
2269,2323456,65.65268,136.88889,0.88889,0.95,0.827663,-0.001412,0.011196,0.000415,0.215699,0.000628,0.965957,63.136478,9.037328,62.882164,9.501668,4.0,6.776e-05,9,651,0.06272,0.08841,0.01,0.0,100,0.11111,1.0,,,-0.01,0.01356,0.00112,-0.0003,0.00597,0.80445
2270,2324480,73.76628,95.16667,1.0,0.95,0.888202,-0.001768,0.008787,0.001983,0.257559,0.018206,0.965131,64.619972,8.062322,64.642113,8.723225,4.0,6.765e-05,6,625,0.04753,0.06509,0.01,0.0,100,0.33333,0.0,,,-0.01,0.01577,0.00034,-0.0009,0.01054,0.53806
2271,2325504,71.43761,157.09091,1.0,0.97,0.976283,-0.002067,0.057195,0.004349,0.293032,0.041748,0.502995,67.086403,6.711459,67.341789,5.521698,4.0,6.755e-05,11,532,0.0566,0.08427,0.01,0.0,100,0.27273,1.0,,,-0.01,0.01643,0.00161,-0.00015,0.00735,0.84468
2272,2326528,67.35055,93.08333,0.91667,0.97,0.977737,-0.000323,0.026025,0.001677,0.238353,0.001814,0.380784,67.756065,2.656998,68.34581,3.170123,4.0,6.745e-05,12,553,0.04535,0.07361,0.01,0.0,100,0.25,0.0,,,-0.01,0.01839,0.00079,0.00053,0.00981,0.82529
2273,2327552,65.62892,92.11111,0.88889,0.96,0.88183,-0.000685,0.242798,0.000869,0.720089,0.000523,0.405257,67.170044,6.439682,65.305611,9.828681,4.0,6.735e-05,9,587,0.04922,0.07616,0.01,0.0,100,0.33333,0.0,,,-0.01,0.01698,0.00153,0.00072,0.00643,0.67067
2274,2328576,66.39814,95.5,0.9,0.95,0.961707,-0.000378,0.038602,0.000495,0.164088,0.001535,0.825647,64.523056,5.855931,64.594757,7.5231,4.0,6.724e-05,10,595,0.05328,0.08043,0.01,0.0,100,0.3,0.85714,,,-0.01,0.01308,0.00079,0.00085,0.00871,0.76033
2275,2329600,72.87991,108.0,1.0,0.95,0.808476,-0.001241,0.081541,0.000447,0.439922,0.003802,0.847255,60.916866,11.018577,59.883514,11.433655,4.0,6.714e-05,6,617,0.03926,0.06033,0.01,0.0,100,0.0,1.0,,,-0.01,0.01451,0.00075,-0.00087,0.0016,0.57759
2276,2330624,44.09782,176.875,0.625,0.93,0.796139,-0.000968,0.276458,0.001962,0.834717,0.015137,0.573601,60.437218,8.679799,58.409054,12.318098,4.0,6.704e-05,8,637,0.0489,0.06997,0.02,0.0,100,0.5,1.0,,,-0.01,0.01443,0.00079,-0.00447,0.00258,0.47433
2277,2331648,72.98951,103.8,1.0,0.93,0.916711,-0.001525,0.029205,0.001758,0.447608,0.020194,0.912102,60.169888,7.982543,61.288628,8.995611,4.0,6.694e-05,10,557,0.04038,0.06232,0.02,0.0,100,0.3,1.0,,,-0.01,0.01383,0.00091,-0.00046,0.01198,0.84366
2278,2332672,64.26173,141.5,0.875,0.92,0.958719,-0.001009,0.023565,0.000637,0.326223,0.000279,0.932948,61.328495,8.919285,61.896908,9.495751,4.0,6.684e-05,8,596,0.04518,0.06637,0.03,0.0,100,0.25,1.0,,,-0.01,0.01726,0.00083,0.00056,0.00585,0.58515
2279,2333696,73.52163,108.18182,1.0,0.92,1.038931,-0.001536,0.019129,0.000939,0.359702,0.001744,0.632418,64.913414,3.476368,65.68203,3.603218,4.0,6.673e-05,11,563,0.04305,0.06548,0.03,0.0,100,0.27273,1.0,,,-0.01,0.01531,0.00105,0.00033,0.00902,0.83217
2280,2334720,73.47953,99.2,1.0,0.93,1.002692,-0.001582,0.016783,0.002758,0.345257,0.01416,0.623219,65.785843,3.19821,66.451111,3.306851,4.0,6.663e-05,10,545,0.03848,0.06228,0.02,0.0,100,0.2,0.0,,,-0.01,0.01683,0.00079,0.0,0.00777,0.75558
2281,2335744,64.72165,96.77778,0.88889,0.92,0.93296,-0.001682,0.247204,0.003015,0.626283,0.021484,0.464939,65.229172,6.498103,63.705044,10.461788,4.0,6.653e-05,9,566,0.04648,0.0744,0.02,0.0,100,0.44444,1.0,,,-0.01,0.01928,0.00161,0.00066,0.00229,0.64954
2282,2336768,61.42971,97.91667,0.83333,0.91,0.987143,-0.000407,0.253778,0.000467,0.280402,0.0,0.49535,62.771797,7.006712,62.623112,11.177394,4.0,6.643e-05,12,559,0.05008,0.08009,0.02,0.0,100,0.16667,0.0,,,-0.01,0.01835,0.00121,0.00121,0.00645,0.78183
2283,2337792,73.73322,102.125,1.0,0.91,0.999193,-0.001211,0.032018,0.002091,0.283027,0.011893,0.740917,63.995144,4.889895,64.388405,5.355311,4.0,6.632e-05,8,538,0.04658,0.0709,0.02,0.0,100,0.125,0.0,,,-0.01,0.01636,0.00116,0.00019,0.00544,0.63663
2284,2338816,64.68869,101.77778,0.88889,0.92,0.930016,-0.00112,0.172038,0.000816,0.383832,0.002197,0.589829,62.926575,6.738603,61.993778,10.083762,4.0,6.622e-05,9,582,0.04845,0.07292,0.02,0.0,100,0.55556,0.0,,,-0.01,0.01631,0.00058,0.00176,0.00516,0.67704
2285,2339840,73.77195,98.8,1.0,0.92,0.929476,-0.001332,0.027438,0.002497,0.392317,0.023368,0.927787,61.885677,8.79918,62.857361,9.480074,4.0,6.612e-05,10,594,0.04098,0.06337,0.02,0.0,100,0.3,1.0,,,-0.01,0.01584,0.00058,0.00145,0.01037,0.83734
2286,2340864,66.25405,136.5,0.9,0.93,1.004785,-0.001019,0.018491,0.001426,0.360695,0.001814,0.91386,64.310188,7.100882,64.995728,7.248634,4.0,6.602e-05,10,560,0.0495,0.07355,0.02,0.0,100,0.4,0.66667,,,-0.01,0.01628,0.0006,0.00134,0.00753,0.69957
2287,2341888,73.56232,101.6,1.0,0.94,0.998961,-0.001902,0.016246,0.002199,0.390661,0.019148,0.603601,66.376831,3.41511,67.121338,3.218361,4.0,6.591e-05,10,560,0.04854,0.07624,0.02,0.0,100,0.3,1.0,,,-0.01,0.01669,0.00143,0.00052,0.00855,0.75059
2288,2342912,73.90164,97.44444,1.0,0.95,0.942389,-0.001788,0.026812,0.003497,0.244299,0.039551,0.476496,67.182068,3.9441,67.470703,3.60301,4.0,6.581e-05,9,569,0.04639,0.07368,0.01,0.0,100,0.11111,0.5,,,-0.01,0.01773,0.00075,0.00237,0.00712,0.71719
2289,2343936,72.89565,105.45455,1.0,0.95,0.900074,-0.00146,0.019571,0.002715,0.29864,0.023577,0.441135,67.563438,3.607624,68.12735,3.113448,4.0,6.571e-05,11,536,0.04667,0.07701,0.01,0.0,100,0.45455,0.66667,,,-0.01,0.01473,0.00136,-0.00084,0.0078,0.91279
2290,2344960,73.47646,98.08333,1.0,0.95,1.024701,-0.002149,0.007919,0.003243,0.271301,0.034459,0.672539,68.139,2.73977,68.424004,2.500976,4.0,6.561e-05,12,566,0.0528,0.08072,0.01,0.0,100,0.25,1.0,,,-0.01,0.01593,0.0014,-0.00206,0.00643,0.91928
2291,2345984,73.60965,98.0,1.0,0.96,0.997171,-0.002799,0.003431,0.002767,0.269444,0.031215,0.792856,68.831749,2.160506,69.078812,2.019291,4.0,6.55e-05,9,558,0.04189,0.06559,0.01,0.0,100,0.22222,1.0,,,-0.01,0.01855,0.00088,0.00178,0.00753,0.67746
2292,2347008,73.61828,101.85714,1.0,0.98,0.951283,-0.001024,0.013638,0.002163,0.188845,0.017264,0.411319,69.206505,2.808471,69.031029,2.402269,4.0,6.54e-05,7,582,0.05156,0.07725,0.01,0.0,100,0.14286,1.0,,,-0.01,0.0171,0.00012,0.00117,0.00371,0.58492
2293,2348032,58.74476,110.09091,0.81818,0.96,0.900956,-0.00136,0.322292,0.002377,0.95624,0.024693,0.456925,67.885262,5.546858,65.407814,11.857067,4.0,6.53e-05,11,587,0.04701,0.07553,0.01,0.0,100,0.63636,1.0,,,-0.01,0.01715,0.00069,-0.00029,0.00115,0.76016
2294,2349056,73.40311,106.27273,1.0,0.97,1.016412,-0.00237,0.0132,0.004019,0.355867,0.046631,0.676329,65.873795,2.288466,66.25058,2.957409,4.0,6.52e-05,11,534,0.0566,0.08482,0.01,0.0,100,0.18182,1.0,,,-0.01,0.01758,0.00114,4e-05,0.00462,0.84409
2295,2350080,65.06618,108.66667,0.88889,0.96,0.942975,-0.000794,0.145241,0.002331,0.486853,0.009661,0.504299,66.116707,4.47822,65.228546,8.839023,4.0,6.509e-05,9,532,0.04324,0.06876,0.01,0.0,100,0.33333,1.0,,,-0.01,0.01858,0.00025,-0.00076,0.0045,0.64215
2296,2351104,73.46855,96.18182,1.0,0.97,1.020928,-0.001268,0.019727,0.001938,0.417382,0.010184,0.530533,66.201042,3.196043,67.170761,3.037659,4.0,6.499e-05,11,559,0.04438,0.07118,0.0,0.0,100,0.36364,0.0,,,-0.01,0.01669,0.00108,-0.00049,0.01184,0.82784
2297,2352128,67.22019,96.66667,0.91667,0.96,0.999605,-0.001068,0.152881,0.001738,0.452746,0.006975,0.640606,66.372482,6.565253,65.555336,10.205297,4.0,6.489e-05,12,558,0.04354,0.06994,0.0,0.0,100,0.25,1.0,,,-0.01,0.01703,0.00034,-0.00071,0.00569,0.85552
2298,2353152,73.21992,98.5,1.0,0.96,0.898416,-0.001289,0.104493,0.00097,0.366294,0.002267,0.621739,63.318775,8.537749,63.643986,8.187299,4.0,6.479e-05,8,590,0.03689,0.06256,0.0,0.0,100,0.375,0.0,,,-0.01,0.01646,0.00094,0.00077,0.0034,0.68659
2299,2354176,73.4926,103.375,1.0,0.96,0.880593,-0.001097,0.067762,0.001984,0.309305,0.012381,0.846007,63.135864,9.126128,62.666847,10.210823,4.0,6.468e-05,8,585,0.02749,0.04394,0.0,0.0,100,0.25,1.0,,,-0.01,0.01406,0.00051,0.00076,0.00782,0.68365
2300,2355200,62.41024,107.14286,0.85714,0.95,0.805761,-0.000978,0.163194,0.001092,0.400634,0.005999,0.831603,58.559521,13.590024,57.604298,15.463584,4.0,6.458e-05,7,553,0.05256,0.08576,0.0,0.0,100,0.42857,1.0,,,-0.01,0.01362,0.00146,-0.00094,0.00563,0.61112
2301,2356224,53.19136,177.5,0.75,0.93,1.015407,-0.0021,0.216566,0.003307,0.503658,0.036656,0.58442,61.809345,9.93078,60.869751,11.328756,4.0,6.448e-05,8,570,0.04059,0.06643,0.01,0.0,100,0.75,0.75,,,-0.01,0.01439,0.00097,0.00048,0.00282,0.48839
2302,2357248,65.01099,105.0,0.88889,0.92,1.002834,-0.001371,0.18076,0.001894,0.337129,0.016985,0.534925,61.260227,6.294665,60.550468,9.65849,4.0,6.438e-05,9,563,0.05011,0.08038,0.01,0.0,100,0.33333,0.0,,,-0.01,0.01586,0.00095,0.00037,0.00556,0.65277
2303,2358272,72.17177,135.25,1.0,0.92,1.009707,-0.001829,0.123133,0.001342,0.326551,0.010428,0.599135,59.755184,9.335415,60.278267,8.900153,4.0,6.428e-05,8,578,0.04818,0.07801,0.01,0.0,100,0.5,0.0,,,-0.01,0.01439,0.00101,0.00066,0.00603,0.6506
2304,2359296,63.3836,124.0,0.875,0.93,1.007363,-0.000831,0.121665,0.001591,0.249065,0.015137,0.679543,61.091408,6.909539,61.052307,9.616015,4.0,6.417e-05,8,591,0.03928,0.06393,0.01,0.0,100,0.25,1.0,,,-0.01,0.01575,0.00051,0.00125,0.00872,0.57346
2305,2360320,73.53999,110.14286,1.0,0.93,0.963278,-0.001892,0.033046,0.002253,0.285394,0.016602,0.870772,61.252323,7.262677,61.729858,7.908411,4.0,6.407e-05,7,599,0.03587,0.06047,0.01,0.0,100,0.28571,0.0,,,-0.01,0.01455,0.00073,0.00172,0.00581,0.60039
2306,2361344,65.34915,110.4,0.9,0.92,0.873413,-0.001745,0.14896,0.003007,0.433979,0.027239,0.783237,59.275921,10.287654,58.24229,12.827134,4.0,6.397e-05,10,554,0.03975,0.06704,0.01,0.0,100,0.5,0.0,,,-0.01,0.01357,0.00106,-0.00047,0.00073,0.89019
2307,2362368,64.04987,171.55556,0.88889,0.92,1.071747,-0.001544,0.033421,0.003284,0.429302,0.028669,0.881794,60.174675,8.183323,61.268879,8.317736,4.0,6.387e-05,9,588,0.04086,0.06257,0.02,0.0,100,0.44444,0.0,,,-0.01,0.01407,0.00048,-0.00038,0.00884,0.63322
2308,2363392,72.64059,117.375,1.0,0.92,1.084152,-0.001766,0.026057,0.003302,0.448126,0.029994,0.708302,63.257,4.788568,64.098923,4.755108,4.0,6.376e-05,8,583,0.03791,0.06354,0.02,0.0,100,0.25,0.0,,,-0.01,0.01345,0.00045,-0.0022,0.008,0.62192
2309,2364416,72.71664,121.375,1.0,0.92,1.102507,-0.001206,0.053791,0.001959,0.2252,0.009382,0.505343,64.224312,4.727866,64.458855,5.116077,4.0,6.366e-05,8,554,0.04144,0.06408,0.02,0.0,100,0.625,0.0,,,-0.01,0.01455,0.00082,0.00157,0.00433,0.6155
2310,2365440,64.32049,114.55556,0.88889,0.92,1.018833,-0.000784,0.062694,0.001095,0.213643,0.004639,0.673113,64.548653,5.014598,64.915886,6.752111,4.0,6.356e-05,9,523,0.04083,0.06687,0.02,0.0,100,0.44444,1.0,,,-0.01,0.01493,0.00057,0.00088,0.00378,0.6416
2311,2366464,72.19592,126.57143,1.0,0.92,0.957414,-0.001121,0.045779,0.001186,0.302943,0.003941,0.362159,65.219711,5.328496,65.642105,4.346541,4.0,6.346e-05,7,577,0.04075,0.06774,0.02,0.0,100,0.28571,1.0,,,-0.01,0.01352,0.0009,-0.0008,0.00309,0.5997
2312,2367488,72.29418,129.88889,1.0,0.93,1.0651,-0.001807,0.010898,0.001271,0.248836,0.00858,0.745712,66.435043,3.459311,66.693382,3.269157,4.0,6.335e-05,9,521,0.03946,0.05841,0.02,0.0,100,0.44444,1.0,,,-0.01,0.01412,0.00032,0.00214,0.00923,0.69558
2313,2368512,72.60837,124.42857,1.0,0.95,0.955175,-0.001474,0.013922,0.001201,0.243677,0.01123,0.563508,66.868431,3.832475,67.292076,2.944916,4.0,6.325e-05,7,585,0.04031,0.06389,0.01,0.0,100,0.28571,1.0,,,-0.01,0.01383,0.00147,0.00165,0.00732,0.58394
2314,2369536,72.49324,130.875,1.0,0.95,1.04793,-0.00223,0.006842,0.001742,0.249113,0.008824,0.674793,67.855042,2.623191,68.031235,2.343056,4.0,6.315e-05,8,558,0.04115,0.06618,0.01,0.0,100,0.375,1.0,,,-0.01,0.01283,0.00098,-0.00215,0.00975,0.61079
2315,2370560,73.07893,108.18182,1.0,0.97,0.970029,-0.001959,0.006424,0.002728,0.24204,0.020647,0.673777,68.07476,2.581521,68.348106,2.228374,4.0,6.305e-05,11,580,0.03448,0.05804,0.01,0.0,100,0.09091,0.5,,,-0.01,0.01406,0.00135,-0.00021,0.00743,0.87429
2316,2371584,73.33802,103.7,1.0,0.97,0.987136,-0.001847,0.004043,0.00209,0.26359,0.01144,0.756644,68.297783,2.198985,68.615685,2.00748,4.0,6.294e-05,10,484,0.03467,0.05548,0.01,0.0,100,0.1,1.0,,,-0.01,0.01685,0.00079,0.0017,0.00884,0.77609
2317,2372608,73.92974,99.5,1.0,0.97,1.016267,-0.002726,0.008059,0.003066,0.273126,0.037702,0.577861,68.787666,2.286247,68.828865,2.154935,4.0,6.284e-05,8,517,0.04062,0.06472,0.01,0.0,100,0.125,0.0,,,-0.01,0.01585,0.00067,-0.00129,0.00814,0.6118
2318,2373632,73.01787,110.3,1.0,0.99,1.029536,-0.002014,0.003145,0.002181,0.227539,0.013602,0.767766,68.910103,1.926625,68.88105,1.818292,4.0,6.274e-05,10,470,0.05223,0.07889,0.0,0.0,100,0.3,1.0,,,-0.01,0.01489,0.00102,0.00165,0.00914,0.7736
2319,2374656,59.48675,103.63636,0.81818,0.97,0.94503,-0.001302,0.379457,0.002291,1.274038,0.02124,0.244443,68.123154,3.404756,65.182594,10.7139,4.0,6.264e-05,11,583,0.05433,0.08683,0.0,0.0,100,0.45455,1.0,,,-0.01,0.0154,0.00139,-0.00027,0.00091,0.76051
2320,2375680,72.46416,129.75,1.0,0.97,0.945875,-0.001217,0.01421,0.000952,0.469327,0.008371,0.790011,64.825539,3.369747,65.253654,3.633414,4.0,6.253e-05,8,597,0.05107,0.07475,0.0,0.0,100,0.375,1.0,,,-0.01,0.01897,0.00037,0.00144,0.00703,0.67313
2321,2376704,73.27393,120.25,1.0,0.98,1.075913,-0.002209,0.004068,0.002553,0.287935,0.022775,0.750174,66.635704,1.493282,66.865234,1.933338,4.0,6.243e-05,8,563,0.04689,0.06799,0.0,0.0,100,0.25,0.0,,,-0.01,0.01665,0.00056,0.00221,0.00862,0.60273
2322,2377728,73.40763,118.375,1.0,0.98,1.070381,-0.001301,0.023212,0.001609,0.220448,0.008789,0.466169,66.789848,2.152584,66.739319,3.196361,4.0,6.233e-05,8,575,0.04361,0.06935,0.0,0.0,100,0.25,0.33333,,,-0.01,0.01831,0.00123,0.00159,0.00734,0.61665
2323,2378752,72.36581,135.16667,1.0,0.98,0.991751,-0.00123,0.013713,0.00251,0.204959,0.018694,0.281809,66.97393,2.532456,66.720375,2.145053,4.0,6.223e-05,6,558,0.06054,0.09317,0.0,0.0,100,0.66667,0.66667,,,-0.01,0.01514,0.00064,0.00168,0.0054,0.52247
2324,2379776,72.98447,130.14286,1.0,0.98,1.026683,-0.001278,0.007715,0.002086,0.203779,0.011544,0.642705,66.252068,1.919553,66.295341,2.273664,4.0,6.212e-05,7,599,0.0534,0.07895,0.0,0.0,100,0.57143,1.0,,,-0.01,0.01825,0.00094,-0.00124,0.00672,0.57393
2325,2380800,65.30059,155.11111,0.88889,0.97,0.983732,-0.001366,0.007648,0.000654,0.210627,0.000384,0.814036,66.072281,2.666,66.004387,3.167426,4.0,6.202e-05,9,608,0.05122,0.07888,0.01,0.0,100,0.33333,1.0,,,-0.01,0.01629,0.00069,0.00037,0.00603,0.68323
2326,2381824,73.65281,108.71429,1.0,0.97,0.920481,-0.001742,0.039667,0.001788,0.239685,0.02138,0.445613,65.102821,4.547075,64.989761,4.243635,4.0,6.192e-05,7,597,0.05066,0.0782,0.01,0.0,100,0.28571,0.0,,,-0.01,0.01872,0.00058,0.00202,0.00356,0.62084
2327,2382848,71.71727,142.5,1.0,0.97,0.775055,-0.001894,0.00691,0.00245,0.296483,0.027832,0.806482,65.4384,2.41637,64.932793,2.799239,4.0,6.182e-05,4,662,0.04452,0.06202,0.01,0.0,100,0.75,1.0,,,-0.01,0.01602,0.0,0.0028,0.00476,0.43814
2328,2383872,72.31091,141.4,1.0,0.97,0.844504,-0.001084,0.014914,0.000633,0.313916,0.001918,0.869287,62.972466,4.668447,62.382629,5.3258,4.0,6.172e-05,5,671,0.04789,0.07351,0.01,0.0,100,0.4,1.0,,,-0.01,0.01177,0.00043,-0.00122,0.00235,0.51965
2329,2384896,45.21959,247.25,0.625,0.94,1.006339,-0.001149,0.024004,0.000846,0.212271,0.001081,0.824539,62.827911,5.503099,62.694988,5.800059,4.0,6.161e-05,8,600,0.06619,0.09468,0.04,0.0,100,0.625,1.0,,,-0.01,0.01606,0.00063,0.00172,0.00493,0.42519
2330,2385920,72.2836,131.875,1.0,0.94,0.96127,-0.002574,0.027367,0.002487,0.23714,0.030448,0.480437,64.191696,3.248453,64.197067,3.592268,4.0,6.151e-05,8,521,0.0584,0.09508,0.04,0.0,100,0.375,1.0,,,-0.01,0.01786,0.00091,-0.0004,-0.0008,0.69116
2331,2386944,62.31407,130.0,0.875,0.93,1.012459,-0.001439,0.175193,0.001538,0.453237,0.008196,0.33803,63.478619,3.581695,62.407112,7.957811,4.0,6.141e-05,8,568,0.07761,0.11924,0.04,0.0,100,0.5,0.75,,,-0.01,0.01826,0.00196,-0.0009,-0.00057,0.59227
2332,2387968,72.26016,134.25,1.0,0.93,0.997953,-0.002056,0.018926,0.001686,0.369387,0.010568,0.558311,62.638908,2.687049,63.437317,3.105756,4.0,6.131e-05,8,568,0.06101,0.09456,0.04,0.0,100,0.75,0.5,,,-0.01,0.01743,0.00163,-0.0002,0.00506,0.65315
2333,2388992,73.35938,112.14286,1.0,0.95,1.057858,-0.002272,0.030479,0.000912,0.248312,0.003313,0.686006,64.421089,3.419808,64.570984,4.780022,4.0,6.12e-05,7,574,0.0581,0.08974,0.04,0.0,100,0.42857,0.0,,,-0.01,0.01411,0.00105,0.00012,0.00684,0.54995
2334,2390016,63.10314,120.25,0.875,0.94,0.941665,-0.001014,0.02844,0.000747,0.192295,0.002965,0.628254,63.865681,3.628272,64.18824,4.23464,4.0,6.11e-05,8,605,0.0541,0.09017,0.04,0.0,100,0.5,0.8,,,-0.01,0.01629,0.00113,-0.00139,0.00268,0.60253
2335,2391040,64.65148,129.88889,0.88889,0.93,0.935218,-0.0007,0.153789,0.000747,0.45534,0.004185,0.368187,64.572914,3.3499,63.831318,8.002321,4.0,6.1e-05,9,563,0.04564,0.07235,0.04,0.0,100,0.55556,1.0,,,-0.01,0.01609,0.00097,0.00096,0.00652,0.70652
2336,2392064,73.39138,110.33333,1.0,0.93,0.959475,-0.002336,0.022556,0.002089,0.257676,0.016288,0.764149,63.292641,4.116682,63.589237,4.762484,4.0,6.09e-05,9,588,0.0487,0.07866,0.04,0.0,100,0.44444,0.0,,,-0.01,0.01688,0.0007,0.00055,0.00644,0.79161
2337,2393088,61.21769,122.57143,0.85714,0.92,0.922883,-0.000623,0.199104,0.00137,0.340364,0.010986,0.452336,62.58836,6.042577,61.774792,9.256339,4.0,6.079e-05,7,605,0.05491,0.08694,0.04,0.0,100,0.85714,0.0,,,-0.01,0.0163,0.00036,0.00083,0.00377,0.5233
2338,2394112,55.11089,149.0,0.75,0.9,1.005399,-0.001414,0.16375,0.001748,0.4825,0.012521,0.417262,63.649548,4.03269,62.690601,8.339302,4.0,6.069e-05,8,543,0.05182,0.08057,0.05,0.0,100,0.5,1.0,,,-0.01,0.01532,0.00088,0.00201,0.0029,0.48812
2339,2395136,73.04502,115.55556,1.0,0.91,1.004805,-0.001047,0.027898,0.00111,0.332761,0.004185,0.594699,62.747021,3.500069,63.53928,3.907478,4.0,6.059e-05,9,590,0.04205,0.06644,0.04,0.0,100,0.22222,1.0,,,-0.01,0.0146,0.00077,0.00072,0.00937,0.7234
2340,2396160,73.0392,131.25,1.0,0.91,1.045216,-0.001413,0.028373,0.000453,0.345333,0.000349,0.608621,63.529659,3.856524,64.140083,4.165723,4.0,6.049e-05,8,574,0.04843,0.0731,0.04,0.0,100,0.125,1.0,,,-0.01,0.01511,0.00117,0.00171,0.00886,0.602
2341,2397184,72.90668,116.3,1.0,0.94,1.008545,-0.000831,0.030397,0.001092,0.376705,0.003592,0.432565,64.352829,3.940382,65.209824,3.679559,4.0,6.038e-05,10,532,0.04541,0.07447,0.01,0.0,100,0.2,1.0,,,-0.01,0.01586,0.00042,-0.0002,0.00845,0.79496
2342,2398208,72.77233,112.25,1.0,0.94,0.981569,-0.001862,0.023325,0.001299,0.246228,0.01123,0.744077,64.726723,4.141319,64.862595,4.670115,4.0,6.028e-05,8,586,0.05126,0.07976,0.01,0.0,100,0.375,1.0,,,-0.01,0.01257,0.00124,-0.00445,0.00485,0.6572
2343,2399232,73.07112,107.3,1.0,0.95,0.96823,-0.000878,0.012768,0.000763,0.216767,0.002197,0.89572,64.384804,4.805498,64.706505,5.432089,4.0,6.018e-05,10,592,0.05367,0.08109,0.01,0.0,100,0.3,0.66667,,,-0.01,0.01594,0.00088,0.00143,0.00517,0.8406
2344,2400256,71.70381,146.14286,1.0,0.95,1.004025,-0.001224,0.024455,0.000912,0.218353,0.003453,0.731212,65.098228,4.899075,65.40139,4.663048,4.0,6.008e-05,7,586,0.05179,0.07865,0.01,0.0,100,0.42857,1.0,,,-0.01,0.01497,0.00093,0.00031,0.00759,0.5593
2345,2401280,44.00354,111.625,0.625,0.93,0.974243,-0.000448,0.423668,0.0001,1.025061,0.0,0.369219,65.749924,5.377159,63.024662,12.526261,4.0,5.997e-05,8,589,0.04635,0.07505,0.01,0.0,100,0.625,1.0,,,-0.01,0.01493,0.00096,-0.00068,0.00496,0.40367
2346,2402304,74.03889,102.57143,1.0,0.93,1.018409,-0.002076,0.024385,0.001654,0.286534,0.011858,0.817955,61.889706,4.568085,61.94622,5.51034,4.0,5.987e-05,7,591,0.04178,0.06662,0.01,0.0,100,0.14286,1.0,,,-0.01,0.01452,0.00061,0.0023,0.00448,0.56897
2347,2403328,64.46342,161.55556,0.88889,0.93,0.934778,-0.001789,0.082343,0.001361,0.249735,0.009382,0.653208,60.594547,6.831898,60.657112,7.575718,4.0,5.977e-05,9,568,0.05531,0.08819,0.02,0.0,100,0.66667,0.66667,,,-0.01,0.01442,0.00101,0.00142,0.00507,0.69371
2348,2404352,72.622,124.66667,1.0,0.93,0.999035,-0.000779,0.039819,0.000968,0.36141,0.000488,0.436076,61.995342,4.350016,62.828266,4.297085,4.0,5.967e-05,9,598,0.05165,0.08345,0.02,0.0,100,0.33333,1.0,,,-0.01,0.01695,0.00068,0.00068,0.00463,0.75511
2349,2405376,72.83237,109.88889,1.0,0.95,1.015516,-0.001809,0.043927,0.001067,0.438432,0.002023,0.544633,62.872654,4.099944,63.870251,4.892651,4.0,5.956e-05,9,582,0.05002,0.07734,0.01,0.0,100,0.33333,1.0,,,-0.01,0.01801,0.0004,0.0011,0.00449,0.72218
2350,2406400,64.93781,107.44444,0.88889,0.95,1.1171,-0.000483,0.078856,0.001267,0.22277,0.002895,0.557654,64.618294,4.057431,64.920746,6.493439,4.0,5.946e-05,9,553,0.05673,0.08586,0.01,0.0,100,0.33333,1.0,,,-0.01,0.0155,0.00089,-0.00081,0.00498,0.61022
2351,2407424,72.75488,118.875,1.0,0.95,1.030612,-0.001636,0.020979,0.001095,0.308655,0.006348,0.772202,64.710472,4.623854,65.26368,4.6483,4.0,5.936e-05,8,584,0.04782,0.07679,0.01,0.0,100,0.625,1.0,,,-0.01,0.01665,0.00108,0.00097,0.00876,0.63339
2352,2408448,73.09444,114.0,1.0,0.95,1.052887,-0.001737,0.011927,0.001686,0.353905,0.0128,0.762317,65.917809,3.928884,66.583961,3.541637,4.0,5.926e-05,9,570,0.04793,0.07638,0.01,0.0,100,0.11111,1.0,,,-0.01,0.01656,0.00063,-0.00159,0.00548,0.70891
2353,2409472,72.97613,116.44444,1.0,0.95,1.016455,-0.001551,0.02377,0.0006,0.276961,0.001744,0.449025,66.872383,3.875215,67.346725,3.28132,4.0,5.916e-05,9,556,0.04624,0.07892,0.01,0.0,100,0.11111,0.33333,,,-0.01,0.01637,0.00169,0.00089,0.00648,0.71838
2354,2410496,67.49828,103.07692,0.92308,0.94,1.08601,-0.001279,0.191024,0.001549,0.413218,0.016602,0.30478,67.587967,3.498354,66.738503,8.126937,4.0,5.905e-05,13,557,0.05507,0.08721,0.01,0.0,100,0.61538,1.0,,,-0.01,0.01789,0.00132,0.00041,0.00472,0.90925
2355,2411520,73.48499,114.71429,1.0,0.94,1.00955,-0.002171,0.026611,0.002027,0.258912,0.023333,0.474137,66.014343,3.875341,66.238625,3.397864,4.0,5.895e-05,7,593,0.06294,0.09926,0.01,0.0,100,0.28571,1.0,,,-0.01,0.01697,0.00072,-0.00045,0.00535,0.58708
2356,2412544,64.74113,119.0,0.9,0.95,1.031578,-0.001766,0.196718,0.00436,0.456462,0.057164,0.323703,66.329117,3.91064,65.363991,8.244627,4.0,5.885e-05,10,537,0.04341,0.07088,0.01,0.0,100,0.2,1.0,,,-0.01,0.01643,0.00074,-0.00146,0.00319,0.70656
2357,2413568,72.83578,110.85714,1.0,0.96,0.968335,-0.00214,0.021719,0.002526,0.231489,0.017473,0.697853,64.372597,3.733089,64.473984,4.101173,4.0,5.875e-05,7,461,0.0429,0.06734,0.01,0.0,100,0.14286,1.0,,,-0.01,0.01606,0.00107,-0.00225,0.00471,0.58423
2358,2414592,61.01521,134.0,0.85714,0.95,0.888458,-0.000576,0.186102,0.001977,0.434356,0.022391,0.4357,64.006287,5.413564,62.994244,8.896483,4.0,5.864e-05,7,461,0.04367,0.07217,0.01,0.0,100,0.42857,1.0,,,-0.01,0.01669,0.00056,9e-05,0.00351,0.54025
2359,2415616,62.28837,110.85714,0.85714,0.95,0.991793,-0.001602,0.159653,0.002062,0.526055,0.016706,0.641063,62.224697,7.018633,61.077263,10.236881,4.0,5.854e-05,7,539,0.04425,0.07049,0.0,0.0,100,0.57143,0.0,,,-0.01,0.01388,0.00055,0.00025,0.00394,0.51345
2360,2416640,62.63987,176.75,0.875,0.94,1.038694,-0.001506,0.034859,0.002195,0.272199,0.020752,0.840565,60.778904,6.735902,60.899364,7.152462,4.0,5.844e-05,8,604,0.05152,0.0786,0.01,0.0,100,0.625,0.66667,,,-0.01,0.01535,0.00056,0.00065,0.00093,0.6101
2361,2417664,72.22826,147.71429,1.0,0.95,1.074016,-0.001896,0.042498,0.004018,0.27751,0.042306,0.455784,62.571064,4.292685,62.911846,4.433416,4.0,5.834e-05,7,577,0.04619,0.07018,0.01,0.0,100,0.14286,0.0,,,-0.01,0.01732,0.00085,0.00165,0.00472,0.55582
2362,2418688,72.08662,142.5,1.0,0.95,1.117717,-0.001483,0.023235,0.000839,0.230175,0.002093,0.29733,63.311184,3.313404,63.424664,2.931888,4.0,5.823e-05,4,594,0.04464,0.06777,0.01,0.0,100,0.75,1.0,,,-0.01,0.01465,0.00088,0.00056,0.00654,0.31994
2363,2419712,71.52844,166.57143,1.0,0.95,1.200534,-0.001572,0.020273,0.0026,0.180717,0.022984,0.516637,63.263641,3.238031,63.348957,3.208272,4.0,5.813e-05,7,570,0.04029,0.05566,0.01,0.0,100,0.42857,0.66667,,,-0.01,0.01642,0.00029,0.00156,0.00241,0.51067
2364,2420736,72.02332,152.0,1.0,0.95,1.120049,-0.002528,0.011534,0.004166,0.322232,0.045794,0.758604,63.575176,3.312804,64.058693,3.409902,4.0,5.803e-05,8,534,0.05906,0.08827,0.01,0.0,100,0.375,0.875,,,-0.01,0.01601,0.00134,0.00023,0.00802,0.62868
2365,2421760,64.26941,124.66667,0.88889,0.94,1.116961,-0.000981,0.187652,0.002583,0.341916,0.015311,0.294158,63.887371,3.520485,63.072639,7.885838,4.0,5.793e-05,9,563,0.05772,0.08394,0.01,0.0,100,0.55556,1.0,,,-0.01,0.01565,0.00127,-0.00111,0.00262,0.6159
2366,2422784,72.69132,118.4,1.0,0.94,1.059319,-0.001203,0.034047,0.001287,0.332738,0.00558,0.551592,62.666599,4.090881,63.48653,4.16624,4.0,5.782e-05,10,562,0.05586,0.08634,0.01,0.0,100,0.4,1.0,,,-0.01,0.01795,0.00094,0.00083,0.00382,0.79823
2367,2423808,72.7161,121.55556,1.0,0.95,1.039968,-0.001284,0.016772,0.000754,0.350248,0.000453,0.683637,64.48214,3.680229,65.130196,3.607528,4.0,5.772e-05,9,579,0.05113,0.08344,0.01,0.0,100,0.44444,1.0,,,-0.01,0.01696,0.00075,0.00185,0.0032,0.72266
2368,2424832,62.46267,125.0,0.85714,0.94,1.078836,-0.00073,0.185493,0.000928,0.422759,0.000209,0.311868,65.413475,3.980422,64.427246,8.033424,4.0,5.762e-05,7,578,0.05023,0.07264,0.01,0.0,100,0.28571,0.0,,,-0.01,0.01687,0.00062,0.00018,0.00463,0.47323
2369,2425856,72.50864,126.57143,1.0,0.94,1.012991,-0.002921,0.012127,0.00185,0.262473,0.017055,0.75362,64.733711,3.347085,65.011795,3.344949,4.0,5.752e-05,7,602,0.05137,0.07572,0.01,0.0,100,0.28571,1.0,,,-0.01,0.01499,0.00019,-0.00078,0.00532,0.5817
2370,2426880,62.1623,150.5,0.875,0.94,0.999051,-0.00075,0.163138,0.000787,0.357114,0.001988,0.411285,64.53373,3.759961,63.868587,8.158278,4.0,5.741e-05,8,574,0.05076,0.07393,0.01,0.0,100,0.375,1.0,,,-0.01,0.01831,0.00047,0.00224,0.00545,0.56238
2371,2427904,74.1604,103.66667,1.0,0.95,1.094616,-0.002322,0.009607,0.002768,0.392618,0.026786,0.8102,64.257805,2.672738,65.110039,3.202542,4.0,5.731e-05,9,567,0.05334,0.08054,0.01,0.0,100,0.22222,1.0,,,-0.01,0.01705,0.0006,0.00209,0.01037,0.68487
2372,2428928,73.32847,109.8,1.0,0.97,1.103166,-0.001407,0.011569,0.00251,0.362186,0.019217,0.749075,65.078163,2.973286,65.717354,3.227692,4.0,5.721e-05,10,561,0.05433,0.08418,0.0,0.0,100,0.3,1.0,,,-0.01,0.01666,0.0007,0.00083,0.00695,0.76856
2373,2429952,72.91554,114.5,1.0,0.97,0.904739,-0.000952,0.036005,0.001647,0.284396,0.007045,0.585381,64.196899,4.965916,64.840683,4.567703,4.0,5.711e-05,8,603,0.04612,0.07532,0.0,0.0,100,0.625,1.0,,,-0.01,0.01889,0.00064,0.00053,0.00217,0.71379
2374,2430976,61.58934,123.57143,0.85714,0.96,0.935198,-0.001339,0.197051,0.001106,0.443377,0.009801,0.215042,66.024208,3.663691,64.979134,7.645682,4.0,5.7e-05,7,604,0.05717,0.09336,0.0,0.0,100,0.28571,0.0,,,-0.01,0.01803,0.00069,-0.00038,-0.00105,0.51868
2375,2432000,71.70144,135.25,1.0,0.96,1.076943,-0.001333,0.02196,0.001493,0.243085,0.010498,0.474023,64.528969,3.225196,64.696342,3.222004,4.0,5.69e-05,8,586,0.07258,0.09889,0.0,0.0,100,0.625,1.0,,,-0.01,0.01708,0.00108,-0.00166,0.0034,0.66543
2376,2433024,59.13317,139.66667,0.83333,0.95,1.188441,-0.000898,0.151348,0.000919,0.439867,0.003278,0.308374,65.260727,2.830752,64.165512,7.105623,4.0,5.68e-05,6,530,0.07996,0.10677,0.0,0.0,100,0.5,0.66667,,,-0.01,0.01471,0.00132,-0.0023,0.00311,0.38634
2377,2434048,52.46548,164.875,0.75,0.93,1.169039,-0.001917,0.233434,0.003441,0.683077,0.042446,0.421789,63.146198,3.977748,61.55106,9.819542,4.0,5.67e-05,8,540,0.06363,0.09209,0.0,0.0,100,0.625,0.85714,,,-0.01,0.01635,0.0009,0.00165,0.00216,0.4497
2378,2435072,73.39505,125.625,1.0,0.94,1.198935,-0.001749,0.020902,0.00122,0.333412,0.007917,0.707992,61.603001,2.9856,62.158569,4.092746,4.0,5.66e-05,8,558,0.05095,0.07724,0.0,0.0,100,0.375,1.0,,,-0.01,0.01733,0.00109,0.00031,0.00611,0.58897
2379,2436096,73.0228,120.75,1.0,0.94,1.091315,-0.001731,0.079922,0.00178,0.261812,0.010254,0.470098,62.017082,3.745759,61.970005,5.999052,4.0,5.649e-05,8,573,0.0532,0.07934,0.0,0.0,100,0.25,1.0,,,-0.01,0.01645,0.00044,0.00176,0.00618,0.62181
2380,2437120,62.15286,113.71429,0.85714,0.93,1.02765,-0.000717,0.129769,0.000556,0.236598,0.000279,0.565165,60.166821,6.650644,60.521687,8.409059,4.0,5.639e-05,7,585,0.04618,0.07333,0.0,0.0,100,0.42857,0.0,,,-0.01,0.01719,0.00075,-0.00158,0.00353,0.49498
2381,2438144,72.21236,127.0,1.0,0.94,1.085952,-0.001204,0.028487,0.001136,0.516584,0.007603,0.576023,62.096531,3.942929,63.310097,3.999305,4.0,5.629e-05,9,580,0.04646,0.07039,0.0,0.0,100,0.55556,0.75,,,-0.01,0.01677,0.00133,0.00098,0.00723,0.70606
2382,2439168,73.51098,116.125,1.0,0.95,1.107999,-0.002758,0.016737,0.003414,0.35623,0.034877,0.780937,63.553669,4.115331,64.099792,4.232754,4.0,5.619e-05,8,555,0.04661,0.07084,0.0,0.0,100,0.25,0.0,,,-0.01,0.01768,0.00031,0.0028,0.0056,0.61417
2383,2440192,73.22312,116.36364,1.0,0.95,1.088192,-0.001449,0.018754,0.002143,0.391934,0.019601,0.684357,65.151558,4.163329,65.96302,3.80844,4.0,5.608e-05,11,570,0.04451,0.06881,0.0,0.0,100,0.27273,1.0,,,-0.01,0.01695,0.00079,0.0023,0.00728,0.86918
2384,2441216,72.59548,142.57143,1.0,0.95,1.107244,-0.001351,0.017776,0.000815,0.266025,0.000558,0.546578,66.38752,3.781326,66.653023,3.187366,4.0,5.598e-05,7,579,0.03717,0.05773,0.0,0.0,100,0.28571,1.0,,,-0.01,0.01618,0.0005,0.00166,0.00536,0.5273
2385,2442240,65.22858,125.5,0.9,0.94,1.041488,-0.0011,0.18673,0.000761,0.433969,0.002825,0.364619,66.789711,3.927102,65.758492,8.311531,4.0,5.588e-05,10,572,0.04759,0.07458,0.0,0.0,100,0.3,1.0,,,-0.01,0.01842,0.00065,0.0001,0.00502,0.69665
2386,2443264,73.82411,100.3,1.0,0.95,1.075552,-0.001666,0.008719,0.000413,0.407353,0.000314,0.835713,65.51442,2.975051,66.526047,3.076657,4.0,5.578e-05,10,560,0.04469,0.07171,0.0,0.0,100,0.2,0.0,,,-0.01,0.01824,0.00112,0.00101,0.00882,0.74892
2387,2444288,73.59311,97.63636,1.0,0.96,1.016473,-0.001267,0.010443,0.001512,0.302922,0.006208,0.714301,66.277618,2.822628,66.933487,2.867645,4.0,5.567e-05,11,552,0.04259,0.07148,0.0,0.0,100,0.36364,0.0,,,-0.01,0.0183,0.00086,-0.0002,0.00366,0.836
2388,2445312,73.51238,103.5,1.0,0.97,1.003187,-0.002018,0.009922,0.000892,0.262849,0.001535,0.677441,68.016518,2.696327,68.30526,2.687844,4.0,5.557e-05,8,552,0.03693,0.05953,0.0,0.0,100,0.0,1.0,,,-0.01,0.01789,0.00079,-0.00309,0.00841,0.60726
2389,2446336,73.27721,95.45455,1.0,0.98,1.025897,-0.001773,0.018693,0.001457,0.244397,0.005336,0.558245,68.256416,2.800652,68.410942,3.148452,4.0,5.547e-05,11,551,0.05043,0.08349,0.0,0.0,100,0.09091,1.0,,,-0.01,0.01623,0.00073,-0.00038,0.00913,0.84717
2390,2447360,67.35689,97.66667,0.91667,0.98,1.030599,-0.000578,0.080881,0.000368,0.139583,0.00014,0.4201,68.158882,2.900168,68.105095,5.720227,4.0,5.537e-05,12,550,0.04434,0.0726,0.0,0.0,100,0.08333,1.0,,,-0.01,0.01852,0.00154,-0.0022,0.00554,0.83271
2391,2448384,73.19165,100.14286,1.0,0.98,0.954782,-0.001025,0.012972,0.000269,0.184851,0.000174,0.537238,68.40023,2.723729,68.458778,2.563071,4.0,5.526e-05,7,589,0.04072,0.06544,0.0,0.0,100,0.28571,0.0,,,-0.01,0.01942,0.0011,-0.0009,0.00749,0.57053
2392,2449408,74.2117,100.6,1.0,0.98,0.935712,-0.002361,0.035223,0.000759,0.386502,0.004464,0.720953,68.206833,5.086614,67.377083,5.374068,4.0,5.516e-05,5,623,0.04006,0.06009,0.0,0.0,100,0.2,1.0,,,-0.01,0.01464,0.00063,0.00068,0.00643,0.43544
2393,2450432,73.17764,99.66667,1.0,0.98,0.85246,-0.00102,0.010751,0.000769,0.323999,0.003627,0.943587,65.461243,6.344345,64.676949,6.542836,4.0,5.506e-05,3,664,0.03854,0.05658,0.0,0.0,100,0.33333,0.0,,,-0.01,0.01183,0.00069,0.00059,0.00301,0.3103
2394,2451456,52.49532,207.71429,0.71429,0.96,0.885861,-0.001995,0.007568,0.001329,0.324654,0.006069,0.971348,64.268112,7.46779,63.690357,7.913577,4.0,5.496e-05,7,628,0.035,0.05664,0.02,0.0,100,0.14286,0.75,,,-0.01,0.01189,0.00107,-0.00304,0.00361,0.47229
2395,2452480,50.76589,221.2,0.7,0.93,0.933484,-0.001721,0.015051,0.002356,0.199572,0.020961,0.947968,63.468884,7.794696,63.451996,8.280223,4.0,5.485e-05,10,599,0.05285,0.08221,0.05,0.0,100,0.2,0.66667,,,-0.01,0.01602,0.00113,-0.00175,0.00505,0.58615
2396,2453504,64.84682,91.5,0.875,0.92,0.9558,-0.000916,0.167978,0.000389,0.332644,0.0,0.385625,66.193253,2.951194,65.548447,8.037087,4.0,5.475e-05,8,567,0.03574,0.05793,0.05,0.0,100,0.125,1.0,,,-0.01,0.01937,0.00093,0.00143,0.00984,0.54334
2397,2454528,73.31267,113.27273,1.0,0.93,0.985891,-0.001427,0.025031,0.001853,0.326972,0.010847,0.426631,64.917374,2.807898,65.63385,3.089108,4.0,5.465e-05,11,567,0.04515,0.07239,0.05,0.0,100,0.09091,1.0,,,-0.01,0.01764,0.00156,0.00019,0.00497,0.84406
2398,2455552,73.3487,100.33333,1.0,0.93,0.871044,-0.001108,0.035061,0.000634,0.267724,0.0,0.40382,65.495628,3.9073,65.933197,3.803197,4.0,5.455e-05,9,582,0.03715,0.06457,0.05,0.0,100,0.11111,1.0,,,-0.01,0.01759,0.00162,-0.00374,0.005,0.73645
2399,2456576,73.36365,98.09091,1.0,0.93,0.958689,-0.001166,0.013856,0.000746,0.288975,0.006801,0.642419,66.54789,2.753718,67.152328,3.01252,4.0,5.444e-05,11,533,0.04195,0.07114,0.05,0.0,100,0.09091,1.0,,,-0.01,0.01736,0.00098,0.00049,0.00923,0.85342
2400,2457600,72.98554,115.66667,1.0,0.93,1.002506,-0.000754,0.021862,0.000567,0.210955,0.000314,0.271578,67.193192,3.39436,67.485291,2.731105,4.0,5.434e-05,9,566,0.04124,0.06396,0.05,0.0,100,0.33333,1.0,,,-0.01,0.01895,0.00052,0.00082,0.00582,0.70142
2401,2458624,74.06959,98.27273,1.0,0.94,0.968548,-0.001712,0.00729,0.001182,0.267644,0.00722,0.685054,67.749344,2.23464,68.186073,2.325547,4.0,5.424e-05,11,553,0.03655,0.06011,0.05,0.0,100,0.18182,0.0,,,-0.01,0.01957,0.00067,0.00095,0.00838,0.8284
2402,2459648,73.56142,95.33333,1.0,0.94,0.948988,-0.00124,0.017676,0.00242,0.20809,0.016392,0.586203,68.22435,2.76501,68.166771,3.146716,4.0,5.414e-05,9,567,0.03663,0.05997,0.05,0.0,100,0.11111,0.0,,,-0.01,0.01798,0.0008,-0.0008,0.00623,0.70325
2403,2460672,72.60021,130.66667,1.0,0.94,1.00938,-0.001527,0.01211,0.001305,0.262633,0.007394,0.579051,68.229744,2.614099,67.818031,2.609716,4.0,5.404e-05,6,576,0.03113,0.05027,0.05,0.0,100,0.33333,1.0,,,-0.01,0.01412,0.00063,-0.00078,0.00423,0.46442
2404,2461696,73.01486,115.66667,1.0,0.94,0.954454,-0.001965,0.009627,0.002178,0.234556,0.026193,0.802422,66.837082,2.925596,66.717064,3.43203,4.0,5.393e-05,9,585,0.03084,0.05145,0.05,0.0,100,0.22222,0.0,,,-0.01,0.01486,0.00089,-0.00169,0.00549,0.74329
2405,2462720,73.35722,116.5,1.0,0.97,0.988017,-0.00265,0.005431,0.002482,0.310194,0.020299,0.92324,66.380997,3.663173,66.536034,4.366023,4.0,5.383e-05,8,549,0.03553,0.05466,0.02,0.0,100,0.0,0.0,,,-0.01,0.01564,0.00048,-0.00041,0.01104,0.6081
2406,2463744,64.70945,142.44444,0.88889,0.98,0.99074,-0.001207,0.011481,0.000764,0.223937,0.001256,0.688709,67.495071,2.894446,67.474892,2.93087,4.0,5.373e-05,9,535,0.0336,0.05536,0.01,0.0,100,0.11111,0.5,,,-0.01,0.01806,0.0002,-0.0014,0.00487,0.63537
2407,2464768,71.65132,121.875,1.0,0.99,0.94483,-0.000592,0.012356,0.002142,0.166157,0.008092,0.360318,67.901237,2.557703,67.799484,2.166653,4.0,5.363e-05,8,597,0.03638,0.05688,0.01,0.0,100,0.5,1.0,,,-0.01,0.0146,0.00034,-0.00437,0.00335,0.66053
2408,2465792,73.20646,96.1,1.0,0.99,0.990536,-0.001705,0.009919,0.002846,0.239439,0.027972,0.505532,67.816887,2.071932,68.049095,2.175948,4.0,5.352e-05,10,549,0.03788,0.06247,0.01,0.0,100,0.1,1.0,,,-0.01,0.01619,0.00081,-0.00127,0.00749,0.78147
2409,2466816,66.17994,132.4,0.9,0.98,0.96934,-0.001843,0.005274,0.001664,0.237093,0.005894,0.708349,68.120293,1.798589,68.154198,2.052558,4.0,5.342e-05,10,578,0.04276,0.07116,0.02,0.0,100,0.5,1.0,,,-0.01,0.01481,0.00151,-0.00198,0.00567,0.7173
2410,2467840,66.29187,100.09091,0.90909,0.97,0.985518,-0.000372,0.19888,0.000973,0.394851,0.001604,0.164298,67.951462,2.066056,66.973686,7.434373,4.0,5.332e-05,11,559,0.04104,0.06953,0.02,0.0,100,0.63636,1.0,,,-0.01,0.01665,0.00083,-0.00128,0.00688,0.76964
2411,2468864,65.83673,96.7,0.9,0.96,0.936403,-0.000994,0.167781,0.001177,0.243441,0.004953,0.19796,66.451134,2.138748,66.092728,7.01305,4.0,5.322e-05,10,532,0.03672,0.0635,0.02,0.0,100,0.4,0.0,,,-0.01,0.01789,0.00072,0.00086,0.00459,0.71342
2412,2469888,73.54551,98.0,1.0,0.96,1.002493,-0.000437,0.031916,0.001226,0.2225,0.007394,-0.000412,65.870049,2.941857,66.238022,2.707645,4.0,5.311e-05,8,570,0.03298,0.05768,0.02,0.0,100,0.5,0.0,,,-0.01,0.01724,0.00092,0.00168,0.00718,0.63146
2413,2470912,73.92975,102.66667,1.0,0.96,1.077478,-0.001492,0.006859,0.001546,0.278267,0.006069,0.683686,66.515846,1.71713,66.742485,2.241105,4.0,5.301e-05,9,563,0.03068,0.05273,0.02,0.0,100,0.22222,0.66667,,,-0.01,0.01784,0.00111,0.00176,0.00775,0.67539
2414,2471936,65.24034,104.55556,0.88889,0.95,1.038531,-0.000322,0.17806,0.000247,0.504574,0.0,0.311962,66.499229,2.612877,65.350586,7.877052,4.0,5.291e-05,9,573,0.03438,0.0573,0.02,0.0,100,0.55556,0.5,,,-0.01,0.01703,0.00112,-9e-05,0.00822,0.61311
2415,2472960,66.37533,136.6,0.9,0.94,0.988162,-0.001322,0.027998,0.001114,0.257375,0.011196,0.52813,64.521507,3.181636,64.969841,3.55546,4.0,5.281e-05,10,566,0.04083,0.06977,0.03,0.0,100,0.2,1.0,,,-0.01,0.01772,0.00096,-0.00179,0.00603,0.70971
2416,2473984,73.05605,114.22222,1.0,0.95,1.050933,-0.00182,0.02588,0.002246,0.234414,0.014753,0.363979,65.65696,3.286414,65.801865,3.157207,4.0,5.27e-05,9,574,0.04415,0.07374,0.02,0.0,100,0.55556,1.0,,,-0.01,0.01465,0.00095,-0.00021,0.00597,0.70617
2417,2475008,72.72328,113.0,1.0,0.95,1.001658,-0.001733,0.012044,0.002162,0.279971,0.013009,0.598012,65.696053,2.270476,66.164665,2.695458,4.0,5.26e-05,10,557,0.03305,0.05893,0.02,0.0,100,0.6,1.0,,,-0.01,0.01669,0.00056,-0.00189,0.00674,0.78178
2418,2476032,73.53284,107.25,1.0,0.95,0.953847,-0.001852,0.046403,0.001165,0.218674,0.010603,0.409907,65.822426,3.714751,65.655937,4.31049,4.0,5.25e-05,8,574,0.03421,0.05904,0.02,0.0,100,0.25,0.0,,,-0.01,0.01867,0.0005,0.00128,0.00506,0.64007
2419,2477056,59.484,109.90909,0.81818,0.93,0.923219,-0.000361,0.192438,0.000238,0.42283,3.5e-05,0.436168,65.219093,3.814891,64.438011,9.120404,4.0,5.24e-05,11,569,0.04776,0.08098,0.02,0.0,100,0.72727,1.0,,,-0.01,0.0177,0.00172,0.00111,0.00556,0.74157
2420,2478080,74.10375,96.875,1.0,0.94,0.987137,-0.001171,0.01692,0.000415,0.316297,0.000453,0.63036,65.297066,2.769684,65.994995,3.045755,4.0,5.229e-05,8,556,0.02623,0.04786,0.01,0.0,100,0.375,0.0,,,-0.01,0.01792,0.00049,-0.00062,0.01039,0.59884
2421,2479104,73.66729,106.0,1.0,0.96,0.872545,-0.00095,0.01624,0.001205,0.270789,0.013951,0.707908,66.176338,3.349614,66.589401,3.57094,4.0,5.219e-05,10,569,0.03488,0.06109,0.01,0.0,100,0.1,1.0,,,-0.01,0.01839,0.00084,0.00175,0.00978,0.87308
2422,2480128,73.8641,102.57143,1.0,0.96,0.882167,-0.001166,0.010881,0.001129,0.182744,0.003069,0.874999,65.907875,4.138096,66.020576,4.729655,4.0,5.209e-05,7,566,0.03109,0.0542,0.01,0.0,100,0.28571,0.0,,,-0.01,0.01873,0.00138,0.002,0.00879,0.59923
2423,2481152,65.13932,143.375,0.875,0.95,0.942857,-0.001579,0.008653,0.001823,0.275143,0.015834,0.950418,65.583641,6.269062,65.29612,6.785154,4.0,5.199e-05,8,578,0.02883,0.05291,0.02,0.0,100,0.125,1.0,,,-0.01,0.01795,0.00065,0.0018,0.00528,0.59894
2424,2482176,63.97221,109.875,0.875,0.94,0.999616,-0.00099,0.162138,0.000569,0.538846,0.000488,0.593038,65.652542,5.64951,64.384628,9.629348,4.0,5.188e-05,8,571,0.03479,0.05798,0.02,0.0,100,0.375,0.0,,,-0.01,0.01868,0.00073,-0.00254,0.00584,0.54769
2425,2483200,65.66018,150.2,0.9,0.94,0.990688,-0.00114,0.037904,0.001671,0.27787,0.007812,0.733014,64.42717,5.673573,64.952629,5.642648,4.0,5.178e-05,10,581,0.03528,0.0613,0.03,0.0,100,0.5,1.0,,,-0.01,0.01712,0.00101,-0.00055,0.00802,0.70629
2426,2484224,74.00136,102.55556,1.0,0.95,0.988885,-0.001584,0.016007,0.002152,0.282847,0.010742,0.502308,66.366348,2.705871,66.766159,2.754572,4.0,5.168e-05,9,564,0.03476,0.06204,0.02,0.0,100,0.22222,0.0,,,-0.01,0.01902,0.00109,0.00195,0.00719,0.69129
2427,2485248,63.79431,111.75,0.875,0.94,1.012252,-0.000876,0.204865,0.001097,0.459015,0.002895,0.283611,67.215477,3.605108,66.199043,8.093015,4.0,5.158e-05,8,572,0.03391,0.05735,0.02,0.0,100,0.375,1.0,,,-0.01,0.02088,0.00059,0.00208,0.00781,0.54499
2428,2486272,73.50059,117.625,1.0,0.94,1.113523,-0.002083,0.013645,0.003175,0.274459,0.02703,0.55143,66.171326,2.706259,66.17942,2.636642,4.0,5.148e-05,8,568,0.03696,0.05995,0.02,0.0,100,0.125,1.0,,,-0.01,0.01662,0.00067,0.00213,0.00189,0.62165
2429,2487296,72.36948,164.125,1.0,0.94,1.118465,-0.001312,0.012764,0.001132,0.252172,0.004813,0.61909,65.152733,2.450313,65.33416,2.8274,4.0,5.137e-05,8,548,0.0335,0.05422,0.02,0.0,100,0.25,1.0,,,-0.01,0.01914,0.00053,-0.0006,0.00456,0.57546
2430,2488320,73.25016,106.0,1.0,0.95,1.023712,-0.00089,0.029363,0.000784,0.194114,0.000802,0.725644,64.456848,4.544339,64.514053,4.98939,4.0,5.127e-05,7,575,0.03712,0.06113,0.02,0.0,100,0.28571,1.0,,,-0.01,0.01568,0.00126,-0.00022,0.00565,0.55623
2431,2489344,72.90178,119.0,1.0,0.96,0.958724,-0.001448,0.011402,0.001269,0.217214,0.006662,0.935943,63.87159,5.908495,64.017761,6.609296,4.0,5.117e-05,8,589,0.03329,0.05215,0.02,0.0,100,0.125,1.0,,,-0.01,0.01678,0.00042,0.00187,0.00833,0.656
2432,2490368,72.74896,137.66667,1.0,0.96,0.978466,-0.000812,0.047273,0.000931,0.251816,0.000802,0.752661,64.764664,6.649062,65.232811,6.649582,4.0,5.107e-05,9,565,0.03066,0.05126,0.02,0.0,100,0.22222,1.0,,,-0.01,0.01951,9e-05,0.00223,0.00848,0.69089
2433,2491392,73.76036,109.28571,1.0,0.96,0.890111,-0.001149,0.016679,0.002051,0.195047,0.013532,0.865663,65.363945,5.306573,65.503334,5.37628,4.0,5.096e-05,7,578,0.0268,0.04823,0.02,0.0,100,0.28571,0.0,,,-0.01,0.0195,0.00099,0.00242,0.00756,0.6281
2434,2492416,73.95866,105.44444,1.0,0.96,0.843034,-0.001183,0.017483,0.002452,0.203705,0.022984,0.922908,64.076782,6.888969,64.103004,7.456498,4.0,5.086e-05,9,611,0.03076,0.05579,0.02,0.0,100,0.11111,0.0,,,-0.01,0.01837,0.00024,0.00244,0.0057,0.86526
2435,2493440,61.58502,174.625,0.875,0.96,0.925689,-0.001173,0.217143,0.001911,0.373902,0.015102,0.414117,64.889145,7.241004,64.184959,9.263654,4.0,5.076e-05,8,566,0.02723,0.04695,0.01,0.0,100,0.375,0.66667,,,-0.01,0.01902,0.00083,-0.00066,0.00463,0.56347
2436,2494464,73.49093,105.77778,1.0,0.97,0.937515,-0.000912,0.011929,0.000839,0.257533,0.003174,0.657255,65.841164,2.695778,66.317276,2.815934,4.0,5.066e-05,9,556,0.02789,0.0502,0.01,0.0,100,0.11111,1.0,,,-0.01,0.01944,0.00024,0.00085,0.00814,0.7216
2437,2495488,73.66456,106.0,1.0,0.98,1.023314,-0.001897,0.006655,0.002523,0.340564,0.014823,0.770145,66.641968,2.246843,67.259888,2.52587,4.0,5.055e-05,12,522,0.02953,0.05319,0.0,0.0,100,0.25,0.0,,,-0.01,0.01941,0.00058,0.00176,0.00921,0.90957
2438,2496512,73.96812,107.75,1.0,0.98,0.995178,-0.001572,0.008313,0.002915,0.249538,0.025286,0.630853,67.341835,2.365967,67.538315,2.317267,4.0,5.045e-05,8,559,0.02874,0.04863,0.0,0.0,100,0.125,0.0,,,-0.01,0.02078,0.00072,0.00265,0.00612,0.62481
2439,2497536,73.02624,117.83333,1.0,0.99,1.050921,-0.000676,0.011571,0.000875,0.182518,0.000279,0.399114,68.111778,2.527956,67.982384,2.156835,4.0,5.035e-05,6,581,0.02742,0.04616,0.0,0.0,100,0.16667,0.0,,,-0.01,0.01671,-6e-05,0.00104,0.00661,0.46497
2440,2498560,73.93196,104.375,1.0,0.99,1.109533,-0.002179,0.007815,0.003541,0.264643,0.029611,0.720861,67.669876,2.299065,67.68869,2.585833,4.0,5.025e-05,8,537,0.02627,0.04486,0.0,0.0,100,0.125,1.0,,,-0.01,0.0185,0.00071,0.00165,0.00767,0.5943
2441,2499584,66.8251,159.7,0.9,0.98,1.065439,-0.000901,0.004701,0.001576,0.228336,0.001046,0.804742,67.641403,2.177083,67.834778,2.378361,4.0,5.014e-05,10,557,0.03539,0.05672,0.01,0.0,100,0.0,1.0,,,-0.01,0.0196,0.00029,0.00271,0.00957,0.65021
2442,2500608,65.25388,102.88889,0.88889,0.97,0.99781,-0.001016,0.196056,0.002168,0.483217,0.010882,0.325434,67.24659,3.310164,66.059532,8.156483,4.0,5.004e-05,9,559,0.02488,0.04466,0.01,0.0,100,0.44444,0.0,,,-0.01,0.01766,0.00021,-0.0004,0.00781,0.60085
2443,2501632,73.79222,111.375,1.0,0.97,1.03167,-0.001659,0.01326,0.002297,0.246871,0.013951,0.810138,65.602623,3.362691,65.7481,3.96198,4.0,4.994e-05,8,547,0.02554,0.04561,0.01,0.0,100,0.25,1.0,,,-0.01,0.01633,0.00028,-0.00063,0.00509,0.61029
2444,2502656,64.32853,126.9,0.9,0.96,1.029625,-0.000901,0.197677,0.000433,0.413513,3.5e-05,0.364784,65.580177,4.135072,64.717209,8.475754,4.0,4.984e-05,10,566,0.03385,0.05622,0.01,0.0,100,0.2,0.0,,,-0.01,0.01773,0.00031,0.00047,0.00663,0.67359
2445,2503680,74.18314,101.25,1.0,0.96,1.070365,-0.001491,0.01183,0.001237,0.373515,0.005092,0.693962,65.632195,2.602576,66.188347,2.876954,4.0,4.973e-05,8,536,0.03498,0.05344,0.01,0.0,100,0.0,1.0,,,-0.01,0.01955,0.00083,0.00205,0.00972,0.60039
2446,2504704,73.70089,116.625,1.0,0.97,1.101802,-0.002373,0.007073,0.003399,0.300859,0.025181,0.702852,66.536156,2.340139,66.836357,2.344318,4.0,4.963e-05,8,555,0.03566,0.05363,0.01,0.0,100,0.25,1.0,,,-0.01,0.0193,0.00046,0.00277,0.00813,0.59005
2447,2505728,73.79138,130.44444,1.0,0.97,1.03715,-0.001544,0.006762,0.001353,0.321776,0.006975,0.741966,66.991516,2.437804,67.530518,2.436759,4.0,4.953e-05,9,542,0.03024,0.04608,0.01,0.0,100,0.0,0.66667,,,-0.01,0.02092,0.00023,0.003,0.01172,0.65071
2448,2506752,74.30617,101.30769,1.0,0.97,1.046534,-0.001963,0.005018,0.001975,0.313212,0.012591,0.814363,67.563637,2.3603,68.010277,2.46542,4.0,4.943e-05,13,548,0.03627,0.06215,0.01,0.0,100,0.15385,1.0,,,-0.01,0.01879,0.00109,-0.00083,0.0076,0.95848
2449,2507776,73.80805,99.66667,1.0,0.97,0.811081,-0.002075,0.014896,0.001486,0.196739,0.013742,0.697614,67.508667,3.326846,67.438889,3.386425,4.0,4.932e-05,6,601,0.02567,0.04607,0.01,0.0,100,0.0,0.0,,,-0.01,0.02081,0.00035,-0.00012,0.00513,0.53231
2450,2508800,65.98714,115.90909,0.90909,0.96,0.920785,-0.000776,0.19909,0.00016,0.412591,0.0,0.284144,67.652733,3.421168,66.727318,8.026533,4.0,4.922e-05,11,580,0.04976,0.0762,0.01,0.0,100,0.36364,0.0,,,-0.01,0.01876,0.00034,0.00106,0.00921,0.81902
2451,2509824,73.62301,101.4,1.0,0.96,1.008803,-0.000911,0.02274,0.000872,0.206724,0.007429,0.613382,65.822754,3.273969,66.025818,3.618417,4.0,4.912e-05,10,551,0.0417,0.06618,0.01,0.0,100,0.3,0.0,,,-0.01,0.01757,0.00071,-0.00293,0.0065,0.76177
2452,2510848,72.67516,120.125,1.0,0.97,0.990738,-0.001501,0.025513,0.000894,0.253243,0.002895,0.30559,66.209694,3.321756,66.572609,3.002943,4.0,4.902e-05,8,565,0.03983,0.06006,0.0,0.0,100,0.125,1.0,,,-0.01,0.0203,0.00046,0.00116,0.00668,0.61256
2453,2511872,73.378,111.81818,1.0,0.98,0.972101,-0.001227,0.010811,0.000741,0.218818,0.002616,0.547805,67.665657,2.571436,67.860893,2.421383,4.0,4.892e-05,11,577,0.04938,0.0763,0.0,0.0,100,0.36364,1.0,,,-0.01,0.01771,0.00063,0.00042,0.00701,0.87907
2454,2512896,73.97366,101.25,1.0,0.98,0.969315,-0.001422,0.009563,0.00105,0.198425,0.000837,0.66596,67.508095,2.501766,67.623688,2.617771,4.0,4.881e-05,8,569,0.04422,0.06936,0.0,0.0,100,0.25,0.0,,,-0.01,0.01894,0.00072,0.00133,0.00647,0.62582
2455,2513920,65.52319,96.66667,0.88889,0.98,0.96593,-0.000574,0.212485,0.000805,0.47884,0.001151,0.206424,67.332603,2.85331,66.130577,7.80081,4.0,4.871e-05,9,460,0.04142,0.06435,0.0,0.0,100,0.44444,1.0,,,-0.01,0.01927,0.00032,0.00121,0.00424,0.61543
2456,2514944,58.75255,124.63636,0.81818,0.96,0.895935,-0.000509,0.247308,0.000467,0.480111,0.0,0.542454,64.312675,6.424971,63.285603,11.415567,4.0,4.861e-05,11,557,0.04708,0.07477,0.0,0.0,100,0.18182,1.0,,,-0.01,0.0193,0.0006,0.00147,0.00247,0.73659
2457,2515968,73.87624,96.22222,1.0,0.96,0.938126,-0.000893,0.018662,0.000762,0.344573,0.004081,0.516988,65.39003,2.597235,66.159988,2.829339,4.0,4.851e-05,9,485,0.03574,0.05699,0.0,0.0,100,0.11111,0.0,,,-0.01,0.02106,0.00035,0.00231,0.0066,0.70058
2458,2516992,74.25103,95.1,1.0,0.96,1.007079,-0.001528,0.012778,0.002207,0.311939,0.015799,0.73068,65.782295,2.779096,66.217628,3.327689,4.0,4.84e-05,10,549,0.05449,0.08239,0.0,0.0,100,0.1,0.0,,,-0.01,0.01694,0.00024,0.00091,0.00981,0.74256
2459,2518016,74.09769,98.4,1.0,0.96,1.002869,-0.001399,0.009474,0.001583,0.278922,0.009905,0.862516,66.250053,3.514636,66.573204,4.044136,4.0,4.83e-05,10,557,0.03844,0.06213,0.0,0.0,100,0.2,1.0,,,-0.01,0.01638,0.00115,0.00067,0.00914,0.73796
2460,2519040,74.1783,92.7,1.0,0.97,0.974854,-0.001216,0.010926,0.00053,0.279844,0.000732,0.901432,66.52578,4.733748,66.967934,5.177487,4.0,4.82e-05,10,553,0.0309,0.05067,0.0,0.0,100,0.1,0.0,,,-0.01,0.01742,0.00056,0.00245,0.00881,0.74121
2461,2520064,67.50071,120.63636,0.90909,0.96,0.90565,-0.001709,0.024608,0.003268,0.238465,0.026855,0.697918,67.508774,3.84842,67.698402,4.318942,4.0,4.81e-05,11,532,0.03647,0.05764,0.01,0.0,100,0.18182,0.0,,,-0.01,0.01935,8e-05,-0.00012,0.00906,0.74597
2462,2521088,67.99087,88.0,0.91667,0.95,0.96922,-0.000253,0.076797,0.001562,0.17919,0.003906,0.600666,68.803391,3.663828,68.756737,6.81175,4.0,4.799e-05,12,470,0.04409,0.06804,0.01,0.0,100,0.16667,0.0,,,-0.01,0.01965,0.00028,-6e-05,0.01107,0.81747
2463,2522112,73.79232,102.71429,1.0,0.95,0.862738,-0.001571,0.019669,0.001163,0.219531,0.006452,0.708963,68.04113,3.79008,67.942131,3.934142,4.0,4.789e-05,7,553,0.0407,0.06651,0.01,0.0,100,0.14286,0.0,,,-0.01,0.01784,0.00105,0.00124,0.00965,0.58353
2464,2523136,74.19331,93.1,1.0,0.95,0.794943,-0.000822,0.035221,0.000755,0.309344,0.003732,0.834413,66.25296,6.354177,65.668205,6.99887,4.0,4.779e-05,10,572,0.04536,0.0725,0.01,0.0,100,0.1,1.0,,,-0.01,0.01758,0.00086,0.00141,0.00623,0.92182
2465,2524160,62.41151,104.28571,0.85714,0.94,0.7776,-0.000643,0.076954,0.000572,0.249349,0.003488,0.837121,62.68227,9.566039,62.243782,10.42892,4.0,4.769e-05,7,604,0.03319,0.05355,0.01,0.0,100,0.28571,1.0,,,-0.01,0.01802,0.00016,0.00102,0.00548,0.56593
2466,2525184,59.67732,165.7,0.8,0.95,0.935438,-0.000934,0.010957,0.000213,0.22012,3.5e-05,0.943345,66.358047,6.403588,66.620644,6.70398,4.0,4.758e-05,10,568,0.03824,0.05923,0.03,0.0,100,0.2,1.0,,,-0.01,0.01899,0.00068,0.00106,0.00996,0.62891
2467,2526208,74.07314,99.36364,1.0,0.95,0.979697,-0.001809,0.005993,0.000714,0.293855,0.001639,0.686511,68.280708,2.067446,68.746506,2.065049,4.0,4.748e-05,11,548,0.03551,0.05515,0.03,0.0,100,0.0,1.0,,,-0.01,0.01973,0.00096,0.00224,0.01211,0.80774
2468,2527232,74.08744,92.45455,1.0,0.95,0.90446,-0.001503,0.006066,0.001274,0.231318,0.00422,0.669482,68.843033,2.085298,69.154404,2.064924,4.0,4.738e-05,11,539,0.03252,0.0543,0.03,0.0,100,0.09091,0.0,,,-0.01,0.01934,0.00101,-0.00199,0.01142,0.83062
2469,2528256,67.01013,90.36364,0.90909,0.94,0.863075,-0.001382,0.178394,0.000443,0.474382,0.002302,0.516459,68.224289,4.995238,67.046593,9.217009,4.0,4.728e-05,11,554,0.03452,0.06111,0.03,0.0,100,0.27273,1.0,,,-0.01,0.02093,0.00015,0.00049,0.00473,0.78545
2470,2529280,73.84355,95.09091,1.0,0.94,0.849105,-0.000678,0.026633,0.000125,0.288118,0.0,0.265363,67.375244,3.189879,67.907486,2.872914,4.0,4.717e-05,11,538,0.0351,0.05861,0.03,0.0,100,0.27273,0.0,,,-0.01,0.022,0.00031,-7e-05,0.00934,0.88338
2471,2530304,74.05588,92.9,1.0,0.95,0.902674,-0.000964,0.015526,0.001713,0.2147,0.00994,0.198169,68.344826,2.558283,68.616188,2.21981,4.0,4.707e-05,10,559,0.0346,0.05777,0.02,0.0,100,0.3,0.0,,,-0.01,0.02026,0.00084,0.00197,0.00719,0.78178
2472,2531328,67.97089,91.23077,0.92308,0.95,0.945711,-0.000987,0.197242,0.001886,0.510099,0.016671,0.360574,68.352768,3.406251,67.181358,8.357292,4.0,4.697e-05,13,545,0.03978,0.06487,0.02,0.0,100,0.23077,0.0,,,-0.01,0.02008,0.00034,-0.00203,0.00511,0.89932
2473,2532352,74.17786,86.71429,1.0,0.95,0.914065,-0.001658,0.016936,0.000639,0.197731,0.004708,0.582634,66.303833,2.48168,66.482086,3.052504,4.0,4.687e-05,7,509,0.04074,0.06292,0.02,0.0,100,0.57143,0.0,,,-0.01,0.01714,0.00016,0.00026,0.00951,0.53614
2474,2533376,73.79223,90.64286,1.0,0.96,0.934922,-0.001827,0.013227,0.001834,0.263783,0.010254,0.838417,66.254692,3.627451,66.628845,4.41427,4.0,4.676e-05,14,547,0.05084,0.07819,0.02,0.0,100,0.35714,0.0,,,-0.01,0.01571,0.0002,-0.0013,0.00743,1.08957
2475,2534400,62.87864,144.14286,0.85714,0.97,0.828922,-0.000931,0.03063,0.000372,0.182033,0.002023,0.842559,64.936119,6.386477,64.857224,6.787113,4.0,4.666e-05,7,578,0.03876,0.06052,0.01,0.0,100,0.71429,0.66667,,,-0.01,0.01889,0.00023,0.00146,0.00565,0.51621
2476,2535424,74.57774,87.81818,1.0,0.97,0.879651,-0.00136,0.010053,0.000744,0.250819,0.005755,0.87205,66.721359,3.899099,67.173599,4.56953,4.0,4.656e-05,11,553,0.03377,0.05477,0.01,0.0,100,0.18182,1.0,,,-0.01,0.01751,0.00041,0.00052,0.01443,0.90166
2477,2536448,72.98951,118.6,1.0,0.97,0.87301,-0.001192,0.016662,0.002507,0.281548,0.017683,0.855408,66.669975,5.365345,67.160469,5.129737,4.0,4.646e-05,10,492,0.03292,0.05466,0.01,0.0,100,0.3,1.0,,,-0.01,0.01742,0.00057,0.00275,0.00897,0.79931
2478,2537472,65.53714,93.77778,0.88889,0.96,0.915418,-0.000811,0.204319,0.00067,0.453699,0.000698,0.314759,68.736816,3.347837,67.670151,8.215481,4.0,4.636e-05,9,564,0.03225,0.05208,0.01,0.0,100,0.22222,0.0,,,-0.01,0.01975,0.00031,0.00148,0.00842,0.60985
2479,2538496,74.00983,94.15385,1.0,0.97,0.958421,-0.001321,0.011206,0.002334,0.357971,0.02131,0.622414,67.475044,2.601282,68.02282,2.515667,4.0,4.625e-05,13,527,0.03999,0.06357,0.01,0.0,100,0.15385,1.0,,,-0.01,0.01942,0.0006,0.00114,0.00797,0.98132
2480,2539520,73.97337,93.3,1.0,0.97,0.910238,-0.001562,0.047826,0.002433,0.26229,0.011719,0.622589,67.588234,4.499698,67.279228,5.370922,4.0,4.615e-05,10,555,0.03233,0.0526,0.01,0.0,100,0.2,0.0,,,-0.01,0.01803,0.00033,-0.00122,0.00608,0.78284
2481,2540544,72.95565,108.72727,1.0,0.97,0.856141,-0.00097,0.046182,0.00053,0.371473,0.001918,0.391571,65.926895,5.277635,66.732491,4.308367,4.0,4.605e-05,11,598,0.03968,0.06448,0.01,0.0,100,0.36364,0.0,,,-0.01,0.01814,0.00097,-0.00128,0.00913,0.94523
2482,2541568,74.17976,92.0,1.0,0.98,0.919282,-0.000364,0.044678,0.000225,0.309971,0.0,0.069123,67.935829,4.486628,68.525993,3.536696,4.0,4.595e-05,11,560,0.03208,0.05196,0.01,0.0,100,0.09091,0.0,,,-0.01,0.02217,0.00011,0.00101,0.01045,0.83881
2483,2542592,74.35603,89.6,1.0,0.98,0.930025,-0.0013,0.004694,0.000432,0.248043,0.000105,0.709354,69.45153,2.235622,69.709167,1.988585,4.0,4.584e-05,10,564,0.03137,0.05109,0.01,0.0,100,0.0,0.0,,,-0.01,0.01931,0.00056,0.00135,0.0096,0.75724
2484,2543616,74.40919,88.83333,1.0,0.98,1.000019,-0.001826,0.003953,0.000813,0.245431,0.003732,0.739797,69.810707,2.05782,69.945,1.919648,4.0,4.574e-05,12,537,0.03519,0.05474,0.01,0.0,100,0.0,0.0,,,-0.01,0.01819,0.00058,0.00235,0.01166,0.88123
2485,2544640,64.77098,112.77778,0.88889,0.98,1.01412,-0.000846,0.222066,0.00122,0.572311,0.006731,0.180207,69.79509,2.496907,68.401047,7.787211,4.0,4.564e-05,9,552,0.03189,0.05221,0.0,0.0,100,0.22222,0.0,,,-0.01,0.02028,0.00051,0.00081,0.00503,0.5915
2486,2545664,74.27105,96.2,1.0,0.98,1.032241,-0.001567,0.004198,0.00143,0.283369,0.005127,0.750113,68.443108,1.839542,68.710075,1.875632,4.0,4.554e-05,10,556,0.03427,0.05474,0.0,0.0,100,0.2,1.0,,,-0.01,0.01878,0.00078,0.00377,0.00842,0.73378
2487,2546688,74.14022,95.72727,1.0,0.98,0.92382,-0.001165,0.007384,0.000125,0.229871,0.000209,0.491611,68.465813,1.824357,68.664055,1.83726,4.0,4.543e-05,11,569,0.0349,0.05732,0.0,0.0,100,0.36364,0.0,,,-0.01,0.01922,0.00042,0.00126,0.00885,0.87796
2488,2547712,73.84692,105.7,1.0,0.99,0.910729,-0.000875,0.013768,0.000601,0.208138,0.0,0.440234,68.509529,2.505663,68.592598,2.413083,4.0,4.533e-05,10,566,0.03972,0.06199,0.0,0.0,100,0.1,1.0,,,-0.01,0.0194,0.00056,0.00258,0.00904,0.7837
2489,2548736,67.37706,94.91667,0.91667,0.98,0.900673,-0.001107,0.204683,0.001449,0.499389,0.00415,0.240367,68.733475,2.224552,67.581154,7.824319,4.0,4.523e-05,12,574,0.04403,0.07237,0.0,0.0,100,0.41667,0.0,,,-0.01,0.01846,0.00094,0.00091,0.005,0.88746
2490,2549760,73.70321,92.75,1.0,0.98,0.961921,-0.000907,0.012507,0.000564,0.230282,0.00014,0.468364,67.062744,2.042079,67.356087,2.224566,4.0,4.513e-05,8,545,0.03075,0.04905,0.0,0.0,100,0.125,0.0,,,-0.01,0.01721,0.00012,0.00101,0.00902,0.60736
2491,2550784,73.42299,95.0,1.0,0.98,0.992353,-0.001488,0.00877,0.001185,0.274532,0.004848,0.518569,67.979462,2.021739,68.307281,2.054546,4.0,4.502e-05,11,564,0.04005,0.06387,0.0,0.0,100,0.27273,1.0,,,-0.01,0.01416,0.00039,-0.00064,0.0086,0.84387
2492,2551808,66.56026,108.90909,0.90909,0.97,0.938889,-0.000583,0.211259,0.000418,0.453674,0.001116,0.191398,67.705803,2.338146,66.593307,7.681637,4.0,4.492e-05,11,541,0.03115,0.05217,0.0,0.0,100,0.18182,1.0,,,-0.01,0.01934,0.00078,0.00188,0.0075,0.74567
2493,2552832,67.14427,87.09091,0.90909,0.96,0.865785,-0.000373,0.194249,0.000477,0.441996,0.0,0.353049,65.856827,3.573076,65.129333,8.32864,4.0,4.482e-05,11,569,0.03602,0.06084,0.0,0.0,100,0.27273,0.0,,,-0.01,0.01642,0.00092,0.00252,0.00455,0.80972
2494,2553856,66.87614,97.45455,0.90909,0.96,0.924996,-0.000315,0.093334,0.000213,0.205288,0.0,0.477224,64.475479,3.657271,64.885185,6.393118,4.0,4.472e-05,11,568,0.04332,0.06551,0.0,0.0,100,0.18182,0.0,,,-0.01,0.01643,0.00096,0.00032,0.00905,0.77104
2495,2554880,66.133,96.5,0.9,0.95,0.938201,-0.000504,0.189943,0.000815,0.332221,0.002546,0.334821,65.322624,3.146923,64.716629,8.154805,4.0,4.461e-05,10,557,0.03712,0.05948,0.0,0.0,100,0.5,0.0,,,-0.01,0.01854,0.0009,0.00161,0.00696,0.67537
2496,2555904,73.91708,93.0,1.0,0.95,0.927413,-0.000951,0.031148,0.000768,0.476541,0.004081,0.386423,65.105003,3.407959,66.242455,3.357757,4.0,4.451e-05,11,563,0.03547,0.05783,0.0,0.0,100,0.27273,1.0,,,-0.01,0.01641,0.00065,0.00247,0.01126,0.85846
2497,2556928,73.80216,99.91667,1.0,0.95,0.99512,-0.001357,0.013531,0.001279,0.33939,0.008719,0.584358,66.47522,2.816936,67.015282,2.836188,4.0,4.441e-05,12,544,0.03619,0.05812,0.0,0.0,100,0.5,0.0,,,-0.01,0.01683,0.0005,0.00234,0.00669,0.92836
2498,2557952,64.5082,93.125,0.875,0.94,0.992311,-0.000924,0.138175,0.001564,0.375526,0.005022,0.626946,66.888512,5.093886,66.226303,9.458151,4.0,4.431e-05,8,551,0.029,0.04469,0.0,0.0,100,0.125,0.0,,,-0.01,0.01727,0.00042,0.00063,0.01119,0.52174
2499,2558976,73.51004,112.9,1.0,0.95,1.085002,-0.000758,0.018556,0.000295,0.240764,0.0,0.60022,66.861176,3.007462,66.988014,3.11648,4.0,4.42e-05,10,559,0.03724,0.05895,0.0,0.0,100,0.2,0.0,,,-0.01,0.01577,0.00097,0.00118,0.00672,0.756
2500,2560000,73.51937,108.875,1.0,0.95,1.016399,-0.001564,0.012973,0.001954,0.268586,0.016392,0.60472,66.824562,2.802772,67.180717,2.817596,4.0,4.41e-05,8,568,0.02943,0.0461,0.0,0.0,100,0.25,0.0,,,-0.01,0.01623,0.00033,0.00105,0.01042,0.60357
2501,2561024,73.07411,114.33333,1.0,0.95,0.990057,-0.00077,0.033346,0.000325,0.225555,0.000105,0.344051,67.362778,4.311869,67.625374,3.55721,4.0,4.4e-05,9,573,0.03121,0.0484,0.0,0.0,100,0.22222,0.0,,,-0.01,0.01608,0.00029,0.0012,0.00758,0.71805
2502,2562048,66.91723,113.66667,0.91667,0.95,0.994395,-0.00079,0.185007,0.001257,0.472414,0.004395,0.403969,67.459152,3.671321,66.305687,8.363592,4.0,4.39e-05,12,520,0.04398,0.06791,0.0,0.0,100,0.41667,1.0,,,-0.01,0.01694,0.00046,0.00209,0.00546,0.85392
2503,2563072,73.7024,95.2,1.0,0.96,1.040709,-0.002274,0.027228,0.002822,0.324061,0.01716,0.57321,65.889511,3.037888,66.482574,3.715107,4.0,4.38e-05,10,548,0.04145,0.06473,0.0,0.0,100,0.3,1.0,,,-0.01,0.01848,0.00039,-0.00081,0.00715,0.74046
2504,2564096,64.17096,108.75,0.875,0.96,1.01279,-0.0003,0.127136,0.001124,0.230162,0.00722,0.428357,66.317871,3.672546,65.902435,7.207731,4.0,4.369e-05,8,562,0.03068,0.04828,0.0,0.0,100,0.375,0.0,,,-0.01,0.01802,0.00035,0.00133,0.00786,0.52576
2505,2565120,73.73437,104.0,1.0,0.96,0.995843,-0.000632,0.0184,0.000189,0.206636,0.0,0.863403,65.020126,5.023773,65.38459,5.492739,4.0,4.359e-05,8,568,0.03534,0.05423,0.0,0.0,100,0.125,1.0,,,-0.01,0.01752,0.0005,0.00154,0.00689,0.6136
2506,2566144,74.10045,104.25,1.0,0.97,1.01536,-0.000898,0.033584,0.000914,0.241723,0.000872,0.905403,64.890701,8.539397,64.550591,9.05395,4.0,4.349e-05,8,573,0.02669,0.04609,0.0,0.0,100,0.0,1.0,,,-0.01,0.01603,0.00036,0.00084,0.00749,0.62505
2507,2567168,54.51169,146.75,0.75,0.95,0.994032,-0.001375,0.207202,0.001149,0.438063,0.002755,0.600343,64.116196,8.099209,63.269554,10.855949,4.0,4.339e-05,8,562,0.03707,0.05711,0.01,0.0,100,0.25,1.0,,,-0.01,0.01947,0.00047,0.00285,0.00461,0.47362
2508,2568192,73.51875,121.63636,1.0,0.95,1.040631,-0.000812,0.032906,0.000334,0.31769,0.0,0.570243,65.396866,4.415909,66.006729,4.220789,4.0,4.328e-05,11,553,0.03904,0.06022,0.01,0.0,100,0.18182,0.0,,,-0.01,0.01696,0.0004,0.00228,0.00914,0.82499
2509,2569216,65.1744,99.77778,0.88889,0.95,1.04282,-0.001,0.220162,0.001365,0.407433,0.014579,0.365329,65.371887,4.88921,64.424576,8.833844,4.0,4.318e-05,9,553,0.04828,0.07361,0.01,0.0,100,0.33333,0.66667,,,-0.01,0.01861,0.00073,0.00166,0.00511,0.59463
2510,2570240,73.35176,119.375,1.0,0.95,1.099872,-0.000709,0.04542,0.000187,0.281857,0.0,0.430859,65.029846,3.937947,65.270874,4.261666,4.0,4.308e-05,8,560,0.04381,0.06631,0.01,0.0,100,0.125,1.0,,,-0.01,0.01632,0.00101,0.00183,0.00622,0.59597
2511,2571264,73.46498,111.22222,1.0,0.95,1.039749,-0.001086,0.032458,0.000702,0.371696,0.001046,0.52389,64.686821,4.539956,65.493492,4.121163,4.0,4.298e-05,9,564,0.03986,0.06047,0.01,0.0,100,0.33333,1.0,,,-0.01,0.01731,0.00041,-0.00106,0.00849,0.68455
2512,2572288,73.65278,113.44444,1.0,0.95,1.008605,-0.001645,0.0227,0.001545,0.263307,0.005162,0.840255,65.101372,5.187293,65.200928,5.767821,4.0,4.287e-05,9,570,0.03469,0.05745,0.01,0.0,100,0.33333,0.8,,,-0.01,0.01572,0.00085,-0.00102,0.00535,0.69866
2513,2573312,66.3089,102.2,0.9,0.95,0.972372,-0.000793,0.139601,0.001309,0.255077,0.002476,0.644124,64.316887,6.764693,64.07151,9.541219,4.0,4.277e-05,10,575,0.03819,0.06069,0.01,0.0,100,0.3,1.0,,,-0.01,0.01844,0.00065,-0.00061,0.00471,0.71616
2514,2574336,64.29828,137.55556,0.88889,0.94,0.949428,-0.001303,0.016997,0.000783,0.303418,0.001569,0.942826,63.980598,7.474358,64.585205,8.080032,4.0,4.267e-05,9,568,0.03396,0.05514,0.02,0.0,100,0.33333,1.0,,,-0.01,0.02037,0.00019,0.0002,0.00916,0.62906
2515,2575360,74.24248,103.33333,1.0,0.95,1.027908,-0.000361,0.033817,0.000403,0.278169,0.0,0.225194,67.149986,4.004622,67.69725,3.210836,4.0,4.257e-05,9,563,0.03154,0.04872,0.02,0.0,100,0.0,0.0,,,-0.01,0.01952,0.00048,0.00329,0.0094,0.67129
2516,2576384,73.88399,105.22222,1.0,0.95,0.971982,-0.001398,0.012145,0.000902,0.29726,0.003697,0.569725,68.341461,3.123998,68.831566,2.672164,4.0,4.246e-05,9,572,0.04153,0.06292,0.02,0.0,100,0.22222,1.0,,,-0.01,0.01762,0.00037,-0.00078,0.00978,0.70188
2517,2577408,73.6164,96.42857,1.0,0.96,1.002299,-0.001145,0.014407,0.001608,0.210187,0.005441,0.436808,68.49778,2.918561,68.672836,2.491585,4.0,4.236e-05,14,550,0.04664,0.07094,0.02,0.0,100,0.14286,1.0,,,-0.01,0.01833,0.00021,-0.00013,0.00596,1.06092
2518,2578432,65.51976,91.44444,0.88889,0.96,0.964398,-0.000745,0.195848,0.000315,0.464847,0.000314,0.331067,69.030075,2.782226,67.984299,8.155532,4.0,4.226e-05,9,555,0.03314,0.05089,0.01,0.0,100,0.11111,0.0,,,-0.01,0.02005,0.00057,0.00142,0.00931,0.59659
2519,2579456,74.15059,92.5,1.0,0.97,0.943326,-0.000921,0.017781,0.000632,0.2679,0.000244,0.645268,67.470177,3.294729,67.962967,3.266139,4.0,4.216e-05,12,559,0.04287,0.06626,0.01,0.0,100,0.25,1.0,,,-0.01,0.01764,0.00063,-0.00092,0.00865,0.94708
2520,2580480,73.73723,95.8,1.0,0.97,0.916761,-0.000732,0.011831,0.000609,0.181636,0.001814,0.881732,67.173378,4.541137,67.279335,4.876592,4.0,4.205e-05,10,582,0.04745,0.07142,0.01,0.0,100,0.1,0.0,,,-0.01,0.01822,0.00069,-0.00105,0.00904,0.83559
2521,2581504,73.43813,97.57143,1.0,0.97,0.862931,-0.000696,0.020612,0.000801,0.166393,0.007743,0.906352,66.209,6.886662,66.20575,7.338749,4.0,4.195e-05,7,592,0.03487,0.05239,0.01,0.0,100,0.0,0.0,,,-0.01,0.01999,0.00051,-0.00049,0.00794,0.60133
2522,2582528,65.52058,139.44444,0.88889,0.96,0.946965,-0.001501,0.007712,0.002501,0.218434,0.022879,0.973983,66.428543,8.238134,66.427002,8.681654,4.0,4.185e-05,9,577,0.04476,0.06592,0.02,0.0,100,0.22222,0.0,,,-0.01,0.01764,0.00057,0.00156,0.00903,0.65667
2523,2583552,73.79677,99.41667,1.0,0.97,0.947187,-0.000461,0.013153,0.000386,0.214028,0.000314,0.349982,68.665421,2.577756,68.983971,2.186319,4.0,4.175e-05,12,560,0.04377,0.06312,0.02,0.0,100,0.25,1.0,,,-0.01,0.02021,0.00076,0.00071,0.00634,0.93
2524,2584576,73.84689,99.4,1.0,0.98,1.007869,-0.000885,0.009467,0.00149,0.170028,0.001081,0.36936,69.362808,2.183487,69.440163,1.910129,4.0,4.164e-05,10,547,0.04432,0.06625,0.01,0.0,100,0.3,1.0,,,-0.01,0.01858,0.0006,-0.00254,0.01019,0.74294
2525,2585600,73.27873,108.5,1.0,0.98,1.020335,-0.000559,0.018357,0.000485,0.190105,0.0,0.142241,69.535706,2.924887,69.373337,2.268575,4.0,4.154e-05,10,556,0.03973,0.06384,0.01,0.0,100,0.2,1.0,,,-0.01,0.01856,0.00034,0.00222,0.00602,0.77676
2526,2586624,73.99623,104.22222,1.0,0.98,0.993251,-0.001267,0.005165,0.000425,0.222978,0.000698,0.807094,69.059631,2.285972,69.015602,2.473387,4.0,4.144e-05,9,565,0.03143,0.04883,0.01,0.0,100,0.11111,1.0,,,-0.01,0.01931,-3e-05,-0.00085,0.00746,0.69138
2527,2587648,65.40822,113.3,0.9,0.97,1.057749,-0.000931,0.239732,0.002015,0.894879,0.012626,0.227315,69.276314,2.493066,67.228722,8.247079,4.0,4.134e-05,10,559,0.04022,0.06141,0.01,0.0,100,0.3,1.0,,,-0.01,0.01846,0.00027,0.00149,0.00297,0.68954
2528,2588672,65.88101,101.5,0.9,0.96,1.029079,-0.000168,0.029508,0.000293,0.305733,0.0,0.514659,66.703331,2.062765,66.903183,3.621827,4.0,4.124e-05,10,549,0.04918,0.07444,0.01,0.0,100,0.3,0.66667,,,-0.01,0.01953,0.00046,0.00052,0.00565,0.68365
2529,2589696,73.57674,116.875,1.0,0.97,1.063539,-0.002246,0.004353,0.002657,0.2947,0.026716,0.712728,67.362808,1.583918,67.518738,1.832458,4.0,4.113e-05,8,563,0.04136,0.05846,0.01,0.0,100,0.0,1.0,,,-0.01,0.01843,-3e-05,0.00194,0.00945,0.59569
2530,2590720,73.71944,109.0,1.0,0.97,1.072137,-0.0011,0.005089,0.001872,0.250252,0.015974,0.686799,67.676888,1.672225,67.833725,1.905069,4.0,4.103e-05,9,537,0.04283,0.0627,0.01,0.0,100,0.11111,1.0,,,-0.01,0.02032,0.00028,0.00097,0.00729,0.66548
2531,2591744,73.45847,110.77778,1.0,0.97,0.99619,-0.001048,0.031699,0.0013,0.207745,0.005824,0.005915,67.249062,3.464087,67.441887,2.773617,4.0,4.093e-05,9,568,0.03795,0.0578,0.01,0.0,100,0.11111,0.0,,,-0.01,0.01928,0.0003,0.00116,0.00824,0.71143
2532,2592768,73.72714,115.0,1.0,0.97,1.12126,-0.00095,0.003874,0.000974,0.246331,0.000209,0.704953,68.103752,1.67042,68.18644,1.741717,4.0,4.083e-05,9,564,0.04056,0.05825,0.01,0.0,100,0.0,1.0,,,-0.01,0.01718,0.00027,0.00212,0.01086,0.66994
2533,2593792,73.36903,121.0,1.0,0.98,1.107315,-0.002014,0.006641,0.001526,0.25681,0.004848,0.633039,67.961395,1.70826,67.726631,2.007046,4.0,4.072e-05,8,558,0.04165,0.06172,0.0,0.0,100,0.375,0.5,,,-0.01,0.01626,0.00095,0.0,0.00542,0.60307
2534,2594816,73.10524,115.66667,1.0,0.98,1.030992,-0.002224,0.005353,0.003827,0.25227,0.037493,0.65453,67.756416,1.725201,67.927315,1.866735,4.0,4.062e-05,9,563,0.03113,0.04904,0.0,0.0,100,0.11111,1.0,,,-0.01,0.01901,0.00021,0.00177,0.00683,0.68438
2535,2595840,72.62493,126.0,1.0,0.98,0.967136,-0.000623,0.041422,0.001673,0.202127,0.003488,0.373281,66.894424,4.662375,66.839645,3.986559,4.0,4.052e-05,8,593,0.0462,0.06829,0.0,0.0,100,0.375,1.0,,,-0.01,0.01772,0.00027,0.00093,0.00378,0.67729
2536,2596864,73.39398,110.7,1.0,0.98,1.061323,-0.000574,0.013255,0.000282,0.186676,0.0,0.616187,66.997749,2.80905,67.156425,2.843177,4.0,4.042e-05,10,548,0.04089,0.06081,0.0,0.0,100,0.2,1.0,,,-0.01,0.01667,0.00037,0.00169,0.00958,0.75179
2537,2597888,73.48142,121.66667,1.0,0.98,1.06599,-0.001166,0.003455,0.00062,0.221126,0.000593,0.767144,67.747375,1.580851,67.82621,1.826455,4.0,4.031e-05,9,562,0.04121,0.05785,0.0,0.0,100,0.11111,0.0,,,-0.01,0.01885,0.00063,0.00081,0.00617,0.67357
2538,2598912,58.18697,106.3,0.8,0.97,1.033013,-0.000853,0.371469,0.000736,1.209098,0.000384,0.38773,67.101738,5.04658,64.412186,11.444658,4.0,4.021e-05,10,563,0.04572,0.07137,0.0,0.0,100,0.6,0.0,,,-0.01,0.02017,0.00012,0.001,0.0007,0.62069
2539,2599936,73.25537,110.625,1.0,0.98,1.036182,-0.000919,0.011808,0.000889,0.560494,0.00286,0.64353,65.367607,1.73817,65.984352,2.272932,4.0,4.011e-05,8,563,0.04672,0.06777,0.0,0.0,100,0.5,0.0,,,-0.01,0.01921,0.0004,0.00249,0.00828,0.61717
2540,2600960,73.44885,115.25,1.0,0.98,1.105322,-0.001273,0.011322,0.000395,0.286288,7e-05,0.450269,66.113152,1.90428,66.405647,2.147678,4.0,4.001e-05,8,546,0.04471,0.06788,0.0,0.0,100,0.375,0.5,,,-0.01,0.01627,0.00075,0.00204,0.0053,0.5913
2541,2601984,73.84398,109.4,1.0,0.98,1.073419,-0.001483,0.007818,0.001226,0.307902,0.012416,0.684616,66.760246,1.697124,67.033913,2.335996,4.0,3.99e-05,10,507,0.05869,0.0833,0.0,0.0,100,0.4,1.0,,,-0.01,0.01918,-0.00028,0.00238,0.01018,0.76765
2542,2603008,63.7068,108.875,0.875,0.97,1.034589,-0.001508,0.117801,0.001396,0.281165,0.00579,0.446247,66.870102,2.966338,66.470909,7.054774,4.0,3.98e-05,8,498,0.04465,0.06354,0.0,0.0,100,0.5,0.5,,,-0.01,0.01917,0.00031,0.00195,0.00416,0.5459
2543,2604032,73.7068,114.44444,1.0,0.97,1.024159,-0.000723,0.012851,0.000586,0.217555,0.000802,0.620618,66.058922,2.48653,66.292274,2.669842,4.0,3.97e-05,9,562,0.04306,0.06367,0.0,0.0,100,0.11111,1.0,,,-0.01,0.01903,0.00043,0.00237,0.00757,0.69361
2544,2605056,73.32164,124.33333,1.0,0.97,1.056608,-0.001437,0.006885,0.000396,0.285135,0.000802,0.728735,66.66909,2.364739,67.145561,2.358418,4.0,3.96e-05,9,563,0.0461,0.06482,0.0,0.0,100,0.22222,0.0,,,-0.01,0.02017,0.00012,0.00197,0.01041,0.68306
2545,2606080,74.12928,107.9,1.0,0.97,1.071547,-0.001324,0.006886,0.001635,0.221151,0.011196,0.716603,67.738846,2.209962,67.874382,2.334595,4.0,3.949e-05,10,550,0.04343,0.06434,0.0,0.0,100,0.2,0.33333,,,-0.01,0.01901,0.00049,0.00297,0.00696,0.74002
2546,2607104,73.83256,114.11111,1.0,0.97,1.022391,-0.000507,0.019681,0.000222,0.186892,0.0,0.528062,67.404213,3.073581,67.528008,3.078764,4.0,3.939e-05,9,522,0.03634,0.05325,0.0,0.0,100,0.0,1.0,,,-0.01,0.02164,0.00011,0.00273,0.00547,0.67463
2547,2608128,74.07052,102.66667,1.0,0.97,0.917808,-0.001236,0.00961,0.002134,0.188791,0.01709,0.757969,67.293533,2.875921,67.513077,3.040021,4.0,3.929e-05,9,554,0.04773,0.07075,0.0,0.0,100,0.22222,0.75,,,-0.01,0.01985,0.00033,0.00034,0.01011,0.77303
2548,2609152,73.97648,96.88889,1.0,0.97,0.903159,-0.001783,0.008448,0.001496,0.230401,0.012242,0.919949,66.738701,4.628328,66.566483,5.275079,4.0,3.919e-05,9,603,0.03892,0.06134,0.0,0.0,100,0.22222,1.0,,,-0.01,0.01757,0.00017,-6e-05,0.00684,0.79005
2549,2610176,64.91916,138.25,0.875,0.98,0.948065,-0.001112,0.00596,0.000556,0.232982,3.5e-05,0.97132,65.850868,6.930961,65.814713,7.558101,4.0,3.908e-05,8,586,0.03634,0.05605,0.01,0.0,100,0.0,1.0,,,-0.01,0.0203,0.00058,7e-05,0.00665,0.57205
2550,2611200,72.94612,123.77778,1.0,0.98,1.012253,-0.001188,0.052368,0.001633,0.293373,0.006836,0.541605,67.576042,3.268482,67.187447,5.072409,4.0,3.898e-05,9,555,0.04064,0.06141,0.01,0.0,100,0.0,0.5,,,-0.01,0.01975,0.00032,0.00072,0.00594,0.67089
2551,2612224,73.54689,103.33333,1.0,0.98,0.905292,-0.000169,0.02766,8.2e-05,0.185752,0.0,0.888645,65.7089,8.578038,66.115814,7.73208,4.0,3.888e-05,9,598,0.03856,0.05767,0.01,0.0,100,0.11111,1.0,,,-0.01,0.01986,0.00056,0.00298,0.00799,0.78038
2552,2613248,64.02381,139.75,0.875,0.97,1.002244,-0.000309,0.086011,0.000474,0.558325,0.000488,0.831625,66.153099,8.094337,64.89254,11.402592,4.0,3.878e-05,8,588,0.05044,0.07179,0.01,0.0,100,0.125,1.0,,,-0.01,0.02089,0.00022,0.00244,0.00388,0.57404
2553,2614272,73.76694,101.875,1.0,0.98,1.069896,-0.000914,0.016283,0.000724,0.240192,0.002162,0.545571,66.297493,2.563083,66.579002,2.712161,4.0,3.868e-05,8,546,0.04667,0.06528,0.01,0.0,100,0.25,1.0,,,-0.01,0.0228,-0.00023,0.00202,0.00368,0.61504
2554,2615296,56.21143,142.0,0.75,0.96,0.98688,-0.001109,0.209442,0.001398,0.490839,0.005057,0.414479,65.677261,5.337922,64.445915,8.980401,4.0,3.857e-05,8,554,0.04586,0.07296,0.02,0.0,100,0.5,0.66667,,,-0.01,0.02167,0.00068,0.00086,0.00382,0.47468
2555,2616320,73.39435,105.625,1.0,0.96,0.967166,-0.001277,0.019787,0.000899,0.213607,0.006313,0.855037,64.246307,4.831275,64.3293,5.50896,4.0,3.847e-05,8,609,0.05281,0.07641,0.02,0.0,100,0.375,1.0,,,-0.01,0.01795,-6e-05,0.00199,0.00612,0.70384
2556,2617344,72.67244,133.44444,1.0,0.96,1.020911,-0.000643,0.056212,0.000999,0.289113,0.00014,0.244869,64.240356,5.06152,64.440582,4.24294,4.0,3.837e-05,9,584,0.05279,0.07902,0.02,0.0,100,0.22222,0.75,,,-0.01,0.01941,0.00077,0.00249,0.00211,0.72824
2557,2618368,72.75211,124.1,1.0,0.96,1.092783,-0.00146,0.021784,0.000741,0.25401,0.00579,0.418451,65.223015,2.863424,65.534996,3.064774,4.0,3.827e-05,10,576,0.06775,0.09281,0.02,0.0,100,0.7,1.0,,,-0.01,0.01686,0.00075,-0.00137,0.00586,0.79144
2558,2619392,60.88857,113.33333,0.83333,0.95,1.099339,-0.001045,0.17988,0.001054,0.651412,0.002232,0.448224,65.274391,4.033177,63.67635,8.450167,4.0,3.816e-05,6,605,0.05111,0.07158,0.02,0.0,100,0.16667,0.5,,,-0.01,0.01582,0.00091,0.00093,0.00272,0.40765
2559,2620416,71.63918,169.0,1.0,0.95,1.116954,-0.002046,0.013568,0.002524,0.287091,0.022252,0.910781,62.226765,5.43602,62.197807,6.02229,4.0,3.806e-05,6,596,0.05252,0.07172,0.02,0.0,100,0.33333,1.0,,,-0.01,0.0155,0.00021,-1e-05,0.00704,0.48091
2560,2621440,64.71952,170.11111,0.88889,0.94,1.089475,-0.000959,0.026811,0.000949,0.303526,0.000384,0.874355,62.08054,6.343521,62.723713,6.839491,4.0,3.796e-05,9,568,0.04754,0.06943,0.03,0.0,100,0.11111,0.83333,,,-0.01,0.02011,0.00028,0.00133,0.00625,0.62082
2561,2622464,62.24438,107.71429,0.85714,0.93,1.067874,-0.000814,0.210772,0.000989,0.312657,0.001395,0.274226,63.996124,3.998924,63.346405,8.046154,4.0,3.786e-05,7,577,0.06264,0.08879,0.03,0.0,100,0.71429,0.66667,,,-0.01,0.01949,5e-05,0.00158,0.00244,0.46915
2562,2623488,73.10896,125.0,1.0,0.94,1.101349,-0.001571,0.011184,0.001727,0.417861,0.010045,0.754262,64.560951,2.944579,65.468864,3.097589,4.0,3.775e-05,9,568,0.052,0.0734,0.02,0.0,100,0.33333,0.75,,,-0.01,0.01928,9e-05,0.00215,0.00988,0.67637
2563,2624512,74.33447,103.09091,1.0,0.94,1.122765,-0.00199,0.009372,0.002025,0.444109,0.009382,0.814103,65.236191,2.845672,66.112038,3.188538,4.0,3.765e-05,11,551,0.04626,0.06836,0.02,0.0,100,0.09091,0.71429,,,-0.01,0.01841,0.00123,0.00142,0.00903,0.81118
2564,2625536,73.97093,107.0,1.0,0.95,1.086765,-0.002064,0.005721,0.002185,0.365212,0.014718,0.84453,66.371788,2.701694,67.096611,2.771895,4.0,3.755e-05,10,556,0.04907,0.07368,0.02,0.0,100,0.3,1.0,,,-0.01,0.01926,0.00034,0.00143,0.00951,0.73214
2565,2626560,74.05959,101.375,1.0,0.95,1.035639,-0.000727,0.008407,0.000504,0.29211,0.002476,0.722601,67.553772,2.749348,68.074005,2.599822,4.0,3.745e-05,8,541,0.04996,0.07374,0.02,0.0,100,0.375,1.0,,,-0.01,0.02008,0.00061,0.00195,0.00857,0.60323
2566,2627584,73.93755,105.25,1.0,0.97,1.012628,-0.000904,0.009256,0.000229,0.234665,7e-05,0.768934,68.335579,2.862221,68.058769,2.996663,4.0,3.734e-05,8,584,0.0546,0.07286,0.01,0.0,100,0.25,0.0,,,-0.01,0.0181,0.00025,0.00111,0.00522,0.65622
2567,2628608,72.37446,131.71429,1.0,0.97,0.951127,-0.002085,0.073421,0.003501,0.355257,0.045445,0.636951,66.303268,6.321476,65.679802,6.734739,4.0,3.724e-05,7,604,0.05443,0.07624,0.01,0.0,100,0.42857,1.0,,,-0.01,0.01669,0.00036,0.00205,0.00569,0.59744
2568,2629632,56.829,146.0,0.77778,0.95,0.94082,-0.000159,0.229584,0.000132,0.395946,0.0,0.367258,65.236351,5.910078,64.280098,9.026875,4.0,3.714e-05,9,581,0.05228,0.07581,0.02,0.0,100,0.66667,0.0,,,-0.01,0.01876,0.00013,0.00164,0.00764,0.58837
2569,2630656,74.44468,101.0,1.0,0.95,1.107089,-0.000874,0.0075,0.000103,0.361695,0.0,0.800439,66.045265,2.146316,66.806427,2.650267,4.0,3.704e-05,12,536,0.05746,0.08094,0.02,0.0,100,0.08333,1.0,,,-0.01,0.01909,0.00071,0.00222,0.00949,0.88243
2570,2631680,73.54558,110.11111,1.0,0.96,1.043322,-0.001704,0.007229,0.001632,0.251494,0.007743,0.708294,66.825493,2.046466,67.104744,2.375942,4.0,3.693e-05,9,507,0.05639,0.0814,0.02,0.0,100,0.44444,1.0,,,-0.01,0.01951,0.00084,0.00233,0.00568,0.685
2571,2632704,73.53746,106.625,1.0,0.97,0.935641,-0.001179,0.01492,0.000644,0.221135,0.000384,0.720721,66.725121,3.294785,66.856155,3.467308,4.0,3.683e-05,8,548,0.04549,0.06874,0.01,0.0,100,0.25,0.0,,,-0.01,0.01802,0.0002,0.00077,0.00914,0.668
2572,2633728,72.95616,114.8,1.0,0.98,0.964555,-0.001862,0.008586,0.002811,0.242571,0.024867,0.572639,67.573387,2.295584,67.924385,2.135863,4.0,3.673e-05,10,577,0.05474,0.08203,0.01,0.0,100,0.5,1.0,,,-0.01,0.01833,0.00015,0.00188,0.00373,0.79957
2573,2634752,73.68275,101.33333,1.0,0.98,0.971348,-0.000925,0.012478,0.000531,0.207548,0.000314,0.365896,67.870224,2.596231,68.243484,2.157851,4.0,3.663e-05,9,562,0.04867,0.07175,0.01,0.0,100,0.22222,1.0,,,-0.01,0.02112,0.00011,0.00226,0.00653,0.70775
2574,2635776,66.84919,107.27273,0.90909,0.97,0.999262,-0.000179,0.213317,0.000218,0.454893,0.0,0.210547,68.567711,2.336398,67.430557,7.735707,4.0,3.652e-05,11,561,0.04771,0.06943,0.01,0.0,100,0.27273,1.0,,,-0.01,0.01959,0.00036,0.00296,0.00798,0.76129
2575,2636800,66.66291,96.7,0.9,0.96,0.998263,-0.000969,0.206159,0.00168,0.423298,0.008789,0.189662,66.894272,2.488318,65.897743,7.623721,4.0,3.642e-05,10,535,0.04576,0.06772,0.01,0.0,100,0.1,1.0,,,-0.01,0.02119,5e-05,0.00289,0.00549,0.691
2576,2637824,74.0606,112.875,1.0,0.96,1.095192,-0.001076,0.009553,0.00061,0.289933,0.000419,0.728215,65.396484,2.237106,65.819435,2.692372,4.0,3.632e-05,8,520,0.04974,0.0694,0.01,0.0,100,0.125,1.0,,,-0.01,0.01887,0.00047,0.00174,0.00972,0.58006
2577,2638848,73.8062,112.45455,1.0,0.96,1.104405,-0.001422,0.010922,0.001055,0.294715,0.002581,0.560532,66.596977,2.33068,67.157654,2.337239,4.0,3.622e-05,11,550,0.05422,0.07523,0.01,0.0,100,0.27273,0.83333,,,-0.01,0.02024,0.0007,0.00183,0.00913,0.81063
2578,2639872,74.20198,100.4,1.0,0.96,1.057357,-0.001734,0.006851,0.002505,0.270436,0.012277,0.729397,66.972267,2.048949,67.387306,2.37806,4.0,3.612e-05,10,561,0.05191,0.07318,0.01,0.0,100,0.2,1.0,,,-0.01,0.01707,0.0005,0.00046,0.00986,0.75022
2579,2640896,73.42826,103.0,1.0,0.98,0.968686,-0.001965,0.010578,0.00259,0.246252,0.024763,0.578882,67.193375,2.298652,67.564201,2.400415,4.0,3.601e-05,10,543,0.04836,0.07269,0.0,0.0,100,0.5,1.0,,,-0.01,0.01735,0.00055,0.00132,0.00812,0.77586
2580,2641920,73.90633,101.6,1.0,0.98,0.971194,-0.000767,0.010167,0.000859,0.25194,0.004987,0.532751,68.030434,2.409652,68.519112,2.214805,4.0,3.591e-05,10,546,0.04743,0.07024,0.0,0.0,100,0.1,1.0,,,-0.01,0.02185,8e-05,0.00177,0.00969,0.75656
2581,2642944,73.70945,102.7,1.0,0.98,0.91971,-0.001791,0.021635,0.001567,0.218401,0.009103,0.551297,67.89473,3.690621,68.126823,3.33593,4.0,3.581e-05,10,562,0.04902,0.06933,0.0,0.0,100,0.1,1.0,,,-0.01,0.01893,0.0004,0.00137,0.00751,0.81238
2582,2643968,66.57667,99.7,0.9,0.97,0.984121,-0.000275,0.151242,0.000172,0.537104,0.0,0.549738,67.985512,4.103278,66.888077,9.02344,4.0,3.571e-05,10,548,0.04811,0.0706,0.0,0.0,100,0.2,0.0,,,-0.01,0.01978,0.00042,0.00241,0.00591,0.67061
2583,2644992,74.46997,93.33333,1.0,0.97,0.97413,-0.000883,0.037504,0.000511,0.219553,3.5e-05,0.531427,67.277756,4.064342,67.382889,4.124419,4.0,3.56e-05,9,566,0.04455,0.06899,0.0,0.0,100,0.22222,0.0,,,-0.01,0.02014,0.00059,0.00218,0.0081,0.70444
2584,2646016,62.44658,101.57143,0.85714,0.96,0.95307,-0.000572,0.183127,0.000808,0.277621,3.5e-05,0.252587,67.57991,3.401889,67.059952,7.42471,4.0,3.55e-05,7,587,0.03857,0.05858,0.0,0.0,100,0.28571,1.0,,,-0.01,0.01915,0.00037,0.00266,0.0073,0.48888
2585,2647040,74.2581,105.72727,1.0,0.98,1.011334,-0.000672,0.012243,0.000168,0.232105,3.5e-05,0.834302,66.349556,3.75359,66.608147,4.14411,4.0,3.54e-05,11,570,0.04478,0.06084,0.0,0.0,100,0.0,1.0,,,-0.01,0.01881,0.00029,0.00189,0.00859,0.85461
2586,2648064,57.45832,141.11111,0.77778,0.96,1.010206,-0.001382,0.229386,0.000776,0.845305,0.00136,0.609859,64.922409,8.006969,62.820728,11.358651,4.0,3.53e-05,9,565,0.05387,0.07981,0.01,0.0,100,0.22222,1.0,,,-0.01,0.02098,0.00047,0.00143,0.00062,0.54195
2587,2649088,72.87272,114.11111,1.0,0.96,0.92248,-0.001232,0.054097,0.001491,0.664998,0.003627,0.404343,63.084831,5.610391,64.584534,4.41728,4.0,3.519e-05,9,560,0.04679,0.06939,0.01,0.0,100,0.33333,1.0,,,-0.01,0.02077,0.00079,0.00053,0.00866,0.72285
2588,2650112,73.96656,94.18182,1.0,0.96,0.980549,-0.000998,0.01684,0.001307,0.316359,0.008545,0.495144,66.528023,3.016008,67.178711,2.866789,4.0,3.509e-05,11,568,0.04838,0.07414,0.01,0.0,100,0.09091,1.0,,,-0.01,0.01896,0.00063,0.00248,0.00808,0.86844
2589,2651136,73.70317,111.66667,1.0,0.96,1.024107,-0.000723,0.010748,8.5e-05,0.227426,0.0,0.597339,67.475388,2.607526,67.615746,2.518686,4.0,3.499e-05,9,567,0.04886,0.06925,0.01,0.0,100,0.11111,1.0,,,-0.01,0.01782,0.00015,0.00188,0.00456,0.68732
2590,2652160,73.58736,102.9,1.0,0.96,0.985479,-0.000571,0.012749,0.000309,0.221889,0.000279,0.603511,67.195206,2.763759,67.502983,2.725336,4.0,3.489e-05,10,559,0.0507,0.07173,0.01,0.0,100,0.2,0.0,,,-0.01,0.01841,0.00072,0.00012,0.00754,0.77878
2591,2653184,66.20455,107.63636,0.90909,0.95,1.034462,-0.000334,0.208695,0.000701,0.508855,0.002476,0.229603,67.823631,2.552641,66.539574,7.729447,4.0,3.478e-05,11,558,0.05009,0.07254,0.01,0.0,100,0.36364,0.66667,,,-0.01,0.01767,0.00058,0.00029,0.00363,0.76471
2592,2654208,54.38922,104.375,0.75,0.93,1.067538,-0.001439,0.364759,0.001765,0.802603,0.014195,0.277555,65.777153,3.47745,63.713894,10.597053,4.0,3.468e-05,8,558,0.04319,0.06352,0.01,0.0,100,0.5,1.0,,,-0.01,0.01865,0.00022,0.0022,0.00441,0.4426
2593,2655232,73.14761,125.5,1.0,0.94,1.097217,-0.001313,0.04577,0.00157,0.295775,0.007324,0.854261,61.591228,8.095723,61.426601,8.372397,4.0,3.458e-05,6,569,0.04284,0.06138,0.01,0.0,100,0.5,1.0,,,-0.01,0.0143,0.00041,0.00319,0.00237,0.47812
2594,2656256,63.36654,145.5,0.875,0.93,1.032088,-0.001512,0.183057,0.00177,0.530228,0.007185,0.687957,59.822838,8.667617,58.690151,11.415956,4.0,3.448e-05,8,572,0.04687,0.06795,0.01,0.0,100,0.25,0.5,,,-0.01,0.01786,0.00046,0.00231,0.00295,0.5559
2595,2657280,64.30584,154.25,0.875,0.93,0.978511,-0.001392,0.03446,0.001156,0.455149,0.004081,0.921828,58.967857,9.061639,59.99926,9.915014,4.0,3.437e-05,8,573,0.04053,0.05828,0.02,0.0,100,0.375,0.66667,,,-0.01,0.01926,0.0005,0.00184,0.00886,0.55163
2596,2658304,74.00451,99.7,1.0,0.93,1.028341,-0.000706,0.038668,0.000529,0.430819,0.000105,0.69542,63.018528,4.113629,63.926609,5.312128,4.0,3.427e-05,10,551,0.05819,0.08281,0.02,0.0,100,0.5,1.0,,,-0.01,0.01796,0.00043,0.0025,0.00892,0.75282
2597,2659328,73.91241,101.88889,1.0,0.95,0.967102,-0.000491,0.046195,0.001222,0.29881,0.001918,0.817074,62.536438,7.850855,63.250408,7.622087,4.0,3.417e-05,9,595,0.04827,0.06894,0.01,0.0,100,0.11111,1.0,,,-0.01,0.01715,9e-05,0.00185,0.00565,0.74991
2598,2660352,73.10198,112.18182,1.0,0.95,1.079734,-0.00088,0.021663,0.000274,0.441831,0.0,0.654098,64.991806,3.839226,66.001488,3.700534,4.0,3.407e-05,11,548,0.06819,0.09392,0.01,0.0,100,0.54545,0.75,,,-0.01,0.01566,0.00041,-0.0023,0.00976,0.81613
2599,2661376,73.26128,105.8,1.0,0.95,1.041562,-0.001519,0.011656,0.001366,0.31727,0.00429,0.715899,66.917763,3.35288,67.498276,3.063786,4.0,3.396e-05,10,549,0.05418,0.07234,0.01,0.0,100,0.2,1.0,,,-0.01,0.01833,0.00048,0.00079,0.00837,0.7489
2600,2662400,72.94166,110.75,1.0,0.95,0.982183,-0.000931,0.014697,0.000612,0.281306,3.5e-05,0.5747,67.92717,3.439937,68.353523,2.864166,4.0,3.386e-05,8,575,0.05043,0.0709,0.01,0.0,100,0.125,0.66667,,,-0.01,0.01463,0.00071,-0.00239,0.01239,0.61364
2601,2663424,73.82775,99.90909,1.0,0.95,0.985251,-0.001269,0.009862,0.001533,0.249541,0.003034,0.597413,68.74369,2.838427,69.096977,2.43613,4.0,3.376e-05,11,554,0.04943,0.0746,0.01,0.0,100,0.18182,1.0,,,-0.01,0.01756,0.0002,0.00149,0.01011,0.83638
2602,2664448,66.04835,99.1,0.9,0.95,0.988111,-0.001232,0.230087,0.001102,0.45778,0.003627,0.111536,69.203804,2.717582,68.180138,7.541007,4.0,3.366e-05,10,561,0.05352,0.0799,0.01,0.0,100,0.2,1.0,,,-0.01,0.01822,0.00036,0.0018,0.00381,0.69795
2603,2665472,73.73151,101.88889,1.0,0.97,1.060604,-0.0016,0.005428,0.000815,0.322315,0.003523,0.761873,68.09552,2.282521,68.450699,2.199414,4.0,3.356e-05,9,556,0.05241,0.07255,0.01,0.0,100,0.22222,1.0,,,-0.01,0.01859,0.00041,0.00084,0.01024,0.67164
2604,2666496,67.36104,101.25,0.91667,0.96,0.979074,-0.00033,0.188294,0.000259,0.425931,3.5e-05,0.335321,68.21505,3.010361,67.383125,7.963419,4.0,3.345e-05,12,553,0.05756,0.08541,0.01,0.0,100,0.33333,0.85714,,,-0.01,0.01791,0.00015,0.00134,0.0064,0.85499
2605,2667520,73.02371,101.7,1.0,0.98,1.011034,-0.001127,0.033828,0.001385,0.282185,0.003627,0.446125,66.31086,3.923846,66.75798,3.651952,4.0,3.335e-05,10,557,0.04994,0.07406,0.0,0.0,100,0.4,1.0,,,-0.01,0.01697,0.00053,-0.0023,0.00695,0.77454
2606,2668544,74.1493,98.36364,1.0,0.98,1.061008,-0.000518,0.014239,0.000197,0.226166,0.0,0.443496,67.702576,2.693282,68.122765,2.440667,4.0,3.325e-05,11,544,0.04975,0.07097,0.0,0.0,100,0.18182,0.5,,,-0.01,0.01993,0.00086,0.00258,0.00781,0.8126
2607,2669568,74.01126,100.75,1.0,0.98,1.030494,-0.001135,0.011169,0.001276,0.232732,0.004499,0.719295,68.20665,2.613712,68.120865,2.984991,4.0,3.315e-05,8,561,0.04657,0.06664,0.0,0.0,100,0.125,1.0,,,-0.01,0.01932,0.00037,0.00198,0.00726,0.618
2608,2670592,73.68211,104.3,1.0,0.98,1.01059,-0.000848,0.010545,0.000276,0.183411,0.0,0.783896,67.812996,3.310156,67.906776,3.318607,4.0,3.304e-05,10,567,0.05835,0.08157,0.0,0.0,100,0.3,0.5,,,-0.01,0.01672,0.00048,0.00162,0.00835,0.78975
2609,2671616,64.71363,119.66667,0.88889,0.97,1.057225,-0.000379,0.178076,0.000143,0.519327,0.0,0.508009,67.933578,4.456453,66.73568,8.93784,4.0,3.294e-05,9,553,0.05788,0.07831,0.0,0.0,100,0.33333,0.0,,,-0.01,0.01946,0.0002,0.00205,0.00471,0.59311
2610,2672640,66.63448,97.72727,0.90909,0.96,1.005714,-0.000593,0.189089,9.8e-05,0.422902,0.0,0.427619,66.471092,4.083867,65.552444,8.663838,4.0,3.284e-05,11,540,0.06645,0.09664,0.0,0.0,100,0.36364,1.0,,,-0.01,0.01959,-0.00034,0.00153,0.00386,0.78344
2611,2673664,73.71611,100.3,1.0,0.96,1.040416,-0.000893,0.024173,0.000404,0.29309,7e-05,0.720917,64.325081,3.724868,64.897209,4.381281,4.0,3.274e-05,10,547,0.06732,0.08961,0.0,0.0,100,0.2,0.33333,,,-0.01,0.01826,0.00076,0.00069,0.00637,0.76482
2612,2674688,73.56664,105.125,1.0,0.97,1.012926,-0.001068,0.014638,0.000357,0.230689,0.000907,0.900434,64.512009,5.410175,64.696976,5.989164,4.0,3.263e-05,8,570,0.06088,0.08821,0.0,0.0,100,0.125,0.0,,,-0.01,0.01634,0.00113,0.00056,0.00342,0.62528
2613,2675712,73.77011,99.33333,1.0,0.97,1.021046,-0.000564,0.011061,0.00036,0.259655,0.000105,0.958046,64.242073,7.302837,64.683434,7.912954,4.0,3.253e-05,9,556,0.05639,0.08032,0.0,0.0,100,0.33333,1.0,,,-0.01,0.01848,0.00068,3e-05,0.00891,0.70555
2614,2676736,66.98505,130.18182,0.90909,0.97,1.041856,-0.001177,0.005842,0.000876,0.288153,0.000384,0.971604,66.212395,6.620202,66.638664,6.919882,4.0,3.243e-05,11,561,0.05364,0.07376,0.01,0.0,100,0.09091,1.0,,,-0.01,0.01894,0.0005,0.00268,0.0076,0.76941
2615,2677760,66.38357,100.1,0.9,0.96,1.023112,-0.001595,0.231891,0.002492,0.504184,0.019043,0.258157,67.271729,4.400475,66.145744,8.287759,4.0,3.233e-05,10,564,0.04997,0.07054,0.01,0.0,100,0.1,0.0,,,-0.01,0.01757,0.00068,0.00293,0.00475,0.68862
2616,2678784,73.60504,104.42857,1.0,0.96,0.938142,-0.000929,0.022725,0.000274,0.266143,0.0,0.828985,65.001808,5.264743,65.428543,5.384453,4.0,3.222e-05,7,574,0.04312,0.06394,0.01,0.0,100,0.0,0.0,,,-0.01,0.01699,0.00045,0.00145,0.00836,0.57339
2617,2679808,73.17161,114.75,1.0,0.96,1.081535,-0.001776,0.013271,0.001495,0.351278,0.009696,0.628672,66.93615,3.309923,67.515701,2.839301,4.0,3.212e-05,12,556,0.05366,0.08263,0.01,0.0,100,0.25,1.0,,,-0.01,0.01692,0.00042,-0.00085,0.00837,0.88874
2618,2680832,73.81183,98.71429,1.0,0.96,1.029679,-0.000857,0.017764,0.000472,0.256315,0.000384,0.6061,67.445938,2.855267,67.407295,3.173885,4.0,3.202e-05,7,559,0.04724,0.06888,0.01,0.0,100,0.42857,1.0,,,-0.01,0.01854,-0.00014,0.00164,0.00751,0.53846
2619,2681856,64.11296,118.44444,0.88889,0.95,1.000896,-0.000216,0.210335,0.000627,0.290138,0.000279,0.24302,67.081398,3.361526,66.385536,7.84231,4.0,3.192e-05,9,572,0.04815,0.06837,0.01,0.0,100,0.33333,1.0,,,-0.01,0.01645,0.00052,0.00112,0.00753,0.63847
2620,2682880,73.91637,107.1,1.0,0.96,1.123192,-0.000715,0.010852,0.000286,0.257159,0.0,0.684313,67.271622,2.84063,67.70665,2.713395,4.0,3.181e-05,10,558,0.04943,0.06971,0.01,0.0,100,0.1,0.0,,,-0.01,0.0165,0.00066,0.00058,0.00985,0.74413
2621,2683904,73.38933,107.63636,1.0,0.97,1.115382,-0.000637,0.007531,0.000319,0.203751,0.0,0.678761,67.620094,2.395578,67.876488,2.302935,4.0,3.171e-05,11,556,0.05075,0.0756,0.01,0.0,100,0.27273,0.88889,,,-0.01,0.01896,0.00053,0.00178,0.00595,0.83276
2622,2684928,73.4519,119.5,1.0,0.97,1.106271,-0.001741,0.006949,0.001688,0.242884,0.010847,0.664068,68.069519,2.336737,68.129158,2.17455,4.0,3.161e-05,8,564,0.04256,0.063,0.01,0.0,100,0.125,0.0,,,-0.01,0.0174,0.00043,0.00166,0.00774,0.60568
2623,2685952,73.5726,112.8,1.0,0.97,1.138264,-0.001657,0.008836,0.001272,0.242262,0.004953,0.817232,67.487381,2.938141,67.469139,3.3047,4.0,3.151e-05,10,549,0.04222,0.0645,0.01,0.0,100,0.3,1.0,,,-0.01,0.01666,0.00049,-0.00141,0.00608,0.73509
2624,2686976,74.15888,104.2,1.0,0.97,1.098832,-0.000787,0.011746,0.000583,0.258761,0.0,0.859312,67.465149,4.001381,67.310402,4.321815,4.0,3.14e-05,5,568,0.03339,0.05046,0.01,0.0,100,0.2,1.0,,,-0.01,0.01897,0.00057,0.00372,0.00768,0.38033
2625,2688000,73.39661,128.28571,1.0,0.98,1.052569,-0.000662,0.007948,0.000193,0.220532,0.0,0.943797,66.186661,5.429045,65.977104,5.731882,4.0,3.13e-05,7,587,0.03743,0.05743,0.0,0.0,100,0.28571,1.0,,,-0.01,0.01883,0.00068,0.00267,0.00453,0.5622
2626,2689024,66.10879,146.9,0.9,0.98,1.117725,-0.002128,0.006255,0.002545,0.272181,0.028285,0.939498,66.507851,4.558959,66.673904,4.81492,4.0,3.12e-05,10,562,0.03832,0.05694,0.01,0.0,100,0.4,0.0,,,-0.01,0.01878,0.0007,0.00309,0.00744,0.68339
2627,2690048,73.65049,119.0,1.0,0.98,1.074726,-0.000817,0.008974,0.000351,0.202763,0.000174,0.602428,68.062759,2.409466,68.022255,2.24674,4.0,3.11e-05,7,565,0.03878,0.05793,0.01,0.0,100,0.0,1.0,,,-0.01,0.01824,0.00036,0.00123,0.00772,0.54949
2628,2691072,73.35782,119.42857,1.0,0.98,1.073051,-0.001287,0.007544,0.000963,0.270152,0.004604,0.673438,68.032387,2.121711,67.718582,2.279764,4.0,3.1e-05,7,592,0.04972,0.06679,0.01,0.0,100,0.0,0.0,,,-0.01,0.01574,0.00081,0.00081,0.00687,0.57426
2629,2692096,71.14192,175.5,1.0,0.98,1.086368,-0.001625,0.008507,0.001639,0.237625,0.004534,0.718881,67.080917,2.479666,66.877808,2.572286,4.0,3.089e-05,8,583,0.05482,0.07918,0.01,0.0,100,0.25,0.55556,,,-0.01,0.01615,0.00054,-0.00156,0.00486,0.62427
2630,2693120,73.15163,106.3,1.0,0.98,1.099753,-0.000672,0.007011,0.00029,0.265326,0.0,0.679869,67.262726,2.01672,67.62352,2.182868,4.0,3.079e-05,10,549,0.04612,0.06746,0.01,0.0,100,0.4,0.5,,,-0.01,0.01783,0.00064,0.0017,0.00704,0.7557
2631,2694144,73.89273,113.125,1.0,0.99,1.134744,-0.000973,0.005265,0.000844,0.222988,3.5e-05,0.662884,68.171715,1.892558,68.16523,1.861402,4.0,3.069e-05,8,571,0.05013,0.07064,0.01,0.0,100,0.0,0.5,,,-0.01,0.01783,0.00075,0.00194,0.00852,0.6003
2632,2695168,72.95423,125.125,1.0,0.99,1.11922,-0.001752,0.010368,0.002253,0.254161,0.020787,0.75268,67.459274,2.790872,67.361275,3.053338,4.0,3.059e-05,8,568,0.0532,0.07275,0.01,0.0,100,0.5,0.66667,,,-0.01,0.01665,0.00062,0.00165,0.00632,0.60455
2633,2696192,73.3977,115.77778,1.0,0.99,1.131764,-0.001413,0.009787,0.000738,0.248765,0.000384,0.680924,67.211586,2.620782,67.341202,2.614584,4.0,3.048e-05,9,551,0.04343,0.06409,0.01,0.0,100,0.22222,1.0,,,-0.01,0.01869,0.00036,0.00259,0.00664,0.68444
2634,2697216,64.68131,133.88889,0.88889,0.98,1.121243,-0.000371,0.186649,0.000316,0.439231,0.0,0.329703,67.840294,2.666102,66.901871,7.920772,4.0,3.038e-05,9,549,0.04142,0.06126,0.01,0.0,100,0.22222,1.0,,,-0.01,0.02111,0.00052,-0.00026,0.00657,0.5678
2635,2698240,67.46216,93.36364,0.90909,0.97,1.050961,-0.000542,0.174649,7.2e-05,0.346407,0.0,0.342461,66.587685,2.753357,66.193748,7.867151,4.0,3.028e-05,11,541,0.04443,0.07105,0.01,0.0,100,0.09091,1.0,,,-0.01,0.0224,0.00092,0.00302,0.00587,0.75424
2636,2699264,74.07418,104.22222,1.0,0.97,1.068075,-0.00243,0.008443,0.001933,0.318195,0.012591,0.726985,66.217514,2.105912,66.657913,2.496145,4.0,3.018e-05,9,555,0.04404,0.06445,0.01,0.0,100,0.11111,0.0,,,-0.01,0.02021,0.0005,0.00071,0.01008,0.6652
2637,2700288,73.62725,97.91667,1.0,0.98,0.964215,-0.000875,0.03433,0.000852,0.277285,0.000174,0.395356,65.956978,3.456199,66.452141,3.598304,4.0,3.007e-05,12,563,0.05721,0.08777,0.0,0.0,100,0.33333,0.5,,,-0.01,0.01724,0.00038,-0.00054,0.00508,0.94975
2638,2701312,73.85258,93.09091,1.0,0.98,0.969231,-0.000346,0.032077,0.00038,0.261881,0.0,0.303913,66.592476,3.462529,67.120766,3.292634,4.0,2.997e-05,11,558,0.0436,0.06889,0.0,0.0,100,0.63636,1.0,,,-0.01,0.02037,0.00103,0.00238,0.00727,0.84283
2639,2702336,73.94735,96.7,1.0,0.98,0.998908,-0.001571,0.009452,0.001997,0.282818,0.015485,0.616993,67.948326,2.410007,68.413223,2.385001,4.0,2.987e-05,10,552,0.04356,0.06572,0.0,0.0,100,0.4,1.0,,,-0.01,0.01827,0.00066,0.00168,0.01081,0.76679
2640,2703360,73.96219,95.27273,1.0,0.98,1.014447,-0.000801,0.010822,0.000884,0.213365,0.000837,0.563961,68.443413,2.324253,68.672745,2.360308,4.0,2.977e-05,11,531,0.04347,0.0652,0.0,0.0,100,0.18182,1.0,,,-0.01,0.01869,0.00058,0.00195,0.00735,0.82219
2641,2704384,74.05663,93.75,1.0,0.98,0.972564,-0.000748,0.005949,0.00017,0.252557,0.0,0.656377,68.998024,2.116809,69.429695,1.960339,4.0,2.966e-05,12,551,0.04509,0.06877,0.0,0.0,100,0.16667,0.5,,,-0.01,0.01918,0.00076,-0.00091,0.01163,0.91556
2642,2705408,73.9719,88.6,1.0,0.98,1.031924,-0.000658,0.006093,0.000807,0.206786,0.0,0.580263,69.483406,2.060981,69.747383,1.820496,4.0,2.956e-05,10,542,0.04335,0.06804,0.0,0.0,100,0.4,0.0,,,-0.01,0.02014,0.00053,0.00016,0.00871,0.7279
2643,2706432,74.64572,90.5,1.0,0.99,1.000558,-0.001008,0.004195,0.000403,0.238423,0.000488,0.675597,69.918884,1.870662,70.107109,1.70865,4.0,2.946e-05,12,536,0.04708,0.06872,0.0,0.0,100,0.16667,1.0,,,-0.01,0.02172,0.00108,0.0008,0.0107,0.88905
2644,2707456,74.3226,89.36364,1.0,1.0,1.026994,-0.001053,0.003259,0.001184,0.245751,0.000349,0.667493,70.276268,1.71228,70.409973,1.492806,4.0,2.936e-05,11,535,0.04732,0.07076,0.0,0.0,100,0.09091,0.0,,,-0.01,0.02027,0.00052,0.00227,0.01165,0.80202
2645,2708480,74.30715,89.08333,1.0,1.0,0.942107,-0.00126,0.009566,0.001091,0.231152,0.004918,0.414594,70.310074,2.055237,70.333847,1.916244,4.0,2.925e-05,12,552,0.04927,0.08077,0.0,0.0,100,0.33333,1.0,,,-0.01,0.02023,0.00061,0.00087,0.00925,0.93964
2646,2709504,67.84539,89.5,0.91667,0.99,1.015171,-0.00046,0.23357,0.001231,0.629485,0.000174,0.176815,70.192162,2.671593,68.776863,7.820924,4.0,2.915e-05,12,531,0.04662,0.0725,0.0,0.0,100,0.41667,1.0,,,-0.01,0.0205,0.00036,0.00128,0.00821,0.81732
2647,2710528,74.54035,95.71429,1.0,0.99,1.081579,-0.000899,0.007547,0.000342,0.316047,0.0,0.840341,68.504372,2.596561,68.270988,3.21281,4.0,2.905e-05,7,546,0.04933,0.06553,0.0,0.0,100,0.28571,1.0,,,-0.01,0.01644,0.00022,0.0006,0.01055,0.50735
2648,2711552,73.50688,109.4,1.0,0.99,1.037292,-0.001147,0.007843,0.000477,0.247045,0.0,0.922156,67.315208,4.292683,67.182335,4.795759,4.0,2.895e-05,10,563,0.05204,0.07039,0.0,0.0,100,0.0,1.0,,,-0.01,0.01659,7e-05,7e-05,0.00627,0.75541
2649,2712576,66.70809,93.3,0.9,0.98,0.951891,-0.000476,0.19378,0.000132,0.436757,0.0,0.526178,66.296165,5.892668,65.348839,9.511798,4.0,2.884e-05,10,565,0.0463,0.0679,0.0,0.0,100,0.2,1.0,,,-0.01,0.02004,0.00032,0.00198,0.00607,0.70453
2650,2713600,65.09959,138.11111,0.88889,0.97,1.051164,-0.000917,0.006822,0.000229,0.312359,0.0,0.951845,66.137245,5.011778,66.647934,5.418361,4.0,2.874e-05,9,544,0.04596,0.06426,0.01,0.0,100,0.11111,0.0,,,-0.01,0.02004,0.00102,0.00065,0.01115,0.59095
2651,2714624,74.53888,90.42857,1.0,0.97,1.052213,-0.000378,0.018345,9e-05,0.307642,0.0,0.503775,67.502975,3.04615,68.144501,2.85387,4.0,2.864e-05,14,551,0.05284,0.07744,0.01,0.0,100,0.07143,0.5,,,-0.01,0.01894,0.00116,0.00133,0.00991,1.03258
2652,2715648,74.06902,97.11111,1.0,0.97,1.036876,-0.001047,0.004307,0.000291,0.270567,0.0,0.704181,68.813484,1.773493,69.086678,1.804328,4.0,2.854e-05,9,539,0.03638,0.05529,0.01,0.0,100,0.0,1.0,,,-0.01,0.02132,0.0004,-0.00097,0.01089,0.65114
2653,2716672,74.27033,92.18182,1.0,0.97,0.978099,-0.0007,0.009017,0.000588,0.218781,3.5e-05,0.541823,69.382744,1.927794,69.306541,2.085623,4.0,2.844e-05,11,554,0.03994,0.06253,0.01,0.0,100,0.18182,1.0,,,-0.01,0.02166,0.00066,0.0001,0.00826,0.85562
2654,2717696,73.8453,96.0,1.0,0.97,0.936437,-0.000469,0.048488,7.2e-05,0.272536,0.0,0.573961,67.836266,5.170746,67.599533,5.052815,4.0,2.833e-05,9,578,0.05026,0.077,0.01,0.0,100,0.22222,0.0,,,-0.01,0.01972,0.0006,-0.00139,0.0048,0.7327
2655,2718720,73.53581,96.8,1.0,0.97,0.865793,-0.001513,0.011147,0.000668,0.260317,0.002825,0.953802,66.1577,6.667741,66.023666,7.409139,4.0,2.823e-05,10,562,0.05188,0.07538,0.01,0.0,100,0.3,0.0,,,-0.01,0.01972,6e-05,0.00139,0.0067,0.85383
2656,2719744,51.14969,85.9,0.7,0.95,0.825687,-0.0004,0.552952,0.000352,1.6313,0.000105,0.528592,64.271317,10.480824,61.115669,15.70775,4.0,2.813e-05,10,584,0.04012,0.06446,0.01,0.0,100,0.3,0.0,,,-0.01,0.01823,0.0009,-0.00071,0.00506,0.60099
2657,2720768,72.71189,116.58333,1.0,0.95,0.93191,-0.000513,0.05278,0.000445,0.848444,0.00014,0.34082,65.445137,5.602103,66.506554,3.875782,4.0,2.803e-05,12,542,0.04365,0.06885,0.01,0.0,100,0.33333,1.0,,,-0.01,0.02069,0.00057,-0.00117,0.00445,0.92319
2658,2721792,58.23941,88.8,0.8,0.94,0.880277,-0.001231,0.386559,0.002398,1.505077,0.017404,0.43995,65.18203,5.866489,62.790112,11.931443,4.0,2.792e-05,10,566,0.04129,0.06872,0.01,0.0,100,0.4,0.0,,,-0.01,0.01876,0.0006,-0.00037,0.00112,0.64103
2659,2722816,68.07641,93.76923,0.92308,0.94,0.937724,-0.0001,0.168636,6e-05,0.647903,0.0,0.470532,65.191063,3.958309,65.269363,8.492966,4.0,2.782e-05,13,552,0.04795,0.07185,0.0,0.0,100,0.30769,1.0,,,-0.01,0.01881,0.00069,0.00109,0.00837,0.94809
2660,2723840,67.73394,86.91667,0.91667,0.93,0.956513,-0.000663,0.193107,8.6e-05,0.268353,7e-05,0.381184,65.251106,3.510284,65.121002,8.375574,4.0,2.772e-05,12,547,0.04583,0.07039,0.0,0.0,100,0.25,0.0,,,-0.01,0.01834,0.0008,0.00041,0.00856,0.8283
2661,2724864,67.68164,86.41667,0.91667,0.92,0.95082,-0.000913,0.18024,0.000563,0.324052,0.000174,0.488976,65.130569,4.388264,64.979576,8.885819,4.0,2.762e-05,12,516,0.03984,0.06372,0.0,0.0,100,0.41667,0.0,,,-0.01,0.0195,0.00074,0.00102,0.00756,0.83065
2662,2725888,66.4366,92.09091,0.90909,0.91,0.858771,-0.000286,0.295324,0.000368,0.344327,3.5e-05,0.261568,62.031555,6.802943,61.591209,9.408145,4.0,2.751e-05,11,571,0.05599,0.08893,0.0,0.0,100,0.36364,1.0,,,-0.01,0.01871,0.00065,0.00018,0.0011,0.83073
2663,2726912,73.74352,91.6,1.0,0.91,0.913239,-0.000475,0.055391,0.00015,0.423721,0.0,0.416341,63.50576,4.591345,64.54203,4.718762,4.0,2.741e-05,10,554,0.04695,0.07192,0.0,0.0,100,0.2,1.0,,,-0.01,0.01953,0.00059,-0.00055,0.00608,0.79527
2664,2727936,66.94931,90.81818,0.90909,0.91,0.929273,-0.001065,0.192621,0.001148,0.278995,0.001709,0.582221,63.731289,6.408431,63.552395,10.079248,4.0,2.731e-05,11,566,0.04613,0.0678,0.0,0.0,100,0.27273,1.0,,,-0.01,0.01734,0.00053,0.00211,0.01049,0.78134
2665,2728960,74.1112,94.54545,1.0,0.93,1.003473,-0.000753,0.033005,0.00027,0.407765,0.000174,0.619048,64.806412,3.93729,65.603722,4.306361,4.0,2.721e-05,11,548,0.04049,0.0631,0.0,0.0,100,0.09091,0.5,,,-0.01,0.01893,0.00078,0.00087,0.00757,0.8221
2666,2729984,73.80923,94.91667,1.0,0.93,0.96588,-0.000915,0.031572,0.00153,0.4363,0.001988,0.456538,66.08651,4.042,67.034073,3.632041,4.0,2.71e-05,12,554,0.04678,0.07216,0.0,0.0,100,0.33333,0.5,,,-0.01,0.01813,0.00092,0.00153,0.00871,0.92766
2667,2731008,73.94144,93.90909,1.0,0.95,0.933668,-0.000514,0.041231,0.000304,0.30985,0.000698,0.403165,66.700569,4.627357,67.326981,4.005532,4.0,2.7e-05,11,540,0.04692,0.07448,0.0,0.0,100,0.54545,0.33333,,,-0.01,0.01921,0.00097,0.00149,0.00721,0.8762
2668,2732032,73.75883,93.2,1.0,0.96,1.004315,-0.000388,0.01639,0.000119,0.28909,0.0,0.477755,68.262558,3.276855,68.765587,2.735043,4.0,2.69e-05,10,550,0.04116,0.06499,0.0,0.0,100,0.5,0.5,,,-0.01,0.01836,0.00022,0.00102,0.0089,0.76305
2669,2733056,73.83279,97.11111,1.0,0.97,1.005266,-0.001175,0.012539,0.00147,0.241946,0.003278,0.600252,69.215401,2.965398,69.479507,2.685175,4.0,2.68e-05,9,566,0.04019,0.06292,0.0,0.0,100,0.22222,1.0,,,-0.01,0.01882,0.0004,-0.00021,0.01045,0.68437
2670,2734080,74.03843,97.0,1.0,0.97,0.958618,-0.001178,0.008519,0.001537,0.250342,0.002895,0.860777,69.261032,3.666526,69.072334,3.763899,4.0,2.669e-05,11,584,0.04655,0.0717,0.0,0.0,100,0.18182,1.0,,,-0.01,0.01601,0.00091,0.00105,0.00918,0.90135
2671,2735104,73.1956,117.4,1.0,0.99,0.960843,-0.00048,0.011019,0.000207,0.191258,0.0,0.823061,68.948563,4.228129,69.039055,3.773777,4.0,2.659e-05,10,567,0.03565,0.05533,0.0,0.0,100,0.3,1.0,,,-0.01,0.01679,0.00048,0.00146,0.0106,0.77558
2672,2736128,73.93136,96.1,1.0,0.99,1.02333,-0.001866,0.019143,0.003099,0.302907,0.032366,0.496144,69.6213,2.702886,69.431503,2.892623,4.0,2.649e-05,10,539,0.04505,0.07039,0.0,0.0,100,0.5,1.0,,,-0.01,0.01669,0.00077,0.00128,0.00768,0.76665
2673,2737152,67.74625,93.41667,0.91667,0.98,1.031565,-0.000198,0.083402,7.6e-05,0.154714,0.0,0.352263,69.563522,2.412898,69.535751,5.326969,4.0,2.639e-05,12,532,0.03899,0.05746,0.0,0.0,100,0.16667,1.0,,,-0.01,0.01865,0.00054,0.00047,0.01388,0.80716
2674,2738176,66.3463,93.2,0.9,0.98,0.984272,-0.000707,0.200782,0.000698,0.540341,0.0,0.378244,69.299568,3.332311,68.090584,8.414919,4.0,2.628e-05,10,557,0.04718,0.07431,0.0,0.0,100,0.4,1.0,,,-0.01,0.01848,0.00062,0.00105,0.00962,0.68386
2675,2739200,66.43415,98.6,0.9,0.97,1.044499,-0.00068,0.195307,0.000419,0.522864,0.0,0.379465,67.878578,3.641742,66.515884,8.397948,4.0,2.618e-05,10,563,0.04929,0.07546,0.0,0.0,100,0.3,1.0,,,-0.01,0.01809,0.00078,0.00143,0.00462,0.69293
2676,2740224,66.09537,98.8,0.9,0.96,1.021026,-0.00047,0.183108,0.000323,0.354791,0.0,0.507571,65.363487,5.078111,64.698471,9.107966,4.0,2.608e-05,10,559,0.04085,0.0637,0.0,0.0,100,0.6,1.0,,,-0.01,0.02052,0.0001,0.00092,0.00621,0.68461
2677,2741248,74.04553,96.75,1.0,0.96,1.027744,-0.000876,0.029202,0.000686,0.401086,0.000593,0.580689,64.947197,3.210578,65.843544,3.783744,4.0,2.598e-05,12,548,0.04576,0.07198,0.0,0.0,100,0.41667,0.8,,,-0.01,0.01875,0.00044,0.00054,0.00882,0.91873
2678,2742272,73.66303,102.44444,1.0,0.96,1.059494,-0.000643,0.02685,0.000658,0.265263,0.00143,0.381811,66.156334,3.317604,66.563896,3.133057,4.0,2.588e-05,9,552,0.04423,0.06419,0.0,0.0,100,0.11111,1.0,,,-0.01,0.02087,0.00033,0.00245,0.00551,0.69642
2679,2743296,73.4848,114.0,1.0,0.96,1.116222,-0.000932,0.010907,0.000632,0.272467,0.000349,0.545716,67.348274,2.68259,67.640404,2.364515,4.0,2.577e-05,8,571,0.03572,0.04898,0.0,0.0,100,0.5,1.0,,,-0.01,0.01892,-0.00022,0.00248,0.00974,0.60431
2680,2744320,73.72169,116.375,1.0,0.96,1.150975,-0.001266,0.041345,0.001654,0.292292,0.007882,0.38947,67.571304,2.359781,67.067818,3.815474,4.0,2.567e-05,8,546,0.03496,0.05133,0.0,0.0,100,0.125,0.75,,,-0.01,0.01959,9e-05,0.00271,0.00384,0.59073
2681,2745344,59.3841,134.7,0.8,0.94,1.047282,-0.000168,0.109968,7.7e-05,0.176569,0.0,0.591258,65.433678,5.24927,65.401573,7.677177,4.0,2.557e-05,10,563,0.03896,0.06049,0.01,0.0,100,0.6,0.75,,,-0.01,0.01871,0.00081,0.00062,0.00816,0.61388
2682,2746368,65.58531,104.22222,0.88889,0.93,1.095821,-0.000507,0.19662,0.000196,0.453081,0.0,0.369006,66.714401,3.483509,65.727333,8.251646,4.0,2.547e-05,9,556,0.03842,0.05865,0.01,0.0,100,0.11111,1.0,,,-0.01,0.02071,0.00033,0.00224,0.00537,0.58775
2683,2747392,73.4771,103.125,1.0,0.94,1.002184,-0.000466,0.025282,0.000299,0.376109,0.0,0.346576,65.702072,3.212393,66.472359,2.810917,4.0,2.536e-05,8,568,0.03524,0.05509,0.01,0.0,100,0.25,1.0,,,-0.01,0.02016,0.00016,0.00241,0.00985,0.62018
2684,2748416,74.23424,99.76923,1.0,0.95,1.060462,-0.000956,0.040123,0.000627,0.224069,0.000174,0.488854,66.44603,3.212123,66.62664,4.139583,4.0,2.526e-05,13,542,0.04717,0.07245,0.01,0.0,100,0.0,1.0,,,-0.01,0.02065,0.00048,0.00036,0.00521,0.96382
2685,2749440,73.56047,100.55556,1.0,0.95,0.98313,-0.000423,0.021027,0.001195,0.381815,0.000593,0.233771,66.466156,3.216565,67.358406,2.500221,4.0,2.516e-05,9,549,0.03788,0.05831,0.01,0.0,100,0.33333,0.0,,,-0.01,0.02231,0.0003,0.00194,0.00699,0.71346
2686,2750464,73.97495,100.09091,1.0,0.97,1.015349,-0.00075,0.036778,0.000634,0.226738,0.002267,0.343618,67.628914,4.11005,67.950729,3.612801,4.0,2.506e-05,11,559,0.03663,0.05966,0.01,0.0,100,0.27273,1.0,,,-0.01,0.01886,0.00065,0.0019,0.01067,0.85764
2687,2751488,73.86991,111.6,1.0,0.97,1.091448,-0.000584,0.01171,0.000352,0.219599,0.0,0.705778,68.007721,3.41447,68.182022,3.029845,4.0,2.495e-05,10,557,0.03737,0.05726,0.01,0.0,100,0.2,1.0,,,-0.01,0.0196,0.00045,0.00286,0.00642,0.75612
2688,2752512,74.12997,101.875,1.0,0.97,1.056609,-0.000809,0.007013,0.000334,0.233196,0.0,0.59127,68.515617,1.919322,68.68,1.955084,4.0,2.485e-05,8,535,0.03368,0.05304,0.01,0.0,100,0.25,1.0,,,-0.01,0.0212,0.00042,0.00334,0.00674,0.59569
2689,2753536,73.66104,102.55556,1.0,0.97,1.013632,-0.001186,0.006496,0.000694,0.217585,0.000907,0.702978,68.887802,2.186864,68.91674,2.202374,4.0,2.475e-05,9,561,0.03837,0.05848,0.01,0.0,100,0.33333,1.0,,,-0.01,0.01827,0.00056,0.00162,0.00848,0.70724
2690,2754560,73.74269,105.71429,1.0,0.98,1.058418,-0.001169,0.006588,0.000669,0.252374,3.5e-05,0.614163,69.029526,2.182582,69.232468,1.956669,4.0,2.465e-05,14,552,0.04414,0.07047,0.01,0.0,100,0.35714,1.0,,,-0.01,0.01734,0.00043,0.00123,0.00894,1.03632
2691,2755584,74.36426,92.75,1.0,0.99,0.992997,-0.001202,0.004716,0.00099,0.214359,0.002023,0.684433,69.104515,1.787868,69.335411,1.808031,4.0,2.454e-05,8,543,0.03703,0.05649,0.0,0.0,100,0.0,1.0,,,-0.01,0.02286,0.00053,0.00265,0.00815,0.5926
2692,2756608,67.49268,95.0,0.90909,0.99,0.96101,-0.001066,0.187275,0.000865,0.618272,0.000593,0.469486,69.71389,3.741154,68.418648,8.777907,4.0,2.444e-05,11,562,0.03916,0.06272,0.0,0.0,100,0.18182,0.5,,,-0.01,0.02016,0.00112,0.00297,0.01045,0.77078
2693,2757632,74.66392,91.8,1.0,0.99,1.037257,-0.000671,0.004858,0.000398,0.348026,0.0,0.798627,68.395607,2.075264,68.638344,2.0905,4.0,2.434e-05,10,535,0.03007,0.04771,0.0,0.0,100,0.1,0.8,,,-0.01,0.02138,0.00028,0.0013,0.0076,0.73208
2694,2758656,72.76035,128.42857,1.0,0.99,1.009652,-0.00087,0.010616,0.000155,0.299201,0.0,0.435021,68.599571,2.252594,68.480019,2.018683,4.0,2.424e-05,7,580,0.02985,0.047,0.0,0.0,100,0.14286,1.0,,,-0.01,0.01814,0.00063,0.00236,0.00924,0.5335
2695,2759680,74.23741,92.36364,1.0,0.99,1.003676,-0.000762,0.022094,0.000226,0.246924,0.0,0.542923,68.300621,2.445579,68.147835,3.239193,4.0,2.413e-05,11,558,0.03656,0.05861,0.0,0.0,100,0.18182,1.0,,,-0.01,0.0188,0.00064,-0.00082,0.00558,0.85897
2696,2760704,61.01678,125.0,0.81818,0.97,1.041645,-0.000204,0.021525,5.7e-05,0.173642,0.0,0.758027,67.252922,3.285279,67.359802,4.447747,4.0,2.403e-05,11,556,0.02943,0.04568,0.01,0.0,100,0.09091,0.66667,,,-0.01,0.02097,0.0006,0.00164,0.00979,0.6643
2697,2761728,74.27368,89.5,1.0,0.97,0.979175,-0.00115,0.006381,0.000595,0.291679,0.00014,0.684042,68.385551,2.042614,68.813705,2.043136,4.0,2.393e-05,10,558,0.03463,0.05541,0.01,0.0,100,0.0,1.0,,,-0.01,0.01942,0.00055,-0.00162,0.01046,0.747
2698,2762752,73.92043,89.1,1.0,0.97,1.023689,-0.001118,0.009775,0.001904,0.207203,0.005092,0.595593,68.816208,2.346063,69.019119,2.305809,4.0,2.383e-05,10,530,0.03617,0.05499,0.01,0.0,100,0.0,1.0,,,-0.01,0.01928,0.00084,-0.00346,0.0097,0.73951
2699,2763776,73.67192,99.5,1.0,0.97,1.053213,-0.001846,0.004976,0.002023,0.248226,0.009103,0.548491,69.577637,1.704853,69.586769,1.565286,4.0,2.372e-05,10,548,0.03321,0.05404,0.01,0.0,100,0.2,0.0,,,-0.01,0.01942,0.00071,0.00149,0.00919,0.73501
2700,2764800,67.00647,91.90909,0.90909,0.96,0.99167,-0.000182,0.251161,0.000156,0.746746,0.0,0.095864,69.17585,2.835856,67.730042,7.688739,4.0,2.362e-05,11,565,0.03638,0.05904,0.01,0.0,100,0.27273,0.33333,,,-0.01,0.01805,0.00099,0.00172,0.00484,0.77784
2701,2765824,73.6649,117.90909,1.0,0.96,0.9684,-0.00054,0.008424,0.000127,0.410413,0.0,0.674256,67.726822,1.725588,68.056885,2.217739,4.0,2.352e-05,11,552,0.03563,0.05903,0.01,0.0,100,0.36364,1.0,,,-0.01,0.01981,0.00109,0.00136,0.00685,0.82039
2702,2766848,66.22512,90.8,0.9,0.96,0.938663,-0.000732,0.196028,0.000666,0.562504,0.002546,0.425644,67.526634,3.903008,66.457664,8.630145,4.0,2.342e-05,10,561,0.04247,0.07053,0.01,0.0,100,0.5,0.0,,,-0.01,0.01842,0.00107,-0.00037,0.00749,0.69728
2703,2767872,73.16175,98.9,1.0,0.96,0.976273,-0.000813,0.034572,0.000931,0.325088,0.005057,0.483386,65.767296,3.549508,65.907608,3.734421,4.0,2.332e-05,10,558,0.04171,0.0621,0.01,0.0,100,0.3,1.0,,,-0.01,0.01517,0.00049,-0.00351,0.00628,0.78556
2704,2768896,65.02279,98.88889,0.88889,0.95,0.969381,-0.000288,0.250414,0.00047,0.709336,0.000349,0.472837,64.566414,7.254624,63.245033,10.076459,4.0,2.321e-05,9,562,0.0409,0.06748,0.01,0.0,100,0.33333,0.0,,,-0.01,0.01631,0.00116,-0.0013,0.00337,0.63243
2705,2769920,71.89423,141.75,1.0,0.95,0.945787,-0.000447,0.031611,0.000288,0.51128,0.0,0.890403,62.874844,7.848799,63.589207,7.615979,4.0,2.311e-05,8,580,0.03871,0.0599,0.01,0.0,100,0.625,0.66667,,,-0.01,0.01903,0.00095,0.00083,0.00826,0.6604
2706,2770944,66.98213,106.63636,0.90909,0.96,0.937151,-0.000603,0.139469,4.1e-05,0.375933,0.0,0.819589,62.959282,10.800556,62.504936,13.301733,4.0,2.301e-05,11,561,0.03614,0.06088,0.0,0.0,100,0.36364,1.0,,,-0.01,0.01834,0.00053,0.00342,0.00691,0.81923
2707,2771968,73.93667,99.0,1.0,0.96,0.94291,-0.001075,0.015378,0.000752,0.337733,0.000767,0.550922,65.618614,2.381514,66.133301,2.60465,4.0,2.291e-05,8,558,0.03139,0.05054,0.0,0.0,100,0.375,0.0,,,-0.01,0.01941,0.00019,0.0026,0.0069,0.63375
2708,2772992,73.57894,105.91667,1.0,0.96,0.972201,-0.000512,0.029838,0.000673,0.306599,0.0,0.260109,66.446968,3.42064,67.181618,2.985714,4.0,2.28e-05,12,555,0.04162,0.06427,0.0,0.0,100,0.25,0.88889,,,-0.01,0.01788,0.00063,0.00133,0.00868,0.93049
2709,2774016,73.90268,92.8,1.0,0.96,0.987922,-0.000779,0.011857,0.000528,0.256095,0.0,0.585531,67.211258,2.350874,67.52626,2.539871,4.0,2.27e-05,10,552,0.03739,0.05519,0.0,0.0,100,0.2,1.0,,,-0.01,0.01795,0.0001,-0.00177,0.00947,0.75096
2710,2775040,74.17158,96.125,1.0,0.97,0.960709,-0.000534,0.008725,8.2e-05,0.227574,0.0,0.71615,67.936241,2.43201,68.136551,2.605572,4.0,2.26e-05,8,571,0.03182,0.05018,0.0,0.0,100,0.0,1.0,,,-0.01,0.01863,0.00072,0.00266,0.01138,0.61847
2711,2776064,73.86263,98.18182,1.0,0.97,0.97624,-0.000231,0.036055,0.000313,0.206021,0.0,0.530619,67.144669,4.304264,67.132286,4.139026,4.0,2.25e-05,11,580,0.03652,0.05893,0.0,0.0,100,0.18182,0.5,,,-0.01,0.01572,0.00082,-0.0002,0.00643,0.8705
2712,2777088,66.70487,128.8,0.9,0.97,1.002425,-0.001025,0.007706,0.000654,0.263158,3.5e-05,0.855749,67.517693,3.093323,67.802879,3.424756,4.0,2.239e-05,10,523,0.03955,0.06245,0.01,0.0,100,0.2,0.75,,,-0.01,0.01962,0.00077,0.00172,0.01013,0.67727
2713,2778112,74.14123,96.6,1.0,0.97,1.02952,-0.001241,0.009737,0.002065,0.208282,0.008998,0.536254,68.429939,2.326346,68.641121,2.150097,4.0,2.229e-05,10,547,0.03153,0.05245,0.01,0.0,100,0.2,0.75,,,-0.01,0.01861,0.00041,0.00166,0.00728,0.75502
2714,2779136,73.7688,103.5,1.0,0.98,1.013859,-0.000465,0.010396,0.000116,0.182414,0.0,0.381292,69.064476,2.13414,69.085701,1.930266,4.0,2.219e-05,10,569,0.03984,0.06053,0.01,0.0,100,0.2,0.66667,,,-0.01,0.01771,0.00056,0.00141,0.0099,0.77772
2715,2780160,74.16437,97.90909,1.0,0.98,1.041151,-0.000254,0.034463,0.000141,0.239116,0.0,0.28174,68.768784,2.300599,68.52256,3.220085,4.0,2.209e-05,11,544,0.04499,0.06814,0.01,0.0,100,0.18182,1.0,,,-0.01,0.01916,0.0008,0.00098,0.00795,0.8036
2716,2781184,63.29351,90.71429,0.85714,0.97,0.891786,-0.000266,0.208144,4.8e-05,0.465052,0.0,0.47815,67.338722,5.606964,66.257301,9.287061,4.0,2.198e-05,7,591,0.03732,0.06166,0.01,0.0,100,0.42857,1.0,,,-0.01,0.01854,0.00033,0.00248,0.01389,0.49697
2717,2782208,74.23574,99.30769,1.0,0.98,0.953353,-0.000471,0.029979,9.3e-05,0.281681,0.0,0.894808,65.124222,7.34065,65.318604,7.835005,4.0,2.188e-05,13,585,0.04156,0.06742,0.01,0.0,100,0.15385,1.0,,,-0.01,0.01794,0.0006,0.00284,0.00809,1.09482
2718,2783232,57.4602,130.0,0.77778,0.96,0.917047,-0.000649,0.212089,0.000271,0.599796,0.0,0.668531,64.384102,8.877759,63.128819,11.704205,4.0,2.178e-05,9,573,0.0334,0.05434,0.02,0.0,100,0.33333,1.0,,,-0.01,0.02024,0.00051,-0.00068,0.00415,0.56418
2719,2784256,73.81038,96.375,1.0,0.96,0.978571,-0.000597,0.016229,0.000223,0.43763,0.0,0.469396,66.329552,2.346775,66.936142,2.409881,4.0,2.168e-05,8,545,0.03461,0.05314,0.02,0.0,100,0.0,0.0,,,-0.01,0.02091,0.00047,0.00108,0.00981,0.61907
2720,2785280,73.65344,104.08333,1.0,0.96,1.006946,-0.000332,0.019906,6.6e-05,0.259328,0.0,0.341808,66.707436,2.552986,67.130211,2.580548,4.0,2.157e-05,12,545,0.03959,0.06245,0.02,0.0,100,0.16667,0.66667,,,-0.01,0.01792,0.00029,0.00232,0.01023,0.92714
2721,2786304,66.45062,96.6,0.9,0.95,0.990424,-0.000692,0.216095,0.000532,0.586555,3.5e-05,0.35932,67.223495,3.33643,65.969887,8.500716,4.0,2.147e-05,10,543,0.03184,0.05292,0.02,0.0,100,0.3,0.0,,,-0.01,0.02182,0.00071,0.00217,0.0037,0.67705
2722,2787328,74.16597,95.0,1.0,0.96,1.002634,-0.00016,0.035157,0.000125,0.619279,0.0,0.061075,65.839523,3.53545,66.879692,2.670826,4.0,2.137e-05,11,554,0.03722,0.06037,0.01,0.0,100,0.09091,1.0,,,-0.01,0.01911,0.00054,0.0023,0.0112,0.84157
2723,2788352,73.88176,107.0,1.0,0.96,1.048126,-0.000809,0.015201,0.000106,0.32137,0.0,0.495773,66.874619,2.202699,66.957878,2.555053,4.0,2.127e-05,9,545,0.03323,0.05089,0.01,0.0,100,0.33333,1.0,,,-0.01,0.01828,8e-05,0.00125,0.00577,0.67737
2724,2789376,73.19614,107.44444,1.0,0.96,0.981979,-0.000873,0.010986,0.000736,0.311682,0.000174,0.570401,67.195503,2.281185,67.699875,2.326577,4.0,2.116e-05,9,555,0.03169,0.04868,0.01,0.0,100,0.11111,1.0,,,-0.01,0.01887,0.00025,0.00017,0.01078,0.69257
2725,2790400,73.98374,102.5,1.0,0.96,0.984042,-0.000702,0.011086,0.000753,0.201247,0.0,0.589136,67.803932,2.512671,67.992294,2.443607,4.0,2.106e-05,12,558,0.04328,0.06839,0.01,0.0,100,0.08333,0.0,,,-0.01,0.01788,0.001,0.00252,0.00574,0.95508
2726,2791424,65.30379,103.77778,0.88889,0.96,1.06181,-0.000331,0.159541,0.000237,0.511073,0.0,0.588282,67.274094,4.544317,66.090111,9.18416,4.0,2.096e-05,9,537,0.03542,0.05387,0.01,0.0,100,0.33333,1.0,,,-0.01,0.02075,0.00034,-1e-05,0.0046,0.59249
2727,2792448,63.89599,97.75,0.875,0.95,0.914372,-0.000308,0.192378,9e-05,0.326968,0.0,0.385657,66.151131,3.830094,65.465874,8.265088,4.0,2.086e-05,8,574,0.03172,0.05383,0.01,0.0,100,0.25,1.0,,,-0.01,0.02107,4e-05,0.00283,0.00647,0.56341
2728,2793472,68.27067,101.84615,0.92308,0.96,1.078777,-0.000247,0.183969,0.000208,0.30267,0.0,0.456175,65.679893,4.069424,65.138184,8.644664,4.0,2.076e-05,13,559,0.03725,0.05771,0.0,0.0,100,0.23077,1.0,,,-0.01,0.01796,0.00071,0.00079,0.00719,0.88792
2729,2794496,59.55261,102.0,0.81818,0.94,1.059544,-0.000772,0.335598,0.000666,0.745537,0.003278,0.454006,64.508148,4.988337,62.715233,11.607759,4.0,2.065e-05,11,534,0.03403,0.05508,0.0,0.0,100,0.18182,0.66667,,,-0.01,0.02058,0.0006,0.00051,0.00322,0.67088
2730,2795520,73.92083,101.55556,1.0,0.94,1.067276,-0.000351,0.04795,0.000399,0.694875,3.5e-05,0.471272,62.397846,3.968763,63.540142,4.170103,4.0,2.055e-05,9,561,0.03719,0.05805,0.0,0.0,100,0.22222,0.5,,,-0.01,0.02079,0.00054,0.00278,0.00586,0.68586
2731,2796544,73.87973,111.71429,1.0,0.95,1.095816,-0.000721,0.040802,0.000461,0.381943,0.0,0.399189,63.569893,4.137473,64.285309,3.885751,4.0,2.045e-05,7,564,0.02674,0.04249,0.0,0.0,100,0.28571,0.0,,,-0.01,0.01908,0.00052,0.00143,0.00819,0.52178
2732,2797568,73.27338,118.375,1.0,0.95,1.05925,-0.000878,0.033664,0.001088,0.26281,0.001674,0.483751,64.708611,4.056471,65.106606,3.820533,4.0,2.035e-05,8,548,0.03742,0.05636,0.0,0.0,100,0.0,1.0,,,-0.01,0.01843,0.00025,0.00134,0.00633,0.6265
2733,2798592,73.62568,120.81818,1.0,0.95,1.043808,-0.001469,0.015213,0.001067,0.454073,0.003767,0.669538,65.656029,3.161701,66.732895,3.067711,4.0,2.024e-05,11,549,0.03128,0.04926,0.0,0.0,100,0.09091,0.5,,,-0.01,0.01998,0.0005,0.00289,0.01194,0.80335
2734,2799616,74.23364,98.54545,1.0,0.95,0.963557,-0.000981,0.023039,0.000772,0.25037,0.000105,0.549451,66.89798,3.389006,67.274986,3.367869,4.0,2.014e-05,11,558,0.03859,0.06272,0.0,0.0,100,0.09091,0.0,,,-0.01,0.02055,0.00042,0.00214,0.00417,0.85363
2735,2800640,74.23012,90.7,1.0,0.95,0.980073,-0.000534,0.01239,0.000511,0.38183,0.0,0.635314,67.535934,3.010483,68.402367,2.627063,4.0,2.004e-05,10,548,0.03102,0.05156,0.0,0.0,100,0.2,0.66667,,,-0.01,0.02216,0.0006,0.00159,0.01127,0.73789
2736,2801664,68.03839,91.91667,0.91667,0.95,0.976886,-0.002063,0.211863,0.002726,0.490702,0.023577,0.356775,68.448738,3.86485,67.688133,8.398238,4.0,1.994e-05,12,558,0.0361,0.05862,0.0,0.0,100,0.25,1.0,,,-0.01,0.02075,0.00057,0.00097,0.00861,0.82843
2737,2802688,74.17577,87.75,1.0,0.96,0.953481,-0.000719,0.011374,0.000185,0.495124,0.0,0.699257,67.749626,2.640023,68.506088,2.578218,4.0,1.983e-05,12,541,0.03747,0.06127,0.0,0.0,100,0.25,1.0,,,-0.01,0.01967,0.00089,0.00075,0.01076,0.89449
2738,2803712,74.306,90.45455,1.0,0.97,0.93042,-0.000364,0.01917,0.000201,0.289244,0.0,0.299525,68.609619,2.926163,69.06794,2.4578,4.0,1.973e-05,11,533,0.03578,0.05594,0.0,0.0,100,0.0,0.0,,,-0.01,0.01978,0.00035,0.00277,0.01017,0.845
2739,2804736,74.48896,91.81818,1.0,0.99,0.996594,-0.000449,0.00521,9.2e-05,0.254511,0.0,0.689894,69.618416,2.202597,69.888519,1.934281,4.0,1.963e-05,11,549,0.03414,0.0555,0.0,0.0,100,0.18182,1.0,,,-0.01,0.01996,0.00068,0.00331,0.0112,0.80926
2740,2805760,74.07978,90.81818,1.0,0.99,0.96514,-0.000426,0.028892,0.000262,0.226919,0.0,0.158822,69.236031,3.468451,69.485634,2.779679,4.0,1.953e-05,11,545,0.0398,0.06558,0.0,0.0,100,0.45455,1.0,,,-0.01,0.01952,0.00044,0.00043,0.00954,0.83063
2741,2806784,68.50252,87.0,0.92308,0.98,0.956751,-0.000531,0.230767,0.000304,0.578188,0.0,0.240799,69.764572,2.948108,68.646439,8.029714,4.0,1.942e-05,13,551,0.0397,0.06601,0.0,0.0,100,0.15385,1.0,,,-0.01,0.02034,0.00029,0.00232,0.00859,0.90267
2742,2807808,74.48826,91.27273,1.0,0.98,1.01062,-0.000429,0.006967,0.000143,0.339121,0.0,0.655447,68.822029,2.01925,69.070938,1.970784,4.0,1.932e-05,11,533,0.03281,0.05226,0.0,0.0,100,0.09091,1.0,,,-0.01,0.01983,0.00026,0.00246,0.00924,0.80876
2743,2808832,74.24572,88.8,1.0,0.98,0.97999,-0.000957,0.007543,0.000406,0.248598,0.000244,0.604386,69.229446,2.046125,69.52639,2.030998,4.0,1.922e-05,10,550,0.02768,0.04516,0.0,0.0,100,0.0,0.5,,,-0.01,0.01936,0.00075,0.00011,0.01229,0.73865
2744,2809856,62.03294,90.0,0.84615,0.97,0.872491,-0.000113,0.440086,0.000207,1.629707,0.0,0.278925,68.596504,4.22497,65.914696,11.127342,4.0,1.912e-05,13,565,0.04388,0.07527,0.0,0.0,100,0.30769,1.0,,,-0.01,0.02123,0.00104,0.00154,-0.00177,0.91044
2745,2810880,74.23082,90.9,1.0,0.97,0.904984,-0.00027,0.012567,2.4e-05,0.452567,0.0,0.53556,68.37413,2.362414,68.85714,2.226581,4.0,1.901e-05,10,546,0.03477,0.05781,0.0,0.0,100,0.2,1.0,,,-0.01,0.02152,0.00056,0.00122,0.01165,0.76259
2746,2811904,74.46174,92.4,1.0,0.97,0.918817,-0.0002,0.026183,2.6e-05,0.233667,0.0,0.369844,68.787659,2.61671,68.856163,2.994004,4.0,1.891e-05,10,529,0.02961,0.04844,0.0,0.0,100,0.2,1.0,,,-0.01,0.01941,0.00072,0.00336,0.00982,0.75694
2747,2812928,73.89469,92.25,1.0,0.97,0.898967,-0.000233,0.033779,4.3e-05,0.227727,0.0,0.231955,68.52462,3.863937,68.860802,3.133593,4.0,1.881e-05,12,562,0.03854,0.06317,0.0,0.0,100,0.41667,0.0,,,-0.01,0.01976,0.00095,0.00041,0.0069,0.97158
2748,2813952,74.43292,88.66667,1.0,0.97,0.966284,-0.000269,0.008315,3.9e-05,0.220417,0.0,0.498791,69.176964,2.236499,69.627747,1.936087,4.0,1.871e-05,12,548,0.03992,0.05988,0.0,0.0,100,0.0,0.0,,,-0.01,0.02039,0.00102,0.00078,0.01253,0.88015
2749,2814976,74.1706,87.81818,1.0,0.97,0.936385,-0.000542,0.006693,0.000413,0.195137,0.0,0.523135,69.859718,1.953795,70.046471,1.769781,4.0,1.86e-05,11,544,0.03325,0.05607,0.0,0.0,100,0.09091,0.5,,,-0.01,0.02053,0.00105,-0.00088,0.00959,0.83215
2750,2816000,74.09913,87.07692,1.0,0.98,0.897358,-0.000242,0.005428,5.5e-05,0.204014,0.0,0.574169,70.080811,1.877425,70.199173,1.676444,4.0,1.85e-05,13,554,0.03491,0.05799,0.0,0.0,100,0.15385,0.0,,,-0.01,0.01935,0.00078,-0.00168,0.01116,0.9885
2751,2817024,67.91966,86.25,0.91667,0.97,0.899426,-0.000487,0.224933,0.000498,0.728741,0.0,0.256705,70.250107,2.531244,68.967545,7.989375,4.0,1.84e-05,12,557,0.03355,0.05501,0.0,0.0,100,0.25,0.0,,,-0.01,0.02051,0.00043,0.00322,0.00748,0.84147
2752,2818048,74.27681,93.91667,1.0,0.97,0.978913,-0.000551,0.005524,0.000503,0.321839,0.0,0.710316,69.17424,1.924302,69.275002,1.910015,4.0,1.83e-05,12,535,0.04242,0.06377,0.0,0.0,100,0.0,0.0,,,-0.01,0.01864,0.00058,0.00225,0.00806,0.89405
2753,2819072,74.24435,89.22222,1.0,0.99,0.917939,-0.000166,0.052592,4e-05,0.232097,0.0,-0.003959,68.878319,4.022304,68.863632,3.384113,4.0,1.82e-05,9,536,0.0391,0.062,0.0,0.0,100,0.11111,1.0,,,-0.01,0.02093,0.00089,-0.0011,0.00785,0.67839
2754,2820096,73.64644,100.91667,1.0,0.99,0.896613,-0.000384,0.011856,0.00019,0.210737,0.0,0.808206,68.352959,3.671887,68.537971,3.647968,4.0,1.809e-05,12,561,0.03705,0.05534,0.0,0.0,100,0.16667,0.0,,,-0.01,0.01664,0.00065,-0.00208,0.01308,0.97065
2755,2821120,73.93556,90.88889,1.0,0.99,0.9822,-0.000575,0.004026,0.000324,0.231068,7e-05,0.699283,69.410683,1.648008,69.507423,1.70255,4.0,1.799e-05,9,560,0.03788,0.05543,0.0,0.0,100,0.22222,0.0,,,-0.01,0.02022,0.00044,0.00123,0.00816,0.66686
2756,2822144,74.29257,91.38462,1.0,0.99,0.911437,-0.000186,0.013606,8.3e-05,0.221724,0.0,0.224549,69.235748,2.456646,69.63353,1.946561,4.0,1.789e-05,13,554,0.03658,0.05597,0.0,0.0,100,0.07692,0.0,,,-0.01,0.0208,0.00058,0.00304,0.01124,0.96727
2757,2823168,74.36397,88.1,1.0,0.99,0.920294,-0.000953,0.005754,0.000954,0.218536,0.000558,0.516083,69.942474,1.727319,70.013504,1.622667,4.0,1.779e-05,10,535,0.03623,0.05706,0.0,0.0,100,0.0,0.0,,,-0.01,0.021,0.00045,0.00151,0.00899,0.76565
2758,2824192,74.24439,89.0,1.0,0.99,0.948531,-0.000489,0.002679,0.001233,0.207842,0.000244,0.733437,70.157608,1.463251,70.246346,1.473321,4.0,1.768e-05,11,532,0.0377,0.05866,0.0,0.0,100,0.27273,0.0,,,-0.01,0.01924,0.00064,-0.00012,0.01211,0.81184
2759,2825216,67.3489,91.5,0.91667,0.98,0.824987,-0.000102,0.234347,3.5e-05,0.806293,0.0,0.280617,69.643852,3.693823,68.213348,8.258536,4.0,1.758e-05,12,545,0.03683,0.06289,0.0,0.0,100,0.25,1.0,,,-0.01,0.01894,0.00027,0.00072,0.00587,0.89332
2760,2826240,74.32353,86.07692,1.0,0.99,0.935808,-0.001293,0.003939,0.00069,0.410324,0.000349,0.756509,69.33432,1.51765,69.626938,1.602907,4.0,1.748e-05,13,548,0.03837,0.06115,0.0,0.0,100,0.07692,1.0,,,-0.01,0.01849,0.00061,0.00045,0.01133,0.9702
2761,2827264,67.23045,86.18182,0.90909,0.98,0.8742,-0.000889,0.259596,0.001109,1.154871,0.000802,0.426371,68.568344,4.576535,66.766647,9.6233,4.0,1.738e-05,11,560,0.0319,0.05715,0.0,0.0,100,0.27273,0.66667,,,-0.01,0.02083,0.00021,0.00242,0.00472,0.78355
2762,2828288,66.83921,90.90909,0.90909,0.97,0.963178,-0.000287,0.02964,0.000738,0.302939,0.0,0.662078,68.129929,2.845194,68.261597,4.305424,4.0,1.727e-05,11,549,0.04503,0.0665,0.0,0.0,100,0.27273,1.0,,,-0.01,0.01885,0.00017,-0.00032,0.00829,0.75769
2763,2829312,74.00204,95.0,1.0,0.97,0.987089,-0.000285,0.009791,9.9e-05,0.208829,0.0,0.43828,68.408173,1.891226,68.706383,1.932865,4.0,1.717e-05,12,548,0.0345,0.05801,0.0,0.0,100,0.33333,1.0,,,-0.01,0.02008,0.00046,0.00171,0.00726,0.91421
2764,2830336,73.93823,91.44444,1.0,0.97,0.916358,-0.000237,0.010623,7.6e-05,0.186472,0.0,0.378917,68.682198,1.973884,68.831429,1.939496,4.0,1.707e-05,9,565,0.03493,0.05462,0.0,0.0,100,0.22222,1.0,,,-0.01,0.02087,0.00027,0.00107,0.00719,0.70136
2765,2831360,73.59012,99.16667,1.0,0.97,0.916705,-0.000799,0.014571,0.00024,0.227094,0.000105,0.251663,68.847519,2.559601,68.963799,2.083956,4.0,1.697e-05,12,542,0.04118,0.06509,0.0,0.0,100,0.33333,1.0,,,-0.01,0.01822,0.00021,0.00057,0.00645,0.95913
2766,2832384,66.75131,90.27273,0.90909,0.96,0.914438,-0.000251,0.222057,0.000101,0.57286,0.0,0.247399,68.844383,2.689959,67.810028,7.894285,4.0,1.686e-05,11,539,0.03931,0.06126,0.0,0.0,100,0.27273,1.0,,,-0.01,0.02093,0.0006,2e-05,0.0042,0.77506
2767,2833408,73.83458,100.8,1.0,0.96,0.902632,-0.000434,0.016118,0.000482,0.281173,7e-05,0.423093,68.211052,2.610143,68.404381,2.397494,4.0,1.676e-05,10,573,0.03922,0.06362,0.0,0.0,100,0.2,1.0,,,-0.01,0.01871,0.00066,0.00115,0.00809,0.80402
2768,2834432,74.01798,91.25,1.0,0.97,0.908546,-0.000215,0.006151,0.000264,0.23624,0.0,0.647611,68.295715,1.707201,68.700607,1.910498,4.0,1.666e-05,12,551,0.03631,0.05822,0.0,0.0,100,0.25,1.0,,,-0.01,0.02145,0.00048,0.0028,0.00808,0.95119
2769,2835456,74.28901,92.33333,1.0,0.97,0.951475,-0.000494,0.009228,0.000328,0.222089,0.0,0.476506,68.812325,1.968969,69.062965,1.947347,4.0,1.656e-05,9,557,0.03084,0.05125,0.0,0.0,100,0.11111,0.5,,,-0.01,0.01996,0.00068,0.00084,0.01111,0.68878
2770,2836480,74.05806,92.15385,1.0,0.98,0.965964,-0.000663,0.007668,0.00057,0.185101,3.5e-05,0.561913,68.954147,1.713296,69.097275,1.937965,4.0,1.645e-05,13,541,0.04505,0.07214,0.0,0.0,100,0.38462,0.83333,,,-0.01,0.02108,0.00015,0.0024,0.00657,1.00165
2771,2837504,67.30789,91.72727,0.90909,0.98,0.987101,-0.000469,0.184738,0.000234,0.597573,0.0,0.532488,68.74334,4.522418,67.60659,9.164875,4.0,1.635e-05,11,533,0.03686,0.05736,0.0,0.0,100,0.27273,0.0,,,-0.01,0.02022,0.00044,0.00095,0.00859,0.75004
2772,2838528,73.69493,97.27273,1.0,0.98,0.969438,-0.00033,0.011321,0.00059,0.34988,0.00014,0.563041,68.33712,2.184031,68.590248,2.224701,4.0,1.625e-05,11,562,0.03864,0.06332,0.0,0.0,100,0.18182,1.0,,,-0.01,0.01905,0.00042,0.00091,0.00653,0.85191
2773,2839552,74.11355,96.8,1.0,0.98,1.053925,-0.000299,0.005424,0.000328,0.219921,0.0,0.678021,68.313034,1.9678,68.604332,1.905067,4.0,1.615e-05,10,539,0.03819,0.05839,0.0,0.0,100,0.2,1.0,,,-0.01,0.02055,0.00037,0.00308,0.00771,0.74493
2774,2840576,64.85044,94.5,0.875,0.97,0.915478,-0.000241,0.251259,8.7e-05,0.932549,0.0,0.169555,68.281906,3.233067,66.752975,7.92026,4.0,1.604e-05,8,564,0.04036,0.06381,0.0,0.0,100,0.5,0.5,,,-0.01,0.02046,0.00097,0.00206,0.00711,0.56202
2775,2841600,73.82632,104.69231,1.0,0.98,1.020667,-0.000314,0.009854,5.2e-05,0.449059,0.0,0.579549,68.065407,2.218653,68.567604,2.046311,4.0,1.594e-05,13,561,0.04538,0.07053,0.0,0.0,100,0.15385,1.0,,,-0.01,0.01926,-0.00016,0.00335,0.01018,1.00335
2776,2842624,74.07106,104.66667,1.0,0.98,1.071699,-0.000538,0.003782,8.7e-05,0.257447,0.0,0.749773,68.365501,1.706056,68.487656,1.788529,4.0,1.584e-05,9,560,0.0346,0.0522,0.0,0.0,100,0.11111,1.0,,,-0.01,0.01945,0.00012,0.0027,0.00812,0.66988
2777,2843648,63.94153,109.5,0.875,0.97,0.987703,-0.000293,0.198541,9.9e-05,0.522642,0.0,0.400308,67.855392,3.858597,66.802399,8.378861,4.0,1.574e-05,8,565,0.03697,0.05919,0.0,0.0,100,0.625,1.0,,,-0.01,0.0181,0.00017,0.00211,0.00647,0.54304
2778,2844672,73.91649,103.25,1.0,0.97,1.026482,-0.000296,0.019089,0.000125,0.356694,0.0,0.348176,67.5467,2.600262,67.882935,2.42334,4.0,1.564e-05,12,547,0.04184,0.06406,0.0,0.0,100,0.16667,1.0,,,-0.01,0.01933,0.00058,0.00314,0.00704,0.91974
2779,2845696,73.46565,99.55556,1.0,0.97,0.917481,-0.000289,0.068713,0.000175,0.326162,0.0,0.139117,67.048149,3.493011,66.789299,4.148407,4.0,1.553e-05,9,553,0.0362,0.06212,0.0,0.0,100,0.44444,1.0,,,-0.01,0.01858,0.00045,0.00038,0.00276,0.74044
2780,2846720,72.8856,108.44444,1.0,0.97,0.915342,-0.000352,0.019321,0.000159,0.21905,0.0,0.498569,67.082352,2.641157,67.074203,2.88273,4.0,1.543e-05,9,570,0.04245,0.06669,0.0,0.0,100,0.55556,1.0,,,-0.01,0.01821,0.00046,-0.0016,0.00728,0.75589
2781,2847744,65.59096,102.77778,0.88889,0.97,1.055322,-7.5e-05,0.105293,8.8e-05,0.249797,0.0,0.342129,67.55201,2.320717,67.117172,5.855497,4.0,1.533e-05,9,574,0.03712,0.05652,0.0,0.0,100,0.33333,1.0,,,-0.01,0.01893,0.00043,0.00307,0.00668,0.61828
2782,2848768,72.58251,129.875,1.0,0.97,1.009063,-0.001341,0.013307,0.000969,0.265533,0.001639,0.326725,67.265564,2.423907,67.477058,2.021197,4.0,1.523e-05,8,568,0.03954,0.05821,0.0,0.0,100,0.25,0.5,,,-0.01,0.01893,0.00052,0.00165,0.0071,0.6245
2783,2849792,67.61067,98.5,0.91667,0.96,0.956703,-0.00032,0.222306,0.000587,0.34523,7e-05,0.285547,66.690826,4.062559,66.148079,8.141981,4.0,1.512e-05,12,564,0.03329,0.05575,0.0,0.0,100,0.25,0.0,,,-0.01,0.01986,0.00049,0.00234,0.00858,0.86881
2784,2850816,73.82191,104.83333,1.0,0.97,1.052697,-0.000383,0.008066,0.000178,0.389802,0.0,0.729233,66.86171,2.07357,67.360779,2.346051,4.0,1.502e-05,12,547,0.04342,0.06341,0.0,0.0,100,0.25,1.0,,,-0.01,0.01866,0.00028,0.00169,0.0068,0.90123
2785,2851840,74.21882,98.5,1.0,0.97,1.041162,-0.000525,0.004865,0.0003,0.311892,0.0,0.784746,66.926682,1.78633,67.360893,2.14979,4.0,1.5e-05,8,518,0.03274,0.04963,0.0,0.0,100,0.125,0.0,,,-0.01,0.01982,0.00023,0.0008,0.00863,0.59294
2786,2852864,65.46727,98.11111,0.88889,0.96,1.041564,-0.000101,0.127764,0.000141,0.214427,0.0,0.429984,67.249313,3.397173,66.976776,6.927308,4.0,1.5e-05,9,534,0.03211,0.05161,0.0,0.0,100,0.11111,0.0,,,-0.01,0.01831,0.0004,0.0009,0.01011,0.58923
2787,2853888,73.97915,100.5,1.0,0.97,1.057903,-0.000404,0.006845,6.8e-05,0.366048,0.0,0.734662,67.635201,2.078584,68.153709,2.190353,4.0,1.5e-05,12,551,0.04127,0.06109,0.0,0.0,100,0.25,1.0,,,-0.01,0.01803,0.00035,0.00149,0.01013,0.8953
2788,2854912,73.92676,100.1,1.0,0.97,1.016391,-0.001677,0.004201,0.001427,0.304352,0.003767,0.807049,67.693687,1.930215,68.090233,2.122658,4.0,1.5e-05,10,532,0.03833,0.05756,0.0,0.0,100,0.2,1.0,,,-0.01,0.02084,0.00053,0.00023,0.00952,0.73513
2789,2855936,74.14196,97.6,1.0,0.97,0.988499,-0.000284,0.01658,0.00044,0.22125,0.0,0.436174,68.042747,2.599466,68.329552,2.514093,4.0,1.5e-05,10,561,0.03549,0.05482,0.0,0.0,100,0.1,1.0,,,-0.01,0.02073,0.00045,0.0019,0.00865,0.76265
2790,2856960,61.59285,94.33333,0.83333,0.96,1.034926,-0.000557,0.313365,0.000394,0.634678,7e-05,0.338833,68.148521,3.47852,67.031952,10.044395,4.0,1.5e-05,12,545,0.04402,0.06928,0.0,0.0,100,0.25,0.66667,,,-0.01,0.02023,0.00033,0.00184,0.00746,0.74219
2791,2857984,74.05403,110.11111,1.0,0.96,1.034711,-0.000194,0.054402,0.000283,0.267608,0.0,0.498459,66.821945,5.233984,66.797409,4.766072,4.0,1.5e-05,9,535,0.0355,0.05448,0.0,0.0,100,0.22222,1.0,,,-0.01,0.01938,0.00043,0.00248,0.00727,0.69748
2792,2859008,62.86019,104.71429,0.85714,0.95,0.97334,-0.000401,0.212351,0.000234,0.840188,0.0,0.494056,65.558083,5.581069,64.084404,9.320608,4.0,1.5e-05,7,594,0.03607,0.05246,0.0,0.0,100,0.28571,1.0,,,-0.01,0.02123,-0.0003,0.00094,0.00396,0.49636
2793,2860032,61.20849,103.0,0.83333,0.95,0.90142,-0.000768,0.184292,0.000442,0.526342,0.000593,0.725415,63.241856,9.181804,61.894222,12.045105,4.0,1.5e-05,6,587,0.03912,0.05991,0.0,0.0,100,0.33333,0.0,,,-0.01,0.01989,0.00036,0.00226,0.00556,0.44105
2794,2861056,64.87425,162.88889,0.88889,0.94,1.0406,-0.000252,0.019214,0.000443,0.359858,0.0,0.942435,63.429741,7.804843,63.786877,8.196141,4.0,1.5e-05,9,569,0.04444,0.06355,0.01,0.0,100,0.44444,0.66667,,,-0.01,0.0203,0.00051,0.00183,0.00815,0.65109
2795,2862080,73.81665,121.44444,1.0,0.94,1.14884,-0.000199,0.024329,0.000142,0.264807,0.0,0.361177,65.108398,3.04636,65.59861,2.887049,4.0,1.5e-05,9,546,0.04501,0.06579,0.01,0.0,100,0.11111,1.0,,,-0.01,0.01969,0.00026,0.0027,0.00547,0.67212
2796,2863104,73.36207,114.44444,1.0,0.95,1.106413,-0.000468,0.009475,8.6e-05,0.317816,0.0,0.669467,65.888794,2.143564,66.395004,2.453144,4.0,1.5e-05,9,548,0.04836,0.06749,0.01,0.0,100,0.55556,0.5,,,-0.01,0.01904,0.00054,0.00153,0.0083,0.6794
2797,2864128,66.04447,120.4,0.9,0.94,1.116319,-0.000187,0.161481,2.5e-05,0.533127,0.0,0.567608,65.87175,4.275523,64.830956,8.929173,4.0,1.5e-05,10,553,0.03986,0.05891,0.01,0.0,100,0.2,1.0,,,-0.01,0.01859,0.00025,0.00352,0.00485,0.66121
2798,2865152,73.91791,113.14286,1.0,0.94,1.088217,-0.000622,0.014191,0.000179,0.380993,0.0,0.689443,65.441978,2.808242,65.734695,3.008244,4.0,1.5e-05,7,560,0.03521,0.05388,0.01,0.0,100,0.28571,0.0,,,-0.01,0.01901,0.00063,0.00235,0.00458,0.53724
2799,2866176,72.77312,136.44444,1.0,0.94,1.106126,-0.000494,0.015959,0.000388,0.292951,0.0,0.710396,65.269501,3.564631,65.874069,3.424905,4.0,1.5e-05,9,510,0.04408,0.06551,0.01,0.0,100,0.44444,0.4,,,-0.01,0.01934,0.00096,-0.00054,0.00903,0.67847
2800,2867200,73.89081,110.0,1.0,0.94,1.117976,-0.000645,0.014649,0.00023,0.254661,0.0,0.617584,66.262466,2.78388,66.684731,2.870274,4.0,1.5e-05,9,550,0.04229,0.06094,0.01,0.0,100,0.33333,1.0,,,-0.01,0.01935,0.00056,0.0028,0.00791,0.66361
2801,2868224,73.40696,115.33333,1.0,0.96,1.058286,-0.000155,0.014165,6.2e-05,0.257663,0.0,0.606761,66.378456,3.004779,66.853088,2.788491,4.0,1.5e-05,9,560,0.03662,0.05713,0.01,0.0,100,0.33333,0.66667,,,-0.01,0.01955,0.00014,0.00272,0.0056,0.6849
2802,2869248,73.73345,108.88889,1.0,0.96,1.04674,-0.000192,0.020927,5.7e-05,0.232522,0.0,0.293137,67.076164,2.97049,67.47496,2.546235,4.0,1.5e-05,9,528,0.03588,0.05412,0.01,0.0,100,0.33333,1.0,,,-0.01,0.01993,0.00018,0.00193,0.00638,0.6815
2803,2870272,73.8409,112.11111,1.0,0.97,1.112568,-0.000744,0.006972,0.000327,0.211081,0.0,0.681402,68.272888,2.395711,68.374222,2.192167,4.0,1.5e-05,9,514,0.03993,0.06062,0.01,0.0,100,0.0,1.0,,,-0.01,0.01946,0.00041,0.00107,0.00735,0.65794
2804,2871296,73.2225,111.125,1.0,0.97,0.950084,-0.000306,0.008478,0.000152,0.210808,0.0,0.573427,68.367546,2.419873,68.456375,2.08178,4.0,1.5e-05,8,542,0.03908,0.05994,0.01,0.0,100,0.25,1.0,,,-0.01,0.01938,-4e-05,0.00288,0.00638,0.66484
2805,2872320,66.82747,107.54545,0.90909,0.98,1.075196,-0.000221,0.206347,0.000152,0.598363,0.0,0.36923,68.002342,3.340851,66.897148,8.299413,4.0,1.5e-05,11,389,0.04523,0.06924,0.0,0.0,100,0.18182,1.0,,,-0.01,0.02003,0.00047,0.00036,0.00626,0.73774
2806,2873344,66.06678,106.3,0.9,0.97,1.073257,-0.0005,0.143613,9.3e-05,0.300658,0.0,0.531383,67.434372,4.123674,67.07386,8.170463,4.0,1.5e-05,10,485,0.04875,0.06992,0.0,0.0,100,0.2,1.0,,,-0.01,0.01931,0.00048,0.00152,0.00871,0.67193
2807,2874368,74.12375,105.5,1.0,0.97,1.080064,-0.00062,0.035903,0.000285,0.257167,0.0,0.521231,66.810699,3.314748,67.106255,3.966137,4.0,1.5e-05,10,504,0.04427,0.06385,0.0,0.0,100,0.1,1.0,,,-0.01,0.02037,0.00058,0.00215,0.00742,0.73522
2808,2875392,74.09501,100.625,1.0,0.98,1.070581,-0.000287,0.015748,0.000139,0.218275,0.0,0.502591,67.256294,2.77379,67.639122,2.592865,4.0,1.5e-05,8,532,0.04922,0.0682,0.0,0.0,100,0.125,1.0,,,-0.01,0.0207,0.00036,0.00202,0.00996,0.59816
2809,2876416,74.01297,106.7,1.0,0.98,0.943968,-0.000254,0.042333,4.6e-05,0.201435,0.0,0.647055,66.371483,5.617086,66.638107,5.075574,4.0,1.5e-05,10,543,0.04276,0.06398,0.0,0.0,100,0.2,1.0,,,-0.01,0.02045,0.00029,0.00142,0.00476,0.83359
2810,2877440,73.38284,117.22222,1.0,0.98,1.008283,-0.000455,0.07222,0.000149,0.357785,0.0,0.693413,66.480095,5.938982,65.888718,7.05204,4.0,1.5e-05,9,524,0.04453,0.06718,0.0,0.0,100,0.22222,1.0,,,-0.01,0.01717,0.00039,-0.00025,0.004,0.69884
2811,2878464,63.24249,99.57143,0.85714,0.97,1.012699,-0.000124,0.133815,0.000154,0.334333,0.0,0.695502,65.282951,6.598492,64.885818,9.866887,4.0,1.5e-05,7,496,0.032,0.0474,0.0,0.0,100,0.14286,0.0,,,-0.01,0.01954,0.0003,-0.00019,0.01257,0.45184
2812,2879488,58.56116,132.8,0.8,0.95,1.103244,-0.000628,0.193438,0.000458,0.572594,0.0,0.563745,65.30143,6.012443,64.126411,9.742006,4.0,1.5e-05,10,511,0.04229,0.05987,0.01,0.0,100,0.1,0.66667,,,-0.01,0.01767,0.00064,0.00035,0.0055,0.59885
2813,2880512,73.45726,116.6,1.0,0.95,1.035083,-0.00049,0.025281,0.000645,0.451551,3.5e-05,0.608757,65.918159,3.807919,66.512749,3.537588,4.0,1.5e-05,10,375,0.04209,0.0604,0.01,0.0,100,0.1,1.0,,,-0.01,0.01944,0.00056,0.00255,0.00776,0.78328
2814,2881536,73.95295,101.63636,1.0,0.95,1.108166,-0.000628,0.013933,0.000478,0.319355,0.0,0.672638,65.829697,2.867819,66.528076,2.983095,4.0,1.5e-05,11,357,0.04919,0.0694,0.01,0.0,100,0.18182,0.0,,,-0.01,0.0194,0.00054,0.00032,0.00654,0.81185
2815,2882560,73.76162,103.125,1.0,0.95,1.068506,-0.000381,0.033845,0.000244,0.199594,0.0,0.539555,65.663109,3.960975,65.762215,4.007164,4.0,1.5e-05,8,489,0.04427,0.06469,0.01,0.0,100,0.375,1.0,,,-0.01,0.01641,0.00042,0.00199,0.00588,0.60067
2816,2883584,73.94227,101.25,1.0,0.96,1.027128,-0.000312,0.016003,8.8e-05,0.333327,0.0,0.844746,65.75563,4.341894,66.234459,4.684215,4.0,1.5e-05,8,529,0.04053,0.05886,0.01,0.0,100,0.125,0.5,,,-0.01,0.01774,0.0005,0.00126,0.01105,0.60101
2817,2884608,73.00185,122.90909,1.0,0.97,1.041415,-0.000943,0.021236,0.000271,0.293836,7e-05,0.58488,66.967323,3.799196,67.480034,3.329392,4.0,1.5e-05,11,494,0.03777,0.05983,0.01,0.0,100,0.09091,1.0,,,-0.01,0.01786,0.00032,0.00252,0.00693,0.81314
2818,2885632,74.05431,96.36364,1.0,0.97,1.01694,-0.000258,0.007625,0.000147,0.274825,0.0,0.680581,68.253281,2.368254,68.716042,2.251797,4.0,1.5e-05,11,516,0.05325,0.07764,0.01,0.0,100,0.27273,0.0,,,-0.01,0.01947,0.00075,0.00031,0.00961,0.82678
2819,2886656,74.66251,91.66667,1.0,0.97,1.026405,-0.000655,0.014005,7.5e-05,0.229058,0.0,0.627331,68.389915,2.796947,68.425674,2.837109,4.0,1.5e-05,9,543,0.04387,0.06706,0.01,0.0,100,0.11111,1.0,,,-0.01,0.0202,0.00021,0.00237,0.00834,0.67772
2820,2887680,65.81444,107.7,0.9,0.96,0.990019,-0.000393,0.184024,0.000178,0.414986,0.0,0.344759,68.388382,3.263644,67.577866,7.704734,4.0,1.5e-05,10,520,0.04541,0.06849,0.01,0.0,100,0.4,1.0,,,-0.01,0.01921,0.0002,0.00035,0.00602,0.68869
2821,2888704,74.00982,96.4,1.0,0.97,1.013339,-0.000182,0.018882,4.8e-05,0.28542,0.0,0.358986,68.256264,2.929106,68.543907,2.448742,4.0,1.5e-05,10,407,0.04823,0.06925,0.01,0.0,100,0.2,1.0,,,-0.01,0.01934,-0.00015,0.00278,0.00907,0.78112
2822,2889728,73.7571,113.8,1.0,0.98,1.062317,-0.000718,0.008588,0.00029,0.235075,0.0,0.611664,68.526878,2.474265,68.786324,2.192448,4.0,1.5e-05,10,373,0.04517,0.06556,0.01,0.0,100,0.2,0.875,,,-0.01,0.01893,0.0006,0.00145,0.01022,0.73518
2823,2890752,67.19762,94.0,0.90909,0.98,0.978898,-0.000331,0.166873,0.000284,0.349399,0.0,0.645396,67.821281,6.187153,67.162132,10.01187,4.0,1.5e-05,11,409,0.04503,0.07086,0.0,0.0,100,0.27273,1.0,,,-0.01,0.02008,0.00053,0.00189,0.00984,0.74426
2824,2891776,74.43387,91.27273,1.0,0.98,0.985216,-0.000443,0.014798,0.000279,0.332286,0.0,0.584171,68.049911,2.626858,68.430389,2.664064,4.0,1.5e-05,11,416,0.04664,0.07235,0.0,0.0,100,0.09091,1.0,,,-0.01,0.02119,0.00112,0.00253,0.00828,0.83282
2825,2892800,74.15101,92.08333,1.0,0.98,1.004235,-0.00036,0.011341,7.3e-05,0.258808,0.0,0.572485,68.287323,2.584674,68.742111,2.385714,4.0,1.5e-05,12,417,0.04127,0.06116,0.0,0.0,100,0.25,1.0,,,-0.01,0.01916,0.00036,-9e-05,0.00821,0.90859
2826,2893824,73.57249,94.66667,1.0,0.98,0.935668,-0.000253,0.063008,0.000253,0.257428,3.5e-05,0.719581,66.975273,7.161205,66.870583,6.935301,4.0,1.5e-05,9,407,0.04427,0.066,0.0,0.0,100,0.11111,0.5,,,-0.01,0.02036,0.00114,-0.00102,0.0049,0.73268
2827,2894848,74.07923,98.33333,1.0,0.98,0.909113,-0.000378,0.028746,0.000188,0.238124,0.0,0.914997,66.233482,7.77014,65.933273,8.530669,4.0,1.5e-05,9,428,0.04547,0.06754,0.0,0.0,100,0.33333,0.0,,,-0.01,0.02003,0.00078,0.00212,0.00933,0.75956
2828,2895872,66.58849,95.5,0.9,0.97,0.882276,-0.000112,0.127808,0.000111,0.293992,0.0,0.834864,63.851265,10.854586,63.196251,12.898985,4.0,1.5e-05,10,404,0.03643,0.06015,0.0,0.0,100,0.2,1.0,,,-0.01,0.01948,8e-05,0.0024,0.00457,0.77903
2829,2896896,65.57992,138.66667,0.88889,0.96,0.941026,-0.000383,0.020957,0.000152,0.23709,0.0,0.900743,66.297729,6.43206,66.489998,6.635631,4.0,1.5e-05,9,415,0.04305,0.06233,0.01,0.0,100,0.11111,1.0,,,-0.01,0.02155,0.00036,0.00197,0.00916,0.64839
2830,2897920,73.58323,111.63636,1.0,0.97,1.128861,-0.000297,0.010874,9.4e-05,0.22875,0.0,0.543396,68.396767,2.486087,68.635414,2.272831,4.0,1.5e-05,11,424,0.04253,0.06207,0.01,0.0,100,0.18182,1.0,,,-0.01,0.01858,7e-05,0.00082,0.00892,0.79851
2831,2898944,74.20754,96.3,1.0,0.97,1.052078,-0.000362,0.006098,0.000109,0.242091,0.0,0.730598,68.388054,2.307569,68.695122,2.194557,4.0,1.5e-05,10,403,0.03943,0.05915,0.01,0.0,100,0.2,1.0,,,-0.01,0.02035,0.00039,0.00178,0.00963,0.73257
2832,2899968,73.80451,99.3,1.0,0.97,0.982923,-0.000153,0.038975,0.000127,0.209666,0.0,-0.001816,68.27079,3.773928,68.510796,2.927202,4.0,1.5e-05,10,369,0.0414,0.06486,0.01,0.0,100,0.2,1.0,,,-0.01,0.02135,0.0003,0.00231,0.00549,0.79444
2833,2900992,64.14189,103.25,0.875,0.97,1.06197,-0.000626,0.218857,0.000397,0.782549,0.000732,0.446067,68.43232,4.935401,67.06411,9.020184,4.0,1.5e-05,8,372,0.04039,0.0589,0.01,0.0,100,0.375,1.0,,,-0.01,0.01968,0.00047,0.0024,0.0067,0.53635
2834,2902016,74.56565,103.0,1.0,0.97,1.149095,-0.000457,0.006816,7.6e-05,0.321575,0.0,0.682657,68.520477,2.002644,68.393784,2.07276,4.0,1.5e-05,7,430,0.03293,0.04896,0.01,0.0,100,0.14286,1.0,,,-0.01,0.01914,0.00013,0.00347,0.00845,0.51843
2835,2903040,74.07166,101.66667,1.0,0.97,1.115191,-0.001225,0.014345,0.000773,0.282288,0.000419,0.770545,66.826714,3.14691,66.57431,3.664966,4.0,1.5e-05,9,425,0.03446,0.05109,0.01,0.0,100,0.22222,0.5,,,-0.01,0.01876,0.0004,0.00153,0.0046,0.67976
2836,2904064,58.44822,191.77778,0.77778,0.95,1.087877,-0.000291,0.014099,0.000233,0.236192,0.0,0.771448,66.783974,3.655906,66.751343,3.656539,4.0,1.5e-05,9,425,0.04378,0.06612,0.03,0.0,100,0.33333,1.0,,,-0.01,0.01949,0.00021,0.00291,0.00661,0.5215
2837,2905088,74.37931,98.0,1.0,0.95,1.016707,-0.000607,0.022888,0.000306,0.272137,3.5e-05,0.562065,67.463203,2.974219,67.299217,3.325505,4.0,1.5e-05,6,385,0.03639,0.05412,0.03,0.0,100,0.16667,0.0,,,-0.01,0.02067,-0.00039,0.00215,0.00897,0.47117
2838,2906112,73.00277,135.3,1.0,0.95,1.052233,-0.000716,0.021883,0.000525,0.229031,0.000663,0.435409,67.323441,3.15495,67.499741,2.88259,4.0,1.5e-05,10,387,0.04231,0.06153,0.03,0.0,100,0.2,1.0,,,-0.01,0.02026,0.00056,0.00289,0.00811,0.76911
2839,2907136,74.21801,98.08333,1.0,0.96,1.029058,-0.000827,0.007478,0.000747,0.31972,0.000174,0.64837,67.863548,2.106818,68.429878,2.072185,4.0,1.5e-05,12,417,0.03997,0.06171,0.03,0.0,100,0.08333,1.0,,,-0.01,0.01951,0.0004,0.00182,0.00991,0.88388
2840,2908160,74.46831,91.88889,1.0,0.97,0.904649,-0.000225,0.028448,0.000304,0.23081,0.0,0.577214,67.455437,3.356572,67.335175,3.777077,4.0,1.5e-05,9,456,0.03864,0.06512,0.02,0.0,100,0.22222,1.0,,,-0.01,0.02056,0.00108,0.0001,0.00591,0.70996
2841,2909184,73.45547,98.0,1.0,0.97,0.818142,-0.000249,0.032701,0.00013,0.179113,0.0,0.784964,66.495682,5.40331,66.630852,5.709566,4.0,1.5e-05,11,422,0.04666,0.07202,0.02,0.0,100,0.09091,1.0,,,-0.01,0.01836,0.00039,0.00059,0.00812,0.98532
2842,2910208,74.22614,93.44444,1.0,0.97,0.902727,-0.000363,0.018124,0.000218,0.180505,0.0,0.936477,65.346626,7.210956,65.403481,7.831039,4.0,1.5e-05,9,391,0.03915,0.05914,0.02,0.0,100,0.33333,1.0,,,-0.01,0.01944,0.0008,0.00168,0.00665,0.74606
2843,2911232,64.79031,137.25,0.875,0.96,0.924234,-0.000617,0.055298,0.000434,0.322958,0.0,0.896217,65.135994,9.453022,64.640526,10.622773,4.0,1.5e-05,8,389,0.04091,0.0592,0.03,0.0,100,0.375,1.0,,,-0.01,0.01839,0.00034,0.00035,0.00967,0.56849
2844,2912256,67.42404,94.08333,0.91667,0.96,1.020451,-0.000118,0.046384,0.000174,0.209311,0.0,0.707681,67.481117,3.951357,67.446869,5.798887,4.0,1.5e-05,12,449,0.03727,0.06113,0.03,0.0,100,0.41667,1.0,,,-0.01,0.01674,0.00039,0.00222,0.00606,0.85432
2845,2913280,74.0121,97.375,1.0,0.96,1.054198,-0.000883,0.010585,0.000287,0.270807,0.0,0.692677,67.4394,2.340944,67.602928,2.700378,4.0,1.5e-05,8,409,0.03406,0.05145,0.03,0.0,100,0.25,1.0,,,-0.01,0.01961,0.00044,0.0033,0.00757,0.59065
2846,2914304,74.10355,103.125,1.0,0.97,1.070636,-0.000383,0.013003,0.000186,0.220249,0.0,0.775508,67.249039,3.34284,67.324524,3.544305,4.0,1.5e-05,8,421,0.03979,0.062,0.02,0.0,100,0.25,1.0,,,-0.01,0.01742,0.00032,0.00257,0.00811,0.60058
2847,2915328,67.57829,127.36364,0.90909,0.97,1.050518,-0.000365,0.006633,0.000122,0.261369,0.0,0.751849,67.969498,2.256058,68.36277,2.345009,4.0,1.5e-05,11,389,0.04435,0.06344,0.02,0.0,100,0.45455,0.0,,,-0.01,0.01809,0.00057,0.00243,0.01091,0.74245
2848,2916352,74.18896,100.0,1.0,0.97,0.91711,-0.000228,0.045481,3.1e-05,0.276681,0.0,0.177887,67.721321,3.663486,67.520882,3.445564,4.0,1.5e-05,10,391,0.04316,0.06873,0.02,0.0,100,0.4,0.0,,,-0.01,0.0211,0.00079,0.00221,0.00375,0.82161
2849,2917376,73.27214,104.6,1.0,0.97,0.908388,-0.000499,0.047861,0.000322,0.220613,0.000174,0.356112,67.072456,4.464423,67.244827,4.065415,4.0,1.5e-05,10,451,0.04389,0.07038,0.02,0.0,100,0.6,0.33333,,,-0.01,0.0178,0.00066,0.00072,0.00644,0.81826
2850,2918400,73.70201,101.09091,1.0,0.97,1.027442,-0.000232,0.009251,0.000126,0.199781,0.0,0.525939,68.341103,2.080252,68.525085,2.056246,4.0,1.5e-05,11,409,0.03964,0.06189,0.02,0.0,100,0.27273,1.0,,,-0.01,0.01989,0.00048,0.002,0.00666,0.83921
2851,2919424,65.80039,106.0,0.9,0.96,0.964977,-6.7e-05,0.141552,4.8e-05,0.251495,0.0,0.279072,68.355095,2.801299,67.923668,6.460483,4.0,1.5e-05,10,481,0.0411,0.06498,0.02,0.0,100,0.4,0.5,,,-0.01,0.01911,0.00078,0.00228,0.00464,0.73233
2852,2920448,73.39333,102.5,1.0,0.96,1.0522,-0.000358,0.007573,0.000121,0.270449,0.0,0.681079,67.864822,1.978913,68.04953,2.179304,4.0,1.5e-05,10,265,0.04617,0.06791,0.02,0.0,100,0.2,1.0,,,-0.01,0.01756,0.00086,-0.00027,0.00869,0.75533
2853,2921472,73.84839,106.875,1.0,0.96,1.020648,-0.000296,0.013851,2e-05,0.209385,0.0,0.392409,67.792046,2.259148,67.860313,2.20427,4.0,1.5e-05,8,418,0.0388,0.05897,0.02,0.0,100,0.25,1.0,,,-0.01,0.01933,0.00038,0.00207,0.00483,0.61938
2854,2922496,66.55516,107.36364,0.90909,0.97,1.077344,-0.000586,0.2196,0.000203,0.545048,3.5e-05,0.273344,68.230881,2.595677,67.176407,7.958229,4.0,1.5e-05,11,453,0.04457,0.0687,0.01,0.0,100,0.36364,1.0,,,-0.01,0.01915,6e-05,0.00039,0.00964,0.74139
2855,2923520,73.9031,102.90909,1.0,0.97,1.05355,-0.000397,0.009967,0.000145,0.380286,0.0,0.646595,67.272972,2.143196,67.657631,2.279687,4.0,1.5e-05,11,443,0.04661,0.06741,0.01,0.0,100,0.36364,1.0,,,-0.01,0.01797,0.00035,0.0017,0.00873,0.8413
2856,2924544,74.47342,99.77778,1.0,0.97,1.069662,-0.000374,0.007545,0.000112,0.240686,0.0,0.657678,67.287903,1.995067,67.675331,2.149773,4.0,1.5e-05,9,381,0.03988,0.06171,0.01,0.0,100,0.22222,0.0,,,-0.01,0.01994,0.0007,0.00244,0.00993,0.66085
2857,2925568,73.75812,105.125,1.0,0.98,1.024098,-0.000535,0.005295,0.000157,0.265956,0.0,0.719157,68.154274,1.955817,68.432922,1.9857,4.0,1.5e-05,8,336,0.0393,0.0582,0.0,0.0,100,0.5,1.0,,,-0.01,0.01954,0.00051,0.00285,0.01029,0.60389
2858,2926592,74.25871,96.75,1.0,0.98,1.077072,-0.000382,0.004935,0.000109,0.243539,0.0,0.753908,68.555244,1.961817,68.89119,2.040911,4.0,1.5e-05,12,437,0.04975,0.07426,0.0,0.0,100,0.5,1.0,,,-0.01,0.01768,0.00065,0.00216,0.00998,0.90045
2859,2927616,67.67078,97.16667,0.91667,0.97,1.003177,-0.000391,0.230732,0.000145,0.636093,0.0,0.2231,68.467979,2.569873,67.350998,7.850877,4.0,1.5e-05,12,464,0.0419,0.06749,0.0,0.0,100,0.41667,1.0,,,-0.01,0.02041,0.00048,0.00119,0.00476,0.82854
2860,2928640,73.5968,98.22222,1.0,0.97,1.023975,-0.000385,0.013136,0.000266,0.341551,0.0,0.550467,67.770866,2.238903,68.001404,2.398875,4.0,1.5e-05,9,390,0.03834,0.06068,0.0,0.0,100,0.22222,1.0,,,-0.01,0.01954,0.00021,0.00185,0.00737,0.68588
2861,2929664,73.50161,105.6,1.0,0.98,0.967068,-0.000932,0.011033,0.000617,0.259973,0.0,0.506002,67.869339,2.20345,68.197502,2.188955,4.0,1.5e-05,10,453,0.04845,0.07436,0.0,0.0,100,0.4,0.66667,,,-0.01,0.01825,0.00074,0.00111,0.00962,0.80985
2862,2930688,74.11472,95.9,1.0,0.98,1.044727,-0.000397,0.010725,0.000497,0.183808,0.0,0.51243,68.049858,2.254462,68.170853,2.170922,4.0,1.5e-05,10,346,0.03809,0.05743,0.0,0.0,100,0.5,1.0,,,-0.01,0.02031,0.00035,0.00185,0.00469,0.75787
2863,2931712,73.91091,107.5,1.0,0.98,1.105084,-0.000565,0.007484,0.00018,0.22493,0.0,0.641063,68.451607,2.047657,68.583328,2.107959,4.0,1.5e-05,10,308,0.03481,0.05316,0.0,0.0,100,0.1,1.0,,,-0.01,0.01882,3e-05,-0.00077,0.01099,0.72615
2864,2932736,73.61603,98.0,1.0,0.99,0.995939,-0.000175,0.005883,4.9e-05,0.218305,0.0,0.674731,68.681023,1.882017,68.894569,1.952088,4.0,1.5e-05,12,359,0.03762,0.05805,0.0,0.0,100,0.16667,1.0,,,-0.01,0.02075,0.0003,-0.00043,0.00803,0.93047
2865,2933760,65.69574,96.22222,0.88889,0.98,1.045787,-8.7e-05,0.21748,5.2e-05,0.640534,0.0,0.271621,68.7043,2.44877,67.558022,7.883223,4.0,1.5e-05,9,458,0.03683,0.0574,0.0,0.0,100,0.11111,1.0,,,-0.01,0.02109,0.00051,0.00152,0.00916,0.59572
2866,2934784,73.99439,102.91667,1.0,0.98,1.090937,-0.00028,0.008061,0.000212,0.331839,0.0,0.696288,68.207542,2.054225,68.380318,2.224593,4.0,1.5e-05,12,394,0.03773,0.05785,0.0,0.0,100,0.16667,0.5,,,-0.01,0.0192,0.00044,0.00225,0.00704,0.89443
2867,2935808,73.732,109.375,1.0,0.98,1.01223,-0.000449,0.007089,7.6e-05,0.229425,0.0,0.614573,67.821846,1.903387,67.959427,1.970862,4.0,1.5e-05,8,391,0.03557,0.05458,0.0,0.0,100,0.25,1.0,,,-0.01,0.02134,0.00014,0.00343,0.00564,0.62134
2868,2936832,74.02409,99.1,1.0,0.98,1.033719,-0.000311,0.00689,0.000205,0.229409,0.0,0.629634,68.250732,1.985171,68.549309,1.97205,4.0,1.5e-05,10,410,0.03915,0.05895,0.0,0.0,100,0.2,1.0,,,-0.01,0.01956,0.00037,0.00204,0.00871,0.75698
2869,2937856,74.17888,98.45455,1.0,0.99,1.039323,-0.000776,0.003928,0.000398,0.276732,0.0,0.7728,68.508919,1.798465,68.856895,1.886555,4.0,1.5e-05,11,470,0.03375,0.05239,0.0,0.0,100,0.27273,1.0,,,-0.01,0.01948,0.00044,0.00241,0.01107,0.81495
2870,2938880,65.91896,99.0,0.88889,0.98,1.056641,-8e-06,0.208907,0.000252,0.694994,0.0,0.321209,68.781441,2.678946,67.546135,8.031528,4.0,1.5e-05,9,411,0.0342,0.05461,0.0,0.0,100,0.11111,0.0,,,-0.01,0.02123,0.00056,0.00177,0.00735,0.59053
2871,2939904,73.5891,117.75,1.0,0.98,1.069503,-0.000491,0.009399,3e-05,0.325916,0.0,0.473898,68.326118,2.103826,68.480949,1.850511,4.0,1.5e-05,8,388,0.03448,0.04961,0.0,0.0,100,0.125,1.0,,,-0.01,0.01916,0.00017,0.00322,0.01119,0.60535
2872,2940928,74.21628,109.88889,1.0,0.98,1.063439,-0.000321,0.008686,5.7e-05,0.228115,0.0,0.58451,68.195389,2.137857,68.293968,2.103631,4.0,1.5e-05,9,369,0.03955,0.06039,0.0,0.0,100,0.22222,1.0,,,-0.01,0.01926,0.00031,0.00209,0.00728,0.69274
2873,2941952,58.24911,110.4,0.8,0.96,1.081006,-0.000176,0.431806,0.000104,1.646229,0.0,0.250807,67.737007,3.455959,65.083038,10.694257,4.0,1.5e-05,10,487,0.03566,0.05501,0.0,0.0,100,0.4,1.0,,,-0.01,0.0196,0.00037,0.00186,0.00348,0.60584
2874,2942976,74.11207,107.8,1.0,0.96,1.113225,-0.00028,0.008901,4.1e-05,0.450871,0.0,0.683748,67.151894,1.993148,67.525764,2.208724,4.0,1.5e-05,10,439,0.03829,0.05816,0.0,0.0,100,0.1,1.0,,,-0.01,0.01995,0.00053,0.0032,0.00873,0.729
2875,2944000,74.02849,108.4,1.0,0.97,1.095499,-0.001107,0.020471,0.000699,0.275926,0.00014,0.394095,66.892639,2.472134,67.165733,2.67605,4.0,1.5e-05,10,436,0.03338,0.05435,0.0,0.0,100,0.1,0.0,,,-0.01,0.02108,0.00055,0.0022,0.00607,0.74215
2876,2945024,58.73941,100.1,0.8,0.95,1.049988,4.1e-05,0.282297,0.000248,0.567365,0.0,0.436185,67.221657,4.227217,66.071434,10.30829,4.0,1.5e-05,10,379,0.03729,0.05924,0.0,0.0,100,0.4,1.0,,,-0.01,0.02009,0.00057,0.0033,0.00716,0.61409
2877,2946048,74.14205,103.5,1.0,0.95,1.10369,-0.000538,0.0083,3.9e-05,0.457358,0.0,0.76677,66.644058,2.024715,67.105164,2.456213,4.0,1.5e-05,10,386,0.04236,0.06405,0.0,0.0,100,0.3,0.66667,,,-0.01,0.01932,0.00021,0.00234,0.00952,0.73311
2878,2947072,74.04958,103.2,1.0,0.95,1.068859,-0.000591,0.015225,0.000285,0.292067,0.0,0.520774,66.609329,2.532732,67.181007,2.576788,4.0,1.5e-05,10,450,0.03827,0.05785,0.0,0.0,100,0.3,1.0,,,-0.01,0.01921,0.0004,0.0018,0.00866,0.74714
2879,2948096,73.3716,106.0,1.0,0.95,1.023508,-0.000442,0.029742,0.000248,0.232094,0.0,0.34642,67.24968,3.58329,67.626762,3.135682,4.0,1.5e-05,10,421,0.04311,0.06436,0.0,0.0,100,0.2,1.0,,,-0.01,0.0186,0.00052,-0.0002,0.0077,0.7691
2880,2949120,67.25687,94.81818,0.90909,0.95,1.039853,-0.000172,0.204698,0.000135,0.547295,0.0,0.408758,67.623177,3.754213,66.60714,8.48952,4.0,1.5e-05,11,417,0.04047,0.06299,0.0,0.0,100,0.18182,1.0,,,-0.01,0.01945,0.0005,0.00188,0.00804,0.74172
2881,2950144,74.12251,96.33333,1.0,0.95,1.014422,-0.0003,0.013429,0.000108,0.443911,0.0,0.535408,67.248047,2.236445,67.747688,2.302873,4.0,1.5e-05,9,405,0.03377,0.05494,0.0,0.0,100,0.33333,1.0,,,-0.01,0.02042,0.00037,0.00298,0.00819,0.68266
2882,2951168,73.82375,101.90909,1.0,0.95,0.962338,-0.000396,0.028293,6.8e-05,0.285201,0.0,0.251682,67.006676,3.218193,67.533188,2.859188,4.0,1.5e-05,11,417,0.04277,0.06696,0.0,0.0,100,0.54545,0.66667,,,-0.01,0.019,0.00033,0.0033,0.00908,0.86534
2883,2952192,74.1498,98.88889,1.0,0.97,1.035574,-0.000286,0.015507,4.8e-05,0.233496,0.0,0.578623,68.087341,2.943174,68.31189,2.813328,4.0,1.5e-05,9,410,0.03429,0.05173,0.0,0.0,100,0.22222,1.0,,,-0.01,0.01885,0.00022,0.00226,0.00682,0.68309
2884,2953216,67.34176,99.33333,0.91667,0.96,1.041125,-0.000558,0.2133,0.000313,0.622033,0.0,0.374904,67.903587,3.490659,66.755264,8.400142,4.0,1.5e-05,12,418,0.04255,0.06929,0.0,0.0,100,0.25,1.0,,,-0.01,0.01843,0.00039,-0.00113,0.00691,0.8171
2885,2954240,66.19006,92.0,0.9,0.96,0.948351,-0.000159,0.208872,0.000256,0.484367,0.0,0.409369,66.909943,3.926468,65.637291,8.625449,4.0,1.5e-05,10,443,0.03964,0.06449,0.0,0.0,100,0.4,1.0,,,-0.01,0.01927,5e-05,0.00197,0.00316,0.71409
2886,2955264,73.32819,101.45455,1.0,0.97,0.981668,-0.000456,0.024365,6.7e-05,0.655464,0.0,0.516762,65.554771,3.292333,66.542519,2.986825,4.0,1.5e-05,11,485,0.03972,0.06234,0.0,0.0,100,0.27273,1.0,,,-0.01,0.01785,0.00041,0.00153,0.00997,0.87744
2887,2956288,74.0333,97.6,1.0,0.97,1.074759,-0.00043,0.013114,0.000254,0.280497,0.0,0.613158,67.051041,2.700914,67.631485,2.691285,4.0,1.5e-05,10,337,0.04009,0.05984,0.0,0.0,100,0.2,0.0,,,-0.01,0.01755,0.00079,0.00104,0.01144,0.75546
2888,2957312,73.65005,104.6,1.0,0.97,1.032231,-0.000531,0.019024,0.000304,0.237607,0.0,0.533839,67.168419,3.044311,67.538094,2.958871,4.0,1.5e-05,10,427,0.04196,0.0653,0.0,0.0,100,0.3,1.0,,,-0.01,0.01609,0.00029,0.00043,0.00846,0.74367
2889,2958336,74.08267,100.09091,1.0,0.97,1.009842,-0.00089,0.004628,0.000357,0.287696,0.0,0.80836,68.125214,2.193099,68.513504,2.221625,4.0,1.5e-05,11,438,0.04323,0.06315,0.0,0.0,100,0.09091,1.0,,,-0.01,0.01843,0.00042,0.00253,0.0105,0.81866
2890,2959360,74.14983,91.55556,1.0,0.98,0.977671,-0.000741,0.013364,0.000112,0.300564,7e-05,0.588004,68.325073,2.590413,68.732292,2.603521,4.0,1.5e-05,9,291,0.0404,0.06382,0.0,0.0,100,0.33333,0.0,,,-0.01,0.01785,0.00013,0.00062,0.01258,0.68448
2891,2960384,74.00697,96.38462,1.0,0.98,0.980915,-0.000321,0.048014,0.000192,0.295168,0.0,0.423202,68.689995,3.527384,68.443718,4.168795,4.0,1.5e-05,13,368,0.04011,0.0647,0.0,0.0,100,0.23077,1.0,,,-0.01,0.01819,0.00031,0.00163,0.00554,1.00953
2892,2961408,73.13484,99.5,1.0,0.98,1.002289,-0.000329,0.020527,0.000273,0.193345,0.000174,0.12475,68.397896,2.809721,68.569138,2.231946,4.0,1.5e-05,10,99,0.04658,0.07085,0.0,0.0,100,0.4,1.0,,,-0.01,0.01721,-4e-05,-0.00046,0.00816,0.75582
2893,2962432,73.80942,104.125,1.0,0.98,1.017573,-0.000561,0.018011,0.000392,0.214475,0.000732,0.328944,68.846603,2.561806,68.855202,2.400362,4.0,1.5e-05,8,233,0.03602,0.05366,0.0,0.0,100,0.125,1.0,,,-0.01,0.01748,0.0008,0.00285,0.00907,0.6021
2894,2963456,73.57154,102.2,1.0,0.99,1.003396,-0.000392,0.009425,0.000289,0.195507,0.0,0.678953,69.018654,2.509909,69.040237,2.510205,4.0,1.5e-05,10,438,0.04599,0.07195,0.0,0.0,100,0.1,1.0,,,-0.01,0.01729,0.0002,-0.0008,0.00873,0.78829
2895,2964480,73.60098,101.58333,1.0,1.0,1.024804,-0.000349,0.008359,0.000106,0.232507,0.0,0.609051,68.825188,2.394272,69.047363,2.134467,4.0,1.5e-05,12,478,0.0418,0.06488,0.0,0.0,100,0.41667,1.0,,,-0.01,0.01742,0.00074,0.00118,0.00924,0.90638
2896,2965504,73.91246,97.8,1.0,1.0,0.9921,-0.000531,0.005096,0.000124,0.223032,0.0,0.669534,69.294937,1.887064,69.438583,1.814366,4.0,1.5e-05,10,448,0.04718,0.0677,0.0,0.0,100,0.3,1.0,,,-0.01,0.01963,0.00036,0.00141,0.01087,0.7563
2897,2966528,73.8607,98.9,1.0,1.0,1.058773,-0.000925,0.006794,0.000627,0.246829,7e-05,0.536734,69.779419,2.107294,69.651978,1.763487,4.0,1.5e-05,10,431,0.04873,0.0705,0.0,0.0,100,0.3,1.0,,,-0.01,0.01629,0.0005,0.00205,0.00614,0.76858
2898,2967552,73.80484,104.0,1.0,1.0,0.961014,-0.001094,0.014362,0.001002,0.224136,0.000767,0.465092,69.263443,2.146729,69.178818,2.37678,4.0,1.5e-05,10,377,0.03935,0.06064,0.0,0.0,100,0.3,0.66667,,,-0.01,0.01944,0.00076,0.00225,0.00654,0.77694
2899,2968576,59.79673,95.45455,0.81818,0.98,0.948439,-0.000283,0.445426,0.000433,1.634504,0.0,0.269242,68.752159,3.589411,66.110504,10.969183,4.0,1.5e-05,11,440,0.04196,0.07035,0.0,0.0,100,0.54545,1.0,,,-0.01,0.01986,0.00057,0.00253,0.00359,0.71207
2900,2969600,74.27645,95.09091,1.0,0.98,1.016159,-0.000283,0.006881,2.2e-05,0.456847,0.0,0.711214,68.388847,1.858353,68.822952,1.940553,4.0,1.5e-05,11,440,0.03455,0.05286,0.0,0.0,100,0.18182,0.0,,,-0.01,0.01987,0.0006,0.00235,0.01079,0.82128
2901,2970624,74.10945,94.6,1.0,0.98,1.026692,-0.000565,0.004208,0.000213,0.25405,3.5e-05,0.761711,68.541466,1.808269,68.927284,1.898695,4.0,1.5e-05,10,444,0.03497,0.05548,0.0,0.0,100,0.2,1.0,,,-0.01,0.0202,0.00056,0.00269,0.01022,0.74624
2902,2971648,74.33056,100.5,1.0,0.98,1.073094,-0.000604,0.005366,0.000144,0.258318,0.0,0.639443,69.250504,1.807563,69.271622,1.771896,4.0,1.5e-05,10,442,0.03915,0.0602,0.0,0.0,100,0.1,0.5,,,-0.01,0.01863,0.0006,0.00195,0.00812,0.74235
2903,2972672,73.932,102.0,1.0,0.98,1.051503,-0.000507,0.007697,0.000174,0.271115,0.0,0.651816,69.3591,1.94869,69.311699,2.150757,4.0,1.5e-05,10,392,0.0372,0.05907,0.0,0.0,100,0.2,0.0,,,-0.01,0.02006,0.00062,0.00254,0.00787,0.74989
2904,2973696,67.76649,94.58333,0.91667,0.97,0.989879,-0.000973,0.110947,0.000531,0.290538,3.5e-05,0.483945,68.811089,3.271967,68.475548,6.712801,4.0,1.5e-05,12,411,0.03932,0.0669,0.0,0.0,100,0.41667,1.0,,,-0.01,0.01993,0.00077,0.0015,0.00549,0.8449
2905,2974720,74.03444,94.7,1.0,0.97,0.951115,0.000135,0.018402,0.0002,0.261324,0.0,0.191564,68.676102,2.580498,69.062294,2.142432,4.0,1.5e-05,10,462,0.03559,0.05698,0.0,0.0,100,0.2,0.0,,,-0.01,0.02186,0.00056,0.00241,0.00975,0.77254
2906,2975744,74.22334,92.5,1.0,0.97,1.004653,-0.000749,0.004151,0.000311,0.246676,0.0,0.755379,69.12265,1.826588,69.259491,1.890442,4.0,1.5e-05,10,462,0.04115,0.06105,0.0,0.0,100,0.1,1.0,,,-0.01,0.01954,0.0007,0.00048,0.00818,0.75747
2907,2976768,73.81744,101.25,1.0,0.97,1.005247,-0.001079,0.005446,0.001101,0.253676,0.000767,0.63375,69.285286,1.853658,69.406921,1.767114,4.0,1.5e-05,12,434,0.03691,0.05837,0.0,0.0,100,0.33333,0.5,,,-0.01,0.01952,0.00047,0.00154,0.00906,0.90788
2908,2977792,67.32152,91.81818,0.90909,0.96,1.00593,-0.000207,0.215325,0.000242,0.71117,0.0,0.359098,69.262383,3.289749,68.008827,8.3046,4.0,1.5e-05,11,400,0.04063,0.0584,0.0,0.0,100,0.09091,0.0,,,-0.01,0.02068,0.00087,0.00028,0.00939,0.73473
2909,2978816,67.48589,89.81818,0.90909,0.97,0.987599,-0.000247,0.220109,9.1e-05,0.405587,0.0,0.237726,68.586716,2.220871,67.594986,7.806306,4.0,1.5e-05,11,388,0.0357,0.0571,0.0,0.0,100,0.18182,1.0,,,-0.01,0.02065,0.00047,0.00167,0.00872,0.74517
2910,2979840,74.38525,93.33333,1.0,0.97,1.017564,-0.0003,0.006212,2.5e-05,0.470309,0.0,0.791333,67.614326,1.89679,68.257942,2.099438,4.0,1.5e-05,12,451,0.03812,0.05784,0.0,0.0,100,0.08333,0.0,,,-0.01,0.02178,0.0003,0.00285,0.01085,0.88685
2911,2980864,74.66468,88.08333,1.0,0.97,0.993352,-0.000163,0.032421,9.3e-05,0.215135,0.0,0.353096,67.708107,2.619615,68.050552,3.231888,4.0,1.5e-05,12,445,0.03859,0.05781,0.0,0.0,100,0.16667,1.0,,,-0.01,0.02222,0.00012,0.00209,0.01045,0.89317
2912,2981888,66.99459,88.5,0.9,0.96,1.015431,-1.1e-05,0.088896,7.1e-05,0.146181,0.0,0.454854,68.230782,2.41522,68.258408,5.85736,4.0,1.5e-05,10,445,0.04213,0.06584,0.0,0.0,100,0.2,0.0,,,-0.01,0.022,0.00098,0.00205,0.00936,0.66979
2913,2982912,74.2822,93.0,1.0,0.97,1.007475,-0.000183,0.013778,7.5e-05,0.255952,0.0,0.39103,68.307251,2.423336,68.74218,2.123425,4.0,1.5e-05,10,446,0.036,0.05775,0.0,0.0,100,0.0,0.0,,,-0.01,0.02248,0.0007,0.00223,0.0081,0.75911
2914,2983936,74.65734,94.25,1.0,0.97,1.065573,-0.000395,0.010812,5.8e-05,0.24453,0.0,0.63538,68.850716,1.976329,69.021103,2.483627,4.0,1.5e-05,12,366,0.04075,0.06112,0.0,0.0,100,0.08333,1.0,,,-0.01,0.02081,0.00028,0.00077,0.01145,0.87083
2915,2984960,74.21201,94.36364,1.0,0.97,1.00482,-0.000773,0.029747,0.000425,0.219632,0.000942,0.333972,68.560402,3.566061,68.650002,3.082064,4.0,1.5e-05,11,412,0.03688,0.05918,0.0,0.0,100,0.18182,1.0,,,-0.01,0.02187,0.00065,0.00278,0.00792,0.8273
2916,2985984,74.07686,97.7,1.0,0.97,1.018043,-7.9e-05,0.004604,0.000251,0.239433,0.0,0.689201,69.011299,1.789553,69.265175,1.758023,4.0,1.5e-05,10,420,0.05094,0.0737,0.0,0.0,100,0.2,0.0,,,-0.01,0.02091,0.0006,0.00254,0.0102,0.76112
2917,2987008,64.593,103.125,0.875,0.96,1.14317,-0.000557,0.222787,0.000271,0.946672,0.0,0.296191,69.727104,2.429409,68.185654,7.98465,4.0,1.5e-05,8,491,0.03327,0.0513,0.0,0.0,100,0.25,1.0,,,-0.01,0.01997,0.00088,0.00242,0.00525,0.51383
2918,2988032,73.79512,112.625,1.0,0.97,1.119812,-0.000767,0.010864,0.000734,0.287678,0.0,0.477977,68.856529,2.068078,68.693863,2.033135,4.0,1.5e-05,8,411,0.03385,0.05136,0.0,0.0,100,0.0,0.0,,,-0.01,0.02074,0.00078,0.0032,0.00673,0.59046
2919,2989056,66.90057,118.81818,0.90909,0.97,1.047172,-0.000522,0.203416,0.000302,0.55544,0.0,0.446484,67.462105,4.104254,66.42704,8.718849,4.0,1.5e-05,11,391,0.03968,0.06205,0.0,0.0,100,0.36364,0.0,,,-0.01,0.0194,2e-05,0.00374,0.00924,0.74239
2920,2990080,68.01567,93.53846,0.92308,0.96,1.040835,-0.000515,0.216543,0.000243,0.378523,0.0,0.338661,66.710831,3.541432,65.946617,8.290915,4.0,1.5e-05,13,406,0.05218,0.07917,0.0,0.0,100,0.23077,0.66667,,,-0.01,0.01835,0.00083,0.0004,0.00231,0.91808
2921,2991104,73.83792,106.125,1.0,0.97,1.064995,-0.000394,0.012587,0.00012,0.374717,0.0,0.579192,66.093208,2.167209,66.615776,2.398613,4.0,1.5e-05,8,477,0.03868,0.06106,0.0,0.0,100,0.625,1.0,,,-0.01,0.02079,0.00068,0.00229,0.0088,0.59646
2922,2992128,74.21548,101.66667,1.0,0.97,1.053789,-0.000358,0.01501,0.000116,0.273982,0.0,0.5847,66.537766,2.460102,67.022324,2.753023,4.0,1.5e-05,9,476,0.04009,0.06118,0.0,0.0,100,0.55556,0.0,,,-0.01,0.01761,0.00099,0.00183,0.01123,0.67864
2923,2993152,73.94147,105.3,1.0,0.97,1.02987,-0.000474,0.010017,0.000114,0.236221,0.0,0.702492,67.084297,2.472298,67.282928,2.67272,4.0,1.5e-05,10,430,0.03799,0.0587,0.0,0.0,100,0.1,0.75,,,-0.01,0.01888,0.00042,0.00242,0.00792,0.7836
2924,2994176,73.68427,107.72727,1.0,0.97,0.998285,-0.000887,0.050367,0.000511,0.274902,0.0,0.614431,66.585228,4.559637,66.439041,5.224922,4.0,1.5e-05,11,393,0.03995,0.06525,0.0,0.0,100,0.09091,0.25,,,-0.01,0.01832,0.00096,0.00127,0.0054,0.85289
2925,2995200,73.91125,101.14286,1.0,0.97,0.926236,-0.000182,0.034898,0.000203,0.214016,0.0,0.800206,65.427177,6.008669,65.584946,6.120582,4.0,1.5e-05,7,440,0.03403,0.05156,0.0,0.0,100,0.14286,1.0,,,-0.01,0.01744,0.00052,0.00284,0.00979,0.60054
2926,2996224,64.35,97.875,0.875,0.96,0.910908,-0.000864,0.203824,0.000239,0.791712,0.0,0.685916,63.762329,8.487597,62.231861,11.475079,4.0,1.5e-05,8,397,0.03489,0.0531,0.0,0.0,100,0.25,0.0,,,-0.01,0.01843,0.00025,0.0012,0.00254,0.60445
2927,2997248,63.74896,147.71429,0.85714,0.95,1.005177,-0.001316,0.013664,0.000987,0.427255,0.002058,0.972593,62.729649,9.540728,62.763813,10.25569,4.0,1.5e-05,7,347,0.03339,0.04828,0.01,0.0,100,0.14286,0.0,,,-0.01,0.01764,0.00033,0.00142,0.01091,0.47501
2928,2998272,58.00137,118.5,0.78571,0.93,0.972098,-0.000758,0.37057,0.000698,0.982753,0.0,0.439446,64.851532,5.591434,63.216526,11.661139,4.0,1.5e-05,14,379,0.04244,0.06852,0.02,0.0,100,0.42857,0.0,,,-0.01,0.01845,0.00051,0.00317,0.00512,0.8544
2929,2999296,73.91553,98.0,1.0,0.93,0.90019,-1.5e-05,0.039392,0.000214,0.817762,0.0,0.665829,64.263069,4.577847,65.326546,4.477894,4.0,1.5e-05,9,319,0.02671,0.04224,0.02,0.0,100,0.33333,1.0,,,-0.01,0.02059,3e-05,0.00352,0.00829,0.70576
2930,3000320,74.37737,91.90909,1.0,0.95,1.022946,-0.000716,0.031252,0.000164,0.304251,0.0,0.595441,65.916733,3.099299,66.603767,3.980546,4.0,1.5e-05,11,328,0.04024,0.05992,0.02,0.0,100,0.18182,1.0,,,-0.01,0.01627,0.00079,0.00051,0.01374,0.81206
